1	0.7404251098632812	0.08485722541809082	electrumx.electricnewyear.net
2016	0.2675642967224121	0.08527851104736328	electrumx.electricnewyear.net
4032	0.24208593368530273	0.0850977897644043	electrumx.electricnewyear.net
6048	0.23564910888671875	0.08679342269897461	electrumx.electricnewyear.net
8064	0.23286819458007812	0.08396291732788086	electrumx.electricnewyear.net
10080	0.23158836364746094	0.08584117889404297	electrumx.electricnewyear.net
12096	0.2320234775543213	0.08820271492004395	electrumx.electricnewyear.net
14112	0.23128581047058105	0.08624649047851562	electrumx.electricnewyear.net
16128	0.2321453094482422	0.0848696231842041	electrumx.electricnewyear.net
18144	0.2323777675628662	0.0891110897064209	electrumx.electricnewyear.net
20160	0.23174142837524414	0.08608579635620117	electrumx.electricnewyear.net
22176	0.2323155403137207	0.08678722381591797	electrumx.electricnewyear.net
24192	0.23296833038330078	0.08478736877441406	electrumx.electricnewyear.net
26208	0.23120617866516113	0.08942031860351562	electrumx.electricnewyear.net
28224	0.23261499404907227	0.08511638641357422	electrumx.electricnewyear.net
30240	0.231766939163208	0.08225512504577637	electrumx.electricnewyear.net
32256	0.23201680183410645	0.0858466625213623	electrumx.electricnewyear.net
34272	0.23084545135498047	0.08548808097839355	electrumx.electricnewyear.net
36288	0.23181390762329102	0.0852060317993164	electrumx.electricnewyear.net
38304	0.23261356353759766	0.08496928215026855	electrumx.electricnewyear.net
40320	0.2318897247314453	0.08581113815307617	electrumx.electricnewyear.net
42336	0.23343896865844727	0.0856332778930664	electrumx.electricnewyear.net
44352	0.2316429615020752	0.08466577529907227	electrumx.electricnewyear.net
46368	0.23221874237060547	0.08568501472473145	electrumx.electricnewyear.net
48384	0.23149442672729492	0.0909888744354248	electrumx.electricnewyear.net
50400	0.23187661170959473	0.17059063911437988	electrumx.electricnewyear.net
52416	0.23342275619506836	0.17064118385314941	electrumx.electricnewyear.net
54432	0.2328176498413086	0.08707070350646973	electrumx.electricnewyear.net
56448	0.23270583152770996	0.08585691452026367	electrumx.electricnewyear.net
58464	0.23335766792297363	0.08730435371398926	electrumx.electricnewyear.net
60480	0.231827974319458	0.0871434211730957	electrumx.electricnewyear.net
62496	0.23140859603881836	0.08616018295288086	electrumx.electricnewyear.net
64512	0.23129725456237793	0.08546090126037598	electrumx.electricnewyear.net
66528	0.23204398155212402	0.08545613288879395	electrumx.electricnewyear.net
68544	0.2314903736114502	0.08606195449829102	electrumx.electricnewyear.net
70560	0.23169827461242676	0.0862579345703125	electrumx.electricnewyear.net
72576	0.2321326732635498	0.08778500556945801	electrumx.electricnewyear.net
74592	0.23386454582214355	0.08760476112365723	electrumx.electricnewyear.net
76608	0.2315993309020996	0.08663702011108398	electrumx.electricnewyear.net
78624	0.2312183380126953	0.08668708801269531	electrumx.electricnewyear.net
80640	0.23470377922058105	0.08595991134643555	electrumx.electricnewyear.net
82656	0.23143601417541504	0.08649277687072754	electrumx.electricnewyear.net
84672	0.2315528392791748	0.09690237045288086	electrumx.electricnewyear.net
86688	0.23213768005371094	0.08625602722167969	electrumx.electricnewyear.net
88704	0.23154783248901367	0.08672094345092773	electrumx.electricnewyear.net
90720	0.23160266876220703	0.0862419605255127	electrumx.electricnewyear.net
92736	0.2315659523010254	0.0852816104888916	electrumx.electricnewyear.net
94752	0.23146796226501465	0.08670401573181152	electrumx.electricnewyear.net
96768	0.23134398460388184	0.08704042434692383	electrumx.electricnewyear.net
98784	0.23155927658081055	0.08643531799316406	electrumx.electricnewyear.net
100800	0.2315964698791504	0.08665037155151367	electrumx.electricnewyear.net
102816	0.23126220703125	0.08673739433288574	electrumx.electricnewyear.net
104832	0.23111367225646973	0.08595037460327148	electrumx.electricnewyear.net
106848	0.2311244010925293	0.08649969100952148	electrumx.electricnewyear.net
108864	0.23113393783569336	0.08613419532775879	electrumx.electricnewyear.net
110880	0.23107314109802246	0.08593368530273438	electrumx.electricnewyear.net
112896	0.23085284233093262	0.08712553977966309	electrumx.electricnewyear.net
114912	0.23110675811767578	0.0880582332611084	electrumx.electricnewyear.net
116928	0.23076152801513672	0.08793950080871582	electrumx.electricnewyear.net
118944	0.23168230056762695	0.08776259422302246	electrumx.electricnewyear.net
120960	0.23227190971374512	0.08683252334594727	electrumx.electricnewyear.net
122976	0.2305140495300293	0.08635759353637695	electrumx.electricnewyear.net
124992	0.23103976249694824	0.08632373809814453	electrumx.electricnewyear.net
127008	0.2313687801361084	0.09278082847595215	electrumx.electricnewyear.net
129024	0.2310645580291748	0.08953166007995605	electrumx.electricnewyear.net
131040	0.2331070899963379	0.0868527889251709	electrumx.electricnewyear.net
133056	0.23117399215698242	0.08614897727966309	electrumx.electricnewyear.net
135072	0.23231053352355957	0.08752202987670898	electrumx.electricnewyear.net
137088	0.23167896270751953	0.08691239356994629	electrumx.electricnewyear.net
139104	0.2333054542541504	0.08758378028869629	electrumx.electricnewyear.net
141120	0.23190855979919434	0.08712172508239746	electrumx.electricnewyear.net
143136	0.23314356803894043	0.08724832534790039	electrumx.electricnewyear.net
145152	0.23195552825927734	0.08738589286804199	electrumx.electricnewyear.net
147168	0.23145437240600586	0.09433579444885254	electrumx.electricnewyear.net
149184	0.23116660118103027	0.0864570140838623	electrumx.electricnewyear.net
151200	0.23110198974609375	0.08701372146606445	electrumx.electricnewyear.net
153216	0.23171401023864746	0.08608269691467285	electrumx.electricnewyear.net
155232	0.2321164608001709	0.08736705780029297	electrumx.electricnewyear.net
157248	0.23114514350891113	0.08731889724731445	electrumx.electricnewyear.net
159264	0.23067688941955566	0.08732485771179199	electrumx.electricnewyear.net
161280	0.2310786247253418	0.08700156211853027	electrumx.electricnewyear.net
163296	0.2313523292541504	0.08710336685180664	electrumx.electricnewyear.net
165312	0.23156189918518066	0.08678960800170898	electrumx.electricnewyear.net
167328	0.23250102996826172	0.08652544021606445	electrumx.electricnewyear.net
169344	0.2311544418334961	0.08640670776367188	electrumx.electricnewyear.net
171360	0.2317802906036377	0.08699822425842285	electrumx.electricnewyear.net
173376	0.23143529891967773	0.08703064918518066	electrumx.electricnewyear.net
175392	0.23262453079223633	0.08658576011657715	electrumx.electricnewyear.net
177408	0.23795533180236816	0.08813190460205078	electrumx.electricnewyear.net
179424	0.23148751258850098	0.08750224113464355	electrumx.electricnewyear.net
181440	0.23146510124206543	0.08758735656738281	electrumx.electricnewyear.net
183456	0.23209500312805176	0.08874797821044922	electrumx.electricnewyear.net
185472	0.23209428787231445	0.08812713623046875	electrumx.electricnewyear.net
187488	0.2318410873413086	0.0877223014831543	electrumx.electricnewyear.net
189504	0.23370623588562012	0.08815455436706543	electrumx.electricnewyear.net
191520	0.2328338623046875	0.08785557746887207	electrumx.electricnewyear.net
193536	0.23128032684326172	0.08753013610839844	electrumx.electricnewyear.net
195552	0.2319326400756836	0.0875539779663086	electrumx.electricnewyear.net
197568	0.2315993309020996	0.08770895004272461	electrumx.electricnewyear.net
199584	0.2310335636138916	0.08747649192810059	electrumx.electricnewyear.net
201600	0.23115015029907227	0.08703041076660156	electrumx.electricnewyear.net
203616	0.23147916793823242	0.08660364151000977	electrumx.electricnewyear.net
205632	0.23119354248046875	0.08684086799621582	electrumx.electricnewyear.net
207648	0.2310471534729004	0.0863032341003418	electrumx.electricnewyear.net
209664	0.2319471836090088	0.08652782440185547	electrumx.electricnewyear.net
211680	0.2308356761932373	0.08649301528930664	electrumx.electricnewyear.net
213696	0.23215818405151367	0.08513760566711426	electrumx.electricnewyear.net
215712	0.2315819263458252	0.08673310279846191	electrumx.electricnewyear.net
217728	0.2315993309020996	0.08575081825256348	electrumx.electricnewyear.net
219744	0.23209881782531738	0.08517074584960938	electrumx.electricnewyear.net
221760	0.23329758644104004	0.0858755111694336	electrumx.electricnewyear.net
223776	0.23129892349243164	0.08705329895019531	electrumx.electricnewyear.net
225792	0.2323474884033203	0.0877382755279541	electrumx.electricnewyear.net
227808	0.23151111602783203	0.08725547790527344	electrumx.electricnewyear.net
229824	0.23148655891418457	0.08719992637634277	electrumx.electricnewyear.net
231840	0.2322084903717041	0.08724379539489746	electrumx.electricnewyear.net
233856	0.23275494575500488	0.08692741394042969	electrumx.electricnewyear.net
235872	0.23104453086853027	0.08757615089416504	electrumx.electricnewyear.net
237888	0.23153066635131836	0.08607077598571777	electrumx.electricnewyear.net
239904	0.2315807342529297	0.08629822731018066	electrumx.electricnewyear.net
241920	0.2309257984161377	0.08812665939331055	electrumx.electricnewyear.net
243936	0.2304518222808838	0.08790040016174316	electrumx.electricnewyear.net
245952	0.23183703422546387	0.08749938011169434	electrumx.electricnewyear.net
247968	0.2326192855834961	0.08723092079162598	electrumx.electricnewyear.net
249984	0.2312164306640625	0.08749866485595703	electrumx.electricnewyear.net
252000	0.23164820671081543	0.08629226684570312	electrumx.electricnewyear.net
254016	0.23063111305236816	0.08708739280700684	electrumx.electricnewyear.net
256032	0.23196673393249512	0.08709239959716797	electrumx.electricnewyear.net
258048	0.2310047149658203	0.08763408660888672	electrumx.electricnewyear.net
260064	0.23178887367248535	0.08703804016113281	electrumx.electricnewyear.net
262080	0.23275041580200195	0.08742356300354004	electrumx.electricnewyear.net
264096	0.2311108112335205	0.08731818199157715	electrumx.electricnewyear.net
266112	0.23294663429260254	0.08742380142211914	electrumx.electricnewyear.net
268128	0.23115253448486328	0.08766341209411621	electrumx.electricnewyear.net
270144	0.2327566146850586	0.08893775939941406	electrumx.electricnewyear.net
272160	0.23187923431396484	0.0870671272277832	electrumx.electricnewyear.net
274176	0.2314610481262207	0.08791613578796387	electrumx.electricnewyear.net
276192	0.23164105415344238	0.08815169334411621	electrumx.electricnewyear.net
278208	0.2312602996826172	0.08763718605041504	electrumx.electricnewyear.net
280224	0.23195862770080566	0.08810830116271973	electrumx.electricnewyear.net
282240	0.2312774658203125	0.08815908432006836	electrumx.electricnewyear.net
284256	0.23154950141906738	0.08859634399414062	electrumx.electricnewyear.net
286272	0.23150873184204102	0.08824634552001953	electrumx.electricnewyear.net
288288	0.23772192001342773	0.08810162544250488	electrumx.electricnewyear.net
290304	0.2312002182006836	0.0865623950958252	electrumx.electricnewyear.net
292320	0.23424291610717773	0.08758282661437988	electrumx.electricnewyear.net
294336	0.23177599906921387	0.08816885948181152	electrumx.electricnewyear.net
296352	0.23058485984802246	0.08819842338562012	electrumx.electricnewyear.net
298368	0.23215579986572266	0.08859562873840332	electrumx.electricnewyear.net
300384	0.23207712173461914	0.0875401496887207	electrumx.electricnewyear.net
302400	0.2327873706817627	0.0872490406036377	electrumx.electricnewyear.net
304416	0.2313370704650879	0.08722710609436035	electrumx.electricnewyear.net
306432	0.23105263710021973	0.08862590789794922	electrumx.electricnewyear.net
308448	0.23103070259094238	0.0882878303527832	electrumx.electricnewyear.net
310464	0.23119425773620605	0.08773517608642578	electrumx.electricnewyear.net
312480	0.23154592514038086	0.08828043937683105	electrumx.electricnewyear.net
314496	0.23163580894470215	0.08760285377502441	electrumx.electricnewyear.net
316512	0.2311716079711914	0.08778786659240723	electrumx.electricnewyear.net
318528	0.23154401779174805	0.08771419525146484	electrumx.electricnewyear.net
320544	0.2326505184173584	0.08751559257507324	electrumx.electricnewyear.net
322560	0.2323315143585205	0.08768701553344727	electrumx.electricnewyear.net
324576	0.23061633110046387	0.08823966979980469	electrumx.electricnewyear.net
326592	0.2315225601196289	0.08866715431213379	electrumx.electricnewyear.net
328608	0.2319655418395996	0.08851194381713867	electrumx.electricnewyear.net
330624	0.23192167282104492	0.08883833885192871	electrumx.electricnewyear.net
332640	0.2311108112335205	0.0883321762084961	electrumx.electricnewyear.net
334656	0.2310347557067871	0.08821511268615723	electrumx.electricnewyear.net
336672	0.23069071769714355	0.08794021606445312	electrumx.electricnewyear.net
338688	0.23097443580627441	0.08917832374572754	electrumx.electricnewyear.net
340704	0.23088908195495605	0.08851838111877441	electrumx.electricnewyear.net
342720	0.23190617561340332	0.08837676048278809	electrumx.electricnewyear.net
344736	0.2327556610107422	0.0877676010131836	electrumx.electricnewyear.net
346752	0.2313385009765625	0.08851981163024902	electrumx.electricnewyear.net
348768	0.23223352432250977	0.08812165260314941	electrumx.electricnewyear.net
350784	0.2315220832824707	0.08845663070678711	electrumx.electricnewyear.net
352800	0.2310495376586914	0.08836984634399414	electrumx.electricnewyear.net
354816	0.2308642864227295	0.08783817291259766	electrumx.electricnewyear.net
356832	0.23209810256958008	0.08842825889587402	electrumx.electricnewyear.net
358848	0.23161911964416504	0.0881049633026123	electrumx.electricnewyear.net
360864	0.2309424877166748	0.08712530136108398	electrumx.electricnewyear.net
362880	0.23152613639831543	0.08919429779052734	electrumx.electricnewyear.net
364896	0.23122525215148926	0.08835768699645996	electrumx.electricnewyear.net
366912	0.230973482131958	0.08903002738952637	electrumx.electricnewyear.net
368928	0.2317495346069336	0.08891105651855469	electrumx.electricnewyear.net
370944	0.23127174377441406	0.0899960994720459	electrumx.electricnewyear.net
372960	0.231339693069458	0.09178543090820312	electrumx.electricnewyear.net
374976	0.22040224075317383	0.08692502975463867	electrumx.electricnewyear.net
376992	0.22072291374206543	0.08813261985778809	electrumx.electricnewyear.net
379008	0.22139310836791992	0.08911943435668945	electrumx.electricnewyear.net
381024	0.21973347663879395	0.08820152282714844	electrumx.electricnewyear.net
383040	0.22060418128967285	0.08874678611755371	electrumx.electricnewyear.net
385056	0.22014617919921875	0.08822965621948242	electrumx.electricnewyear.net
387072	0.2196187973022461	0.08969998359680176	electrumx.electricnewyear.net
389088	0.21980500221252441	0.08903384208679199	electrumx.electricnewyear.net
391104	0.22075843811035156	0.08924245834350586	electrumx.electricnewyear.net
393120	0.22063088417053223	0.08884930610656738	electrumx.electricnewyear.net
395136	0.22085046768188477	0.08799505233764648	electrumx.electricnewyear.net
397152	0.22027850151062012	0.0889749526977539	electrumx.electricnewyear.net
399168	0.22092771530151367	0.08885812759399414	electrumx.electricnewyear.net
401184	0.22062277793884277	0.09142565727233887	electrumx.electricnewyear.net
403200	0.21985316276550293	0.08909463882446289	electrumx.electricnewyear.net
405216	0.22132587432861328	0.08830976486206055	electrumx.electricnewyear.net
407232	0.22125601768493652	0.08847856521606445	electrumx.electricnewyear.net
409248	0.22172093391418457	0.08904600143432617	electrumx.electricnewyear.net
411264	0.22020959854125977	0.08917641639709473	electrumx.electricnewyear.net
413280	0.22110223770141602	0.089599609375	electrumx.electricnewyear.net
415296	0.22059106826782227	0.08938169479370117	electrumx.electricnewyear.net
417312	0.22058486938476562	0.08904075622558594	electrumx.electricnewyear.net
419328	0.22105145454406738	0.08905792236328125	electrumx.electricnewyear.net
421344	0.22025704383850098	0.08971571922302246	electrumx.electricnewyear.net
423360	0.21987628936767578	0.08849835395812988	electrumx.electricnewyear.net
425376	0.22124218940734863	0.08937215805053711	electrumx.electricnewyear.net
427392	0.22216534614562988	0.08945345878601074	electrumx.electricnewyear.net
429408	0.2206268310546875	0.08946514129638672	electrumx.electricnewyear.net
431424	0.22127461433410645	0.08872246742248535	electrumx.electricnewyear.net
433440	0.2217271327972412	0.08801031112670898	electrumx.electricnewyear.net
435456	0.22058677673339844	0.08796000480651855	electrumx.electricnewyear.net
437472	0.22115182876586914	0.08844780921936035	electrumx.electricnewyear.net
439488	0.21982693672180176	0.08893132209777832	electrumx.electricnewyear.net
441504	0.22073912620544434	0.08794736862182617	electrumx.electricnewyear.net
443520	0.22017478942871094	0.08788299560546875	electrumx.electricnewyear.net
445536	0.22059369087219238	0.08815550804138184	electrumx.electricnewyear.net
447552	0.22065949440002441	0.08818387985229492	electrumx.electricnewyear.net
449568	0.2202601432800293	0.08876943588256836	electrumx.electricnewyear.net
451584	0.22016429901123047	0.0879671573638916	electrumx.electricnewyear.net
453600	0.22020554542541504	0.08806538581848145	electrumx.electricnewyear.net
455616	0.22211599349975586	0.08751511573791504	electrumx.electricnewyear.net
457632	0.22592663764953613	0.08765268325805664	electrumx.electricnewyear.net
459648	0.221358060836792	0.08738112449645996	electrumx.electricnewyear.net
461664	0.2196798324584961	0.08774924278259277	electrumx.electricnewyear.net
463680	0.2203369140625	0.08763337135314941	electrumx.electricnewyear.net
465696	0.2201228141784668	0.08731722831726074	electrumx.electricnewyear.net
467712	0.2202911376953125	0.08732247352600098	electrumx.electricnewyear.net
469728	0.21966266632080078	0.08858108520507812	electrumx.electricnewyear.net
471744	0.22035837173461914	0.08853411674499512	electrumx.electricnewyear.net
473760	0.2206435203552246	0.08862805366516113	electrumx.electricnewyear.net
475776	0.22068095207214355	0.08755683898925781	electrumx.electricnewyear.net
477792	0.22087931632995605	0.08900690078735352	electrumx.electricnewyear.net
479808	0.2204117774963379	0.08848786354064941	electrumx.electricnewyear.net
481824	0.22031307220458984	0.0885324478149414	electrumx.electricnewyear.net
483840	0.2201225757598877	0.0891416072845459	electrumx.electricnewyear.net
485856	0.22031378746032715	0.08963608741760254	electrumx.electricnewyear.net
487872	0.21974873542785645	0.0891263484954834	electrumx.electricnewyear.net
489888	0.22011399269104004	0.09010791778564453	electrumx.electricnewyear.net
491904	0.22033143043518066	0.08901071548461914	electrumx.electricnewyear.net
493920	0.2201247215270996	0.08976912498474121	electrumx.electricnewyear.net
495936	0.22094464302062988	0.08961915969848633	electrumx.electricnewyear.net
497952	0.21993637084960938	0.09108209609985352	electrumx.electricnewyear.net
499968	0.22042417526245117	0.08981871604919434	electrumx.electricnewyear.net
501984	0.22000408172607422	0.08918142318725586	electrumx.electricnewyear.net
504000	0.22039341926574707	0.08895039558410645	electrumx.electricnewyear.net
506016	0.22127842903137207	0.08949112892150879	electrumx.electricnewyear.net
508032	0.22070527076721191	0.09005236625671387	electrumx.electricnewyear.net
510048	0.2202167510986328	0.09091877937316895	electrumx.electricnewyear.net
512064	0.22128868103027344	0.08918046951293945	electrumx.electricnewyear.net
514080	0.22079086303710938	0.08946442604064941	electrumx.electricnewyear.net
516096	0.22034406661987305	0.08979463577270508	electrumx.electricnewyear.net
518112	0.2201850414276123	0.09102344512939453	electrumx.electricnewyear.net
520128	0.22028732299804688	0.08866357803344727	electrumx.electricnewyear.net
522144	0.21999502182006836	0.08910846710205078	electrumx.electricnewyear.net
524160	0.2201371192932129	0.08938026428222656	electrumx.electricnewyear.net
526176	0.22014737129211426	0.08943057060241699	electrumx.electricnewyear.net
528192	0.2211918830871582	0.08936452865600586	electrumx.electricnewyear.net
530208	0.22182774543762207	0.0886392593383789	electrumx.electricnewyear.net
532224	0.22002792358398438	0.09017610549926758	electrumx.electricnewyear.net
534240	0.22060418128967285	0.08919429779052734	electrumx.electricnewyear.net
536256	0.22066593170166016	0.08997035026550293	electrumx.electricnewyear.net
538272	0.2212529182434082	0.0893092155456543	electrumx.electricnewyear.net
540288	0.21991562843322754	0.0892643928527832	electrumx.electricnewyear.net
542304	0.22010254859924316	0.08958292007446289	electrumx.electricnewyear.net
544320	0.22016024589538574	0.09284806251525879	electrumx.electricnewyear.net
546336	0.22010064125061035	0.08923983573913574	electrumx.electricnewyear.net
548352	0.22051143646240234	0.08906054496765137	electrumx.electricnewyear.net
550368	0.22016668319702148	0.08963489532470703	electrumx.electricnewyear.net
552384	0.22076129913330078	0.0888373851776123	electrumx.electricnewyear.net
554400	0.22181248664855957	0.08815217018127441	electrumx.electricnewyear.net
556416	0.2212529182434082	0.08997607231140137	electrumx.electricnewyear.net
558432	0.21974992752075195	0.08864021301269531	electrumx.electricnewyear.net
560448	0.22046375274658203	0.09009385108947754	electrumx.electricnewyear.net
562464	0.21969985961914062	0.08808350563049316	electrumx.electricnewyear.net
564480	0.2198476791381836	0.08906269073486328	electrumx.electricnewyear.net
566496	0.22141218185424805	0.09371590614318848	electrumx.electricnewyear.net
568512	0.22015619277954102	0.08955907821655273	electrumx.electricnewyear.net
570528	0.22116613388061523	0.08976340293884277	electrumx.electricnewyear.net
572544	0.2209482192993164	0.08937573432922363	electrumx.electricnewyear.net
574560	0.22019433975219727	0.09026122093200684	electrumx.electricnewyear.net
576576	0.2206871509552002	0.08925294876098633	electrumx.electricnewyear.net
578592	0.2206406593322754	0.08694839477539062	electrumx.electricnewyear.net
580608	0.2202150821685791	0.08810138702392578	electrumx.electricnewyear.net
582624	0.22269201278686523	0.0887613296508789	electrumx.electricnewyear.net
584640	0.22158169746398926	0.0890798568725586	electrumx.electricnewyear.net
586656	0.22019052505493164	0.08841443061828613	electrumx.electricnewyear.net
588672	0.22078156471252441	0.08855986595153809	electrumx.electricnewyear.net
590688	0.22215700149536133	0.08770346641540527	electrumx.electricnewyear.net
592704	0.2201676368713379	0.08774185180664062	electrumx.electricnewyear.net
594720	0.22066640853881836	0.08831262588500977	electrumx.electricnewyear.net
596736	0.22059988975524902	0.08826231956481934	electrumx.electricnewyear.net
598752	0.22115540504455566	0.08889889717102051	electrumx.electricnewyear.net
600768	0.22034931182861328	0.08796906471252441	electrumx.electricnewyear.net
602784	0.22005891799926758	0.08842968940734863	electrumx.electricnewyear.net
604800	0.2197399139404297	0.08821344375610352	electrumx.electricnewyear.net
606816	0.22356629371643066	0.08845901489257812	electrumx.electricnewyear.net
608832	0.22046971321105957	0.08938241004943848	electrumx.electricnewyear.net
610848	0.22020363807678223	0.08944511413574219	electrumx.electricnewyear.net
612864	0.22014832496643066	0.0893411636352539	electrumx.electricnewyear.net
614880	0.22041606903076172	0.08941030502319336	electrumx.electricnewyear.net
616896	0.21984314918518066	0.08916878700256348	electrumx.electricnewyear.net
618912	0.22021961212158203	0.09029865264892578	electrumx.electricnewyear.net
620928	0.22037768363952637	0.0895085334777832	electrumx.electricnewyear.net
622944	0.2209916114807129	0.08908557891845703	electrumx.electricnewyear.net
624960	0.22007465362548828	0.08890628814697266	electrumx.electricnewyear.net
626976	0.2216947078704834	0.0885779857635498	electrumx.electricnewyear.net
628992	0.22066378593444824	0.0901803970336914	electrumx.electricnewyear.net
631008	0.22018885612487793	0.08796334266662598	electrumx.electricnewyear.net
633024	0.22089600563049316	0.09032368659973145	electrumx.electricnewyear.net
635040	0.22038626670837402	0.0883779525756836	electrumx.electricnewyear.net
637056	0.2200169563293457	0.08989381790161133	electrumx.electricnewyear.net
639072	0.220625638961792	0.0888214111328125	electrumx.electricnewyear.net
641088	0.22041773796081543	0.0892951488494873	electrumx.electricnewyear.net
643104	0.21973276138305664	0.08858275413513184	electrumx.electricnewyear.net
645120	0.2201981544494629	0.08828067779541016	electrumx.electricnewyear.net
647136	0.21984124183654785	0.08724713325500488	electrumx.electricnewyear.net
649152	0.2210369110107422	0.0873115062713623	electrumx.electricnewyear.net
651168	0.22005581855773926	0.08733987808227539	electrumx.electricnewyear.net
653184	0.2207796573638916	0.08784008026123047	electrumx.electricnewyear.net
655200	0.22023367881774902	0.0908658504486084	electrumx.electricnewyear.net
657216	0.19643592834472656	0.055867671966552734	electrumx.electricnewyear.net
