1	0.7914748191833496	0.08777832984924316	bitcoin.dragon.zone
2016	0.31448888778686523	0.08823966979980469	bitcoin.dragon.zone
4032	0.22097492218017578	0.08669877052307129	bitcoin.dragon.zone
6048	0.2191452980041504	0.08797788619995117	bitcoin.dragon.zone
8064	0.2197706699371338	0.08887982368469238	bitcoin.dragon.zone
10080	0.2192678451538086	0.08867955207824707	bitcoin.dragon.zone
12096	0.2190413475036621	0.08816075325012207	bitcoin.dragon.zone
14112	0.22015643119812012	0.08729004859924316	bitcoin.dragon.zone
16128	0.2189638614654541	0.08799242973327637	bitcoin.dragon.zone
18144	0.21897125244140625	0.088714599609375	bitcoin.dragon.zone
20160	0.21961426734924316	0.08850264549255371	bitcoin.dragon.zone
22176	0.21963238716125488	0.08824324607849121	bitcoin.dragon.zone
24192	0.2206878662109375	0.0877683162689209	bitcoin.dragon.zone
26208	0.21964359283447266	0.08716964721679688	bitcoin.dragon.zone
28224	0.21924090385437012	0.08824539184570312	bitcoin.dragon.zone
30240	0.2194352149963379	0.08821392059326172	bitcoin.dragon.zone
32256	0.21967673301696777	0.08838891983032227	bitcoin.dragon.zone
34272	0.21967411041259766	0.08886575698852539	bitcoin.dragon.zone
36288	0.2192552089691162	0.08731603622436523	bitcoin.dragon.zone
38304	0.2196652889251709	0.08889913558959961	bitcoin.dragon.zone
40320	0.2200460433959961	0.08824372291564941	bitcoin.dragon.zone
42336	0.21976208686828613	0.08758139610290527	bitcoin.dragon.zone
44352	0.21943140029907227	0.08796191215515137	bitcoin.dragon.zone
46368	0.21933865547180176	0.08677887916564941	bitcoin.dragon.zone
48384	0.21897268295288086	0.08701658248901367	bitcoin.dragon.zone
50400	0.21922993659973145	0.08751630783081055	bitcoin.dragon.zone
52416	0.2202606201171875	0.17573809623718262	bitcoin.dragon.zone
54432	0.21954846382141113	0.17822670936584473	bitcoin.dragon.zone
56448	0.22012543678283691	0.08771896362304688	bitcoin.dragon.zone
58464	0.2193441390991211	0.0877077579498291	bitcoin.dragon.zone
60480	0.21984291076660156	0.0883479118347168	bitcoin.dragon.zone
62496	0.22101902961730957	0.08756852149963379	bitcoin.dragon.zone
64512	0.21950292587280273	0.08844542503356934	bitcoin.dragon.zone
66528	0.2197873592376709	0.08874201774597168	bitcoin.dragon.zone
68544	0.22069597244262695	0.08802509307861328	bitcoin.dragon.zone
70560	0.21957683563232422	0.08908724784851074	bitcoin.dragon.zone
72576	0.22136902809143066	0.08860898017883301	bitcoin.dragon.zone
74592	0.21959710121154785	0.08894610404968262	bitcoin.dragon.zone
76608	0.2194666862487793	0.08861160278320312	bitcoin.dragon.zone
78624	0.22008347511291504	0.08842849731445312	bitcoin.dragon.zone
80640	0.22038745880126953	0.08774256706237793	bitcoin.dragon.zone
82656	0.22218775749206543	0.0880136489868164	bitcoin.dragon.zone
84672	0.21956825256347656	0.0868687629699707	bitcoin.dragon.zone
86688	0.21924805641174316	0.08896207809448242	bitcoin.dragon.zone
88704	0.21955394744873047	0.08711647987365723	bitcoin.dragon.zone
90720	0.2193746566772461	0.08863306045532227	bitcoin.dragon.zone
92736	0.22145557403564453	0.08738040924072266	bitcoin.dragon.zone
94752	0.21948838233947754	0.08796262741088867	bitcoin.dragon.zone
96768	0.2206263542175293	0.08781886100769043	bitcoin.dragon.zone
98784	0.21950769424438477	0.08714103698730469	bitcoin.dragon.zone
100800	0.22035574913024902	0.08711671829223633	bitcoin.dragon.zone
102816	0.222182035446167	0.08690166473388672	bitcoin.dragon.zone
104832	0.22210693359375	0.08651161193847656	bitcoin.dragon.zone
106848	0.2233448028564453	0.08738422393798828	bitcoin.dragon.zone
108864	0.2201976776123047	0.08683133125305176	bitcoin.dragon.zone
110880	0.21906423568725586	0.08679533004760742	bitcoin.dragon.zone
112896	0.21999001502990723	0.08862566947937012	bitcoin.dragon.zone
114912	0.21941471099853516	0.08756470680236816	bitcoin.dragon.zone
116928	0.21929097175598145	0.08855986595153809	bitcoin.dragon.zone
118944	0.2193598747253418	0.088226318359375	bitcoin.dragon.zone
120960	0.21955537796020508	0.08885550498962402	bitcoin.dragon.zone
122976	0.21996593475341797	0.08792734146118164	bitcoin.dragon.zone
124992	0.2195148468017578	0.08809900283813477	bitcoin.dragon.zone
127008	0.21994733810424805	0.08830595016479492	bitcoin.dragon.zone
129024	0.2194218635559082	0.08796882629394531	bitcoin.dragon.zone
131040	0.21973061561584473	0.08801674842834473	bitcoin.dragon.zone
133056	0.2200016975402832	0.0890357494354248	bitcoin.dragon.zone
135072	0.21904349327087402	0.0887300968170166	bitcoin.dragon.zone
137088	0.22158288955688477	0.08953475952148438	bitcoin.dragon.zone
139104	0.2215437889099121	0.08803963661193848	bitcoin.dragon.zone
141120	0.21992945671081543	0.08806777000427246	bitcoin.dragon.zone
143136	0.21930265426635742	0.08858251571655273	bitcoin.dragon.zone
145152	0.2189648151397705	0.08846426010131836	bitcoin.dragon.zone
147168	0.2197105884552002	0.08711838722229004	bitcoin.dragon.zone
149184	0.2195744514465332	0.08886599540710449	bitcoin.dragon.zone
151200	0.2201981544494629	0.08773970603942871	bitcoin.dragon.zone
153216	0.2197129726409912	0.08801960945129395	bitcoin.dragon.zone
155232	0.21958565711975098	0.08815765380859375	bitcoin.dragon.zone
157248	0.21963906288146973	0.08946776390075684	bitcoin.dragon.zone
159264	0.21953177452087402	0.08851146697998047	bitcoin.dragon.zone
161280	0.21977996826171875	0.09230184555053711	bitcoin.dragon.zone
163296	0.21981239318847656	0.08839011192321777	bitcoin.dragon.zone
165312	0.2197115421295166	0.08747601509094238	bitcoin.dragon.zone
167328	0.2197873592376709	0.0880441665649414	bitcoin.dragon.zone
169344	0.2211010456085205	0.08828139305114746	bitcoin.dragon.zone
171360	0.22146201133728027	0.08855223655700684	bitcoin.dragon.zone
173376	0.2228386402130127	0.08791923522949219	bitcoin.dragon.zone
175392	0.21964240074157715	0.08835053443908691	bitcoin.dragon.zone
177408	0.21948790550231934	0.08880448341369629	bitcoin.dragon.zone
179424	0.21938514709472656	0.08629584312438965	bitcoin.dragon.zone
181440	0.21924543380737305	0.08748435974121094	bitcoin.dragon.zone
183456	0.2196824550628662	0.08745884895324707	bitcoin.dragon.zone
185472	0.2199099063873291	0.08821797370910645	bitcoin.dragon.zone
187488	0.2198505401611328	0.08752632141113281	bitcoin.dragon.zone
189504	0.21912384033203125	0.08970999717712402	bitcoin.dragon.zone
191520	0.219635009765625	0.08940982818603516	bitcoin.dragon.zone
193536	0.21958589553833008	0.0887298583984375	bitcoin.dragon.zone
195552	0.21964812278747559	0.08842825889587402	bitcoin.dragon.zone
197568	0.21942782402038574	0.0878150463104248	bitcoin.dragon.zone
199584	0.22023248672485352	0.0886378288269043	bitcoin.dragon.zone
201600	0.21962308883666992	0.0885322093963623	bitcoin.dragon.zone
203616	0.22253680229187012	0.08777928352355957	bitcoin.dragon.zone
205632	0.22185516357421875	0.08858680725097656	bitcoin.dragon.zone
207648	0.2216641902923584	0.08846497535705566	bitcoin.dragon.zone
209664	0.22146272659301758	0.08777976036071777	bitcoin.dragon.zone
211680	0.2196645736694336	0.08719968795776367	bitcoin.dragon.zone
213696	0.2198789119720459	0.08822774887084961	bitcoin.dragon.zone
215712	0.21997499465942383	0.08880972862243652	bitcoin.dragon.zone
217728	0.21936249732971191	0.08812546730041504	bitcoin.dragon.zone
219744	0.2202315330505371	0.08825349807739258	bitcoin.dragon.zone
221760	0.21998906135559082	0.08905982971191406	bitcoin.dragon.zone
223776	0.2196180820465088	0.0883340835571289	bitcoin.dragon.zone
225792	0.2199695110321045	0.08852815628051758	bitcoin.dragon.zone
227808	0.21933817863464355	0.08928751945495605	bitcoin.dragon.zone
229824	0.2194375991821289	0.08864021301269531	bitcoin.dragon.zone
231840	0.2193465232849121	0.08820676803588867	bitcoin.dragon.zone
233856	0.21961450576782227	0.08803606033325195	bitcoin.dragon.zone
235872	0.21895813941955566	0.0885922908782959	bitcoin.dragon.zone
237888	0.21937894821166992	0.0883626937866211	bitcoin.dragon.zone
239904	0.22108221054077148	0.08828258514404297	bitcoin.dragon.zone
241920	0.21972036361694336	0.08852434158325195	bitcoin.dragon.zone
243936	0.21956205368041992	0.08943843841552734	bitcoin.dragon.zone
245952	0.2207355499267578	0.08887720108032227	bitcoin.dragon.zone
247968	0.22034049034118652	0.08958196640014648	bitcoin.dragon.zone
249984	0.21945762634277344	0.08847618103027344	bitcoin.dragon.zone
252000	0.2199249267578125	0.08850836753845215	bitcoin.dragon.zone
254016	0.21962380409240723	0.08897972106933594	bitcoin.dragon.zone
256032	0.21974587440490723	0.08853316307067871	bitcoin.dragon.zone
258048	0.22010183334350586	0.0878753662109375	bitcoin.dragon.zone
260064	0.21953177452087402	0.08849000930786133	bitcoin.dragon.zone
262080	0.21976232528686523	0.08918380737304688	bitcoin.dragon.zone
264096	0.2200179100036621	0.08779215812683105	bitcoin.dragon.zone
266112	0.2204732894897461	0.08705663681030273	bitcoin.dragon.zone
268128	0.2194967269897461	0.08831548690795898	bitcoin.dragon.zone
270144	0.21949982643127441	0.08778715133666992	bitcoin.dragon.zone
272160	0.22007250785827637	0.08728408813476562	bitcoin.dragon.zone
274176	0.21968412399291992	0.08752703666687012	bitcoin.dragon.zone
276192	0.21960926055908203	0.08766579627990723	bitcoin.dragon.zone
278208	0.2193613052368164	0.08891439437866211	bitcoin.dragon.zone
280224	0.21967101097106934	0.08803462982177734	bitcoin.dragon.zone
282240	0.2210524082183838	0.09207463264465332	bitcoin.dragon.zone
284256	0.22026896476745605	0.08788633346557617	bitcoin.dragon.zone
286272	0.22023463249206543	0.08807373046875	bitcoin.dragon.zone
288288	0.21961355209350586	0.08869123458862305	bitcoin.dragon.zone
290304	0.21964502334594727	0.08840274810791016	bitcoin.dragon.zone
292320	0.22002792358398438	0.08911991119384766	bitcoin.dragon.zone
294336	0.21944355964660645	0.0895547866821289	bitcoin.dragon.zone
296352	0.21945858001708984	0.08985137939453125	bitcoin.dragon.zone
298368	0.21960139274597168	0.08914804458618164	bitcoin.dragon.zone
300384	0.22018909454345703	0.08960795402526855	bitcoin.dragon.zone
302400	0.21969819068908691	0.08772873878479004	bitcoin.dragon.zone
304416	0.21950697898864746	0.08879637718200684	bitcoin.dragon.zone
306432	0.22011065483093262	0.08729910850524902	bitcoin.dragon.zone
308448	0.21953892707824707	0.08810877799987793	bitcoin.dragon.zone
310464	0.21982192993164062	0.08905816078186035	bitcoin.dragon.zone
312480	0.22009897232055664	0.08847379684448242	bitcoin.dragon.zone
314496	0.21960759162902832	0.08726119995117188	bitcoin.dragon.zone
316512	0.21968340873718262	0.08750200271606445	bitcoin.dragon.zone
318528	0.21980071067810059	0.08763861656188965	bitcoin.dragon.zone
320544	0.21946167945861816	0.08890366554260254	bitcoin.dragon.zone
322560	0.21958494186401367	0.08869028091430664	bitcoin.dragon.zone
324576	0.2205979824066162	0.08847737312316895	bitcoin.dragon.zone
326592	0.21932768821716309	0.08846092224121094	bitcoin.dragon.zone
328608	0.21990466117858887	0.0886240005493164	bitcoin.dragon.zone
330624	0.21957612037658691	0.0883791446685791	bitcoin.dragon.zone
332640	0.22020459175109863	0.08922171592712402	bitcoin.dragon.zone
334656	0.21969890594482422	0.0877220630645752	bitcoin.dragon.zone
336672	0.21932458877563477	0.0894157886505127	bitcoin.dragon.zone
338688	0.2197721004486084	0.08779263496398926	bitcoin.dragon.zone
340704	0.2193927764892578	0.08841705322265625	bitcoin.dragon.zone
342720	0.21941494941711426	0.08838129043579102	bitcoin.dragon.zone
344736	0.2199568748474121	0.08815455436706543	bitcoin.dragon.zone
346752	0.21947693824768066	0.08918046951293945	bitcoin.dragon.zone
348768	0.22010517120361328	0.08915019035339355	bitcoin.dragon.zone
350784	0.21956872940063477	0.08947873115539551	bitcoin.dragon.zone
352800	0.21911978721618652	0.0904533863067627	bitcoin.dragon.zone
354816	0.22016096115112305	0.09026980400085449	bitcoin.dragon.zone
356832	0.21916437149047852	0.08953857421875	bitcoin.dragon.zone
358848	0.21901583671569824	0.08937573432922363	bitcoin.dragon.zone
360864	0.2206108570098877	0.0889580249786377	bitcoin.dragon.zone
362880	0.2195882797241211	0.0897989273071289	bitcoin.dragon.zone
364896	0.22026681900024414	0.08995676040649414	bitcoin.dragon.zone
366912	0.21968364715576172	0.08961129188537598	bitcoin.dragon.zone
368928	0.21980619430541992	0.08892989158630371	bitcoin.dragon.zone
370944	0.22051239013671875	0.08954167366027832	bitcoin.dragon.zone
372960	0.2199556827545166	0.08951687812805176	bitcoin.dragon.zone
374976	0.22069048881530762	0.08942747116088867	bitcoin.dragon.zone
376992	0.21907877922058105	0.08962416648864746	bitcoin.dragon.zone
379008	0.21887493133544922	0.08947992324829102	bitcoin.dragon.zone
381024	0.2196521759033203	0.08919286727905273	bitcoin.dragon.zone
383040	0.21986818313598633	0.08947587013244629	bitcoin.dragon.zone
385056	0.2201557159423828	0.08963608741760254	bitcoin.dragon.zone
387072	0.22003555297851562	0.09002065658569336	bitcoin.dragon.zone
389088	0.21921706199645996	0.09050393104553223	bitcoin.dragon.zone
391104	0.21961283683776855	0.08975720405578613	bitcoin.dragon.zone
393120	0.21916937828063965	0.0898897647857666	bitcoin.dragon.zone
395136	0.21944069862365723	0.08937239646911621	bitcoin.dragon.zone
397152	0.21984028816223145	0.09284543991088867	bitcoin.dragon.zone
399168	0.22015023231506348	0.08952713012695312	bitcoin.dragon.zone
401184	0.22008061408996582	0.0893242359161377	bitcoin.dragon.zone
403200	0.219681978225708	0.08952498435974121	bitcoin.dragon.zone
405216	0.21939468383789062	0.09002041816711426	bitcoin.dragon.zone
407232	0.21947979927062988	0.08848929405212402	bitcoin.dragon.zone
409248	0.21936559677124023	0.08866548538208008	bitcoin.dragon.zone
411264	0.21985101699829102	0.08984208106994629	bitcoin.dragon.zone
413280	0.21938014030456543	0.0884847640991211	bitcoin.dragon.zone
415296	0.21921157836914062	0.08954334259033203	bitcoin.dragon.zone
417312	0.2191944122314453	0.08832263946533203	bitcoin.dragon.zone
419328	0.21927452087402344	0.08920431137084961	bitcoin.dragon.zone
421344	0.2196059226989746	0.08823704719543457	bitcoin.dragon.zone
423360	0.22049212455749512	0.08847618103027344	bitcoin.dragon.zone
425376	0.22097110748291016	0.08928298950195312	bitcoin.dragon.zone
427392	0.21950507164001465	0.08806085586547852	bitcoin.dragon.zone
429408	0.21904730796813965	0.08802461624145508	bitcoin.dragon.zone
431424	0.21986913681030273	0.08960700035095215	bitcoin.dragon.zone
433440	0.21944761276245117	0.08926701545715332	bitcoin.dragon.zone
435456	0.21947431564331055	0.08920621871948242	bitcoin.dragon.zone
437472	0.21940875053405762	0.08927416801452637	bitcoin.dragon.zone
439488	0.22153472900390625	0.08978867530822754	bitcoin.dragon.zone
441504	0.2223212718963623	0.08885502815246582	bitcoin.dragon.zone
443520	0.22166085243225098	0.08878970146179199	bitcoin.dragon.zone
445536	0.21947169303894043	0.08949923515319824	bitcoin.dragon.zone
447552	0.21962404251098633	0.0895376205444336	bitcoin.dragon.zone
449568	0.21917223930358887	0.08970761299133301	bitcoin.dragon.zone
451584	0.21912455558776855	0.09091520309448242	bitcoin.dragon.zone
453600	0.2199711799621582	0.0900733470916748	bitcoin.dragon.zone
455616	0.2196636199951172	0.08868098258972168	bitcoin.dragon.zone
457632	0.21961140632629395	0.09058189392089844	bitcoin.dragon.zone
459648	0.21953368186950684	0.08871126174926758	bitcoin.dragon.zone
461664	0.21933794021606445	0.09038853645324707	bitcoin.dragon.zone
463680	0.2197251319885254	0.0895850658416748	bitcoin.dragon.zone
465696	0.21959805488586426	0.08901095390319824	bitcoin.dragon.zone
467712	0.2195749282836914	0.08991813659667969	bitcoin.dragon.zone
469728	0.21925902366638184	0.08881068229675293	bitcoin.dragon.zone
471744	0.22002792358398438	0.08885765075683594	bitcoin.dragon.zone
473760	0.22036314010620117	0.08929038047790527	bitcoin.dragon.zone
475776	0.21938872337341309	0.08971571922302246	bitcoin.dragon.zone
477792	0.2196962833404541	0.08953452110290527	bitcoin.dragon.zone
479808	0.2199254035949707	0.08888745307922363	bitcoin.dragon.zone
481824	0.21993017196655273	0.08900642395019531	bitcoin.dragon.zone
483840	0.21945500373840332	0.08905267715454102	bitcoin.dragon.zone
485856	0.21944046020507812	0.09067034721374512	bitcoin.dragon.zone
487872	0.2194669246673584	0.09085464477539062	bitcoin.dragon.zone
489888	0.21943283081054688	0.09105253219604492	bitcoin.dragon.zone
491904	0.2196965217590332	0.09136104583740234	bitcoin.dragon.zone
493920	0.21959471702575684	0.09034919738769531	bitcoin.dragon.zone
495936	0.21964550018310547	0.09118890762329102	bitcoin.dragon.zone
497952	0.21959352493286133	0.09067153930664062	bitcoin.dragon.zone
499968	0.21952462196350098	0.09089326858520508	bitcoin.dragon.zone
501984	0.2202928066253662	0.09139680862426758	bitcoin.dragon.zone
504000	0.22011899948120117	0.08949851989746094	bitcoin.dragon.zone
506016	0.22058582305908203	0.08947348594665527	bitcoin.dragon.zone
508032	0.2196359634399414	0.09102606773376465	bitcoin.dragon.zone
510048	0.21988821029663086	0.09055089950561523	bitcoin.dragon.zone
512064	0.21988201141357422	0.08893871307373047	bitcoin.dragon.zone
514080	0.21895480155944824	0.08922338485717773	bitcoin.dragon.zone
516096	0.21960020065307617	0.08824610710144043	bitcoin.dragon.zone
518112	0.2198934555053711	0.09009981155395508	bitcoin.dragon.zone
520128	0.21949100494384766	0.08878040313720703	bitcoin.dragon.zone
522144	0.21964335441589355	0.09050774574279785	bitcoin.dragon.zone
524160	0.22002744674682617	0.09236001968383789	bitcoin.dragon.zone
526176	0.21898937225341797	0.08976101875305176	bitcoin.dragon.zone
528192	0.22057533264160156	0.09093332290649414	bitcoin.dragon.zone
530208	0.2215735912322998	0.09143877029418945	bitcoin.dragon.zone
532224	0.2199113368988037	0.09178686141967773	bitcoin.dragon.zone
534240	0.22092556953430176	0.09084701538085938	bitcoin.dragon.zone
536256	0.22115874290466309	0.09156417846679688	bitcoin.dragon.zone
538272	0.22214198112487793	0.09101414680480957	bitcoin.dragon.zone
540288	0.22184300422668457	0.0914607048034668	bitcoin.dragon.zone
542304	0.22198057174682617	0.09243535995483398	bitcoin.dragon.zone
544320	0.21927356719970703	0.09150886535644531	bitcoin.dragon.zone
546336	0.21939539909362793	0.09050512313842773	bitcoin.dragon.zone
548352	0.2200486660003662	0.09056663513183594	bitcoin.dragon.zone
550368	0.22013020515441895	0.09104800224304199	bitcoin.dragon.zone
552384	0.21976256370544434	0.0891263484954834	bitcoin.dragon.zone
554400	0.21964168548583984	0.09016966819763184	bitcoin.dragon.zone
556416	0.2199254035949707	0.09034085273742676	bitcoin.dragon.zone
558432	0.21996212005615234	0.08931899070739746	bitcoin.dragon.zone
560448	0.21927237510681152	0.09033942222595215	bitcoin.dragon.zone
562464	0.2193295955657959	0.09132981300354004	bitcoin.dragon.zone
564480	0.21924638748168945	0.08999013900756836	bitcoin.dragon.zone
566496	0.22037386894226074	0.09103035926818848	bitcoin.dragon.zone
568512	0.21905517578125	0.09142017364501953	bitcoin.dragon.zone
570528	0.21970868110656738	0.0908653736114502	bitcoin.dragon.zone
572544	0.21945762634277344	0.09002375602722168	bitcoin.dragon.zone
574560	0.21972417831420898	0.0883631706237793	bitcoin.dragon.zone
576576	0.21963930130004883	0.09624719619750977	bitcoin.dragon.zone
578592	0.2200627326965332	0.08697962760925293	bitcoin.dragon.zone
580608	0.21938252449035645	0.08886122703552246	bitcoin.dragon.zone
582624	0.21919822692871094	0.09037590026855469	bitcoin.dragon.zone
584640	0.21959757804870605	0.08976554870605469	bitcoin.dragon.zone
586656	0.21989917755126953	0.08588600158691406	bitcoin.dragon.zone
588672	0.22082877159118652	0.08527779579162598	bitcoin.dragon.zone
590688	0.21941494941711426	0.0876011848449707	bitcoin.dragon.zone
592704	0.2196035385131836	0.08699369430541992	bitcoin.dragon.zone
594720	0.21913361549377441	0.08910036087036133	bitcoin.dragon.zone
596736	0.21964216232299805	0.08565831184387207	bitcoin.dragon.zone
598752	0.21911883354187012	0.0863797664642334	bitcoin.dragon.zone
600768	0.2198176383972168	0.08590149879455566	bitcoin.dragon.zone
602784	0.2194371223449707	0.0887138843536377	bitcoin.dragon.zone
604800	0.21956110000610352	0.08829545974731445	bitcoin.dragon.zone
606816	0.21936559677124023	0.08772778511047363	bitcoin.dragon.zone
608832	0.21951746940612793	0.08703231811523438	bitcoin.dragon.zone
610848	0.21968364715576172	0.08884644508361816	bitcoin.dragon.zone
612864	0.21993565559387207	0.08546042442321777	bitcoin.dragon.zone
614880	0.2193889617919922	0.08689188957214355	bitcoin.dragon.zone
616896	0.2193136215209961	0.08791756629943848	bitcoin.dragon.zone
618912	0.2188870906829834	0.08760237693786621	bitcoin.dragon.zone
620928	0.21892189979553223	0.08639335632324219	bitcoin.dragon.zone
622944	0.22011923789978027	0.08966350555419922	bitcoin.dragon.zone
624960	0.2194380760192871	0.08967256546020508	bitcoin.dragon.zone
626976	0.2195265293121338	0.08774018287658691	bitcoin.dragon.zone
628992	0.21946501731872559	0.08937954902648926	bitcoin.dragon.zone
631008	0.21996378898620605	0.08673334121704102	bitcoin.dragon.zone
633024	0.21941351890563965	0.08712100982666016	bitcoin.dragon.zone
635040	0.21969294548034668	0.08746790885925293	bitcoin.dragon.zone
637056	0.21929597854614258	0.08686423301696777	bitcoin.dragon.zone
639072	0.22092390060424805	0.08663177490234375	bitcoin.dragon.zone
641088	0.2196500301361084	0.08741521835327148	bitcoin.dragon.zone
643104	0.219940185546875	0.0883948802947998	bitcoin.dragon.zone
645120	0.21934914588928223	0.08680605888366699	bitcoin.dragon.zone
647136	0.21955561637878418	0.08793377876281738	bitcoin.dragon.zone
649152	0.22011137008666992	0.08809328079223633	bitcoin.dragon.zone
651168	0.21961641311645508	0.0898442268371582	bitcoin.dragon.zone
653184	0.21947240829467773	0.08938336372375488	bitcoin.dragon.zone
655200	0.21967077255249023	0.09036064147949219	bitcoin.dragon.zone
657216	0.1963801383972168	0.05667543411254883	bitcoin.dragon.zone
