1	0.767869234085083	0.08780360221862793	electrum.blockstream.info
2016	0.3133523464202881	0.08681464195251465	electrum.blockstream.info
4032	0.3129916191101074	0.09178328514099121	electrum.blockstream.info
6048	0.31148409843444824	0.08809065818786621	electrum.blockstream.info
8064	0.46571826934814453	0.08720541000366211	electrum.blockstream.info
10080	0.4627645015716553	0.08751678466796875	electrum.blockstream.info
12096	0.3130338191986084	0.0879979133605957	electrum.blockstream.info
14112	0.31246232986450195	0.09105443954467773	electrum.blockstream.info
16128	0.31256961822509766	0.08871126174926758	electrum.blockstream.info
18144	0.31333088874816895	0.08883500099182129	electrum.blockstream.info
20160	0.31290531158447266	0.09289073944091797	electrum.blockstream.info
22176	0.3118107318878174	0.0884096622467041	electrum.blockstream.info
24192	0.31160497665405273	0.08761286735534668	electrum.blockstream.info
26208	0.31435728073120117	0.0881035327911377	electrum.blockstream.info
28224	0.31156277656555176	0.08748936653137207	electrum.blockstream.info
30240	0.3125627040863037	0.08787083625793457	electrum.blockstream.info
32256	0.31274962425231934	0.08818364143371582	electrum.blockstream.info
34272	0.3130948543548584	0.08702325820922852	electrum.blockstream.info
36288	0.3121168613433838	0.13741040229797363	electrum.blockstream.info
38304	0.3116750717163086	0.17565608024597168	electrum.blockstream.info
40320	0.31157946586608887	0.08645224571228027	electrum.blockstream.info
42336	0.3127756118774414	0.08625388145446777	electrum.blockstream.info
44352	0.31153416633605957	0.08619022369384766	electrum.blockstream.info
46368	0.31152892112731934	0.08704233169555664	electrum.blockstream.info
48384	0.31154537200927734	0.0859217643737793	electrum.blockstream.info
50400	0.4659123420715332	0.08636593818664551	electrum.blockstream.info
52416	0.46382594108581543	0.08604979515075684	electrum.blockstream.info
54432	0.31227540969848633	0.08590221405029297	electrum.blockstream.info
56448	0.31296873092651367	0.08532166481018066	electrum.blockstream.info
58464	0.311753511428833	0.08614563941955566	electrum.blockstream.info
60480	0.31165337562561035	0.0859980583190918	electrum.blockstream.info
62496	0.3128387928009033	0.08567309379577637	electrum.blockstream.info
64512	0.31311678886413574	0.08716392517089844	electrum.blockstream.info
66528	0.31337547302246094	0.08710598945617676	electrum.blockstream.info
68544	0.3131091594696045	0.0868990421295166	electrum.blockstream.info
70560	0.3129415512084961	0.08687543869018555	electrum.blockstream.info
72576	0.31258153915405273	0.08781933784484863	electrum.blockstream.info
74592	0.3117380142211914	0.08776736259460449	electrum.blockstream.info
76608	0.31293296813964844	0.08673930168151855	electrum.blockstream.info
78624	0.3140890598297119	0.08654427528381348	electrum.blockstream.info
80640	0.3126072883605957	0.08696269989013672	electrum.blockstream.info
82656	0.31259703636169434	0.08757448196411133	electrum.blockstream.info
84672	0.3124523162841797	0.08704495429992676	electrum.blockstream.info
86688	0.31218719482421875	0.08699798583984375	electrum.blockstream.info
88704	0.31232452392578125	0.08722615242004395	electrum.blockstream.info
90720	0.31243109703063965	0.0879061222076416	electrum.blockstream.info
92736	0.31302523612976074	0.08818435668945312	electrum.blockstream.info
94752	0.31229090690612793	0.08697080612182617	electrum.blockstream.info
96768	0.311995267868042	0.08688664436340332	electrum.blockstream.info
98784	0.3130970001220703	0.0869596004486084	electrum.blockstream.info
100800	0.3126349449157715	0.08634376525878906	electrum.blockstream.info
102816	0.31450843811035156	0.08675074577331543	electrum.blockstream.info
104832	0.3136141300201416	0.08687853813171387	electrum.blockstream.info
106848	0.3141751289367676	0.0869138240814209	electrum.blockstream.info
108864	0.3122587203979492	0.08634710311889648	electrum.blockstream.info
110880	0.3124980926513672	0.08754420280456543	electrum.blockstream.info
112896	0.3118593692779541	0.08749818801879883	electrum.blockstream.info
114912	0.31161069869995117	0.08809161186218262	electrum.blockstream.info
116928	0.3117187023162842	0.08826756477355957	electrum.blockstream.info
118944	0.31171631813049316	0.08777475357055664	electrum.blockstream.info
120960	0.3130958080291748	0.08759379386901855	electrum.blockstream.info
122976	0.3124735355377197	0.08805084228515625	electrum.blockstream.info
124992	0.3118858337402344	0.08777809143066406	electrum.blockstream.info
127008	0.3127110004425049	0.08799934387207031	electrum.blockstream.info
129024	0.314547061920166	0.08765721321105957	electrum.blockstream.info
131040	0.3145122528076172	0.08770871162414551	electrum.blockstream.info
133056	0.3152344226837158	0.08772850036621094	electrum.blockstream.info
135072	0.3153867721557617	0.08829760551452637	electrum.blockstream.info
137088	0.3131418228149414	0.08780264854431152	electrum.blockstream.info
139104	0.31502580642700195	0.08774709701538086	electrum.blockstream.info
141120	0.31326889991760254	0.0889427661895752	electrum.blockstream.info
143136	0.3132359981536865	0.0881505012512207	electrum.blockstream.info
145152	0.3132801055908203	0.0871129035949707	electrum.blockstream.info
147168	0.3137826919555664	0.0888662338256836	electrum.blockstream.info
149184	0.46437764167785645	0.0865168571472168	electrum.blockstream.info
151200	0.46483826637268066	0.08853626251220703	electrum.blockstream.info
153216	0.3124244213104248	0.08816003799438477	electrum.blockstream.info
155232	0.31339192390441895	0.08861112594604492	electrum.blockstream.info
157248	0.31473612785339355	0.08839225769042969	electrum.blockstream.info
159264	0.3138129711151123	0.08803677558898926	electrum.blockstream.info
161280	0.3132035732269287	0.09045863151550293	electrum.blockstream.info
163296	0.3128199577331543	0.0875406265258789	electrum.blockstream.info
165312	0.31447434425354004	0.08788871765136719	electrum.blockstream.info
167328	0.3130369186401367	0.08812999725341797	electrum.blockstream.info
169344	0.3135530948638916	0.08861017227172852	electrum.blockstream.info
171360	0.313671350479126	0.0883941650390625	electrum.blockstream.info
173376	0.3130025863647461	0.08860993385314941	electrum.blockstream.info
175392	0.31358909606933594	0.08885717391967773	electrum.blockstream.info
177408	0.3190426826477051	0.0879969596862793	electrum.blockstream.info
179424	0.46560168266296387	0.08814811706542969	electrum.blockstream.info
181440	0.4650716781616211	0.08718705177307129	electrum.blockstream.info
183456	0.46289730072021484	0.08716893196105957	electrum.blockstream.info
185472	0.3127009868621826	0.08776640892028809	electrum.blockstream.info
187488	0.31340694427490234	0.08800721168518066	electrum.blockstream.info
189504	0.31410908699035645	0.08829450607299805	electrum.blockstream.info
191520	0.3139934539794922	0.08782410621643066	electrum.blockstream.info
193536	0.3139662742614746	0.08841896057128906	electrum.blockstream.info
195552	0.3135342597961426	0.08902359008789062	electrum.blockstream.info
197568	0.31327176094055176	0.08762359619140625	electrum.blockstream.info
199584	0.31325507164001465	0.08903264999389648	electrum.blockstream.info
201600	0.3139982223510742	0.08851981163024902	electrum.blockstream.info
203616	0.3139657974243164	0.08896589279174805	electrum.blockstream.info
205632	0.3140699863433838	0.0887608528137207	electrum.blockstream.info
207648	0.3154911994934082	0.08828306198120117	electrum.blockstream.info
209664	0.3165707588195801	0.08873271942138672	electrum.blockstream.info
211680	0.31339287757873535	0.08852386474609375	electrum.blockstream.info
213696	0.3137025833129883	0.08811426162719727	electrum.blockstream.info
215712	0.31165146827697754	0.08880114555358887	electrum.blockstream.info
217728	0.3130784034729004	0.08788204193115234	electrum.blockstream.info
219744	0.31291985511779785	0.08728933334350586	electrum.blockstream.info
221760	0.3122994899749756	0.08864760398864746	electrum.blockstream.info
223776	0.3125004768371582	0.08805370330810547	electrum.blockstream.info
225792	0.31300950050354004	0.08797693252563477	electrum.blockstream.info
227808	0.31364917755126953	0.08849883079528809	electrum.blockstream.info
229824	0.31361937522888184	0.08771491050720215	electrum.blockstream.info
231840	0.3137373924255371	0.08866739273071289	electrum.blockstream.info
233856	0.3145561218261719	0.08839583396911621	electrum.blockstream.info
235872	0.31305789947509766	0.08905458450317383	electrum.blockstream.info
237888	0.3136470317840576	0.08778810501098633	electrum.blockstream.info
239904	0.31368374824523926	0.08808422088623047	electrum.blockstream.info
241920	0.3129558563232422	0.09062004089355469	electrum.blockstream.info
243936	0.3132648468017578	0.08934497833251953	electrum.blockstream.info
245952	0.31360912322998047	0.089996337890625	electrum.blockstream.info
247968	0.3126065731048584	0.08979129791259766	electrum.blockstream.info
249984	0.3119087219238281	0.0890655517578125	electrum.blockstream.info
252000	0.3132655620574951	0.08896255493164062	electrum.blockstream.info
254016	0.31253528594970703	0.08855819702148438	electrum.blockstream.info
256032	0.313751220703125	0.08900594711303711	electrum.blockstream.info
258048	0.3119950294494629	0.08859610557556152	electrum.blockstream.info
260064	0.31545257568359375	0.08846569061279297	electrum.blockstream.info
262080	0.3132901191711426	0.08903241157531738	electrum.blockstream.info
264096	0.3123483657836914	0.08870530128479004	electrum.blockstream.info
266112	0.3132965564727783	0.08922195434570312	electrum.blockstream.info
268128	0.31308698654174805	0.08979511260986328	electrum.blockstream.info
270144	0.313568115234375	0.08972811698913574	electrum.blockstream.info
272160	0.31305980682373047	0.08909010887145996	electrum.blockstream.info
274176	0.3118271827697754	0.0896153450012207	electrum.blockstream.info
276192	0.3114755153656006	0.08945369720458984	electrum.blockstream.info
278208	0.31262993812561035	0.0889732837677002	electrum.blockstream.info
280224	0.4658389091491699	0.08958292007446289	electrum.blockstream.info
282240	0.31755614280700684	0.0906686782836914	electrum.blockstream.info
284256	0.3146679401397705	0.08917760848999023	electrum.blockstream.info
286272	0.31250452995300293	0.0886991024017334	electrum.blockstream.info
288288	0.31333017349243164	0.08893656730651855	electrum.blockstream.info
290304	0.3125343322753906	0.09031939506530762	electrum.blockstream.info
292320	0.31204843521118164	0.08930492401123047	electrum.blockstream.info
294336	0.3133046627044678	0.09029459953308105	electrum.blockstream.info
296352	0.3139176368713379	0.08998870849609375	electrum.blockstream.info
298368	0.3118128776550293	0.09094572067260742	electrum.blockstream.info
300384	0.3152468204498291	0.08963990211486816	electrum.blockstream.info
302400	0.31172704696655273	0.08992791175842285	electrum.blockstream.info
304416	0.3119804859161377	0.09016919136047363	electrum.blockstream.info
306432	0.31295275688171387	0.0905914306640625	electrum.blockstream.info
308448	0.3130943775177002	0.0904228687286377	electrum.blockstream.info
310464	0.31281304359436035	0.08992481231689453	electrum.blockstream.info
312480	0.46489691734313965	0.08891725540161133	electrum.blockstream.info
314496	0.46262216567993164	0.08962702751159668	electrum.blockstream.info
316512	0.31260108947753906	0.08850574493408203	electrum.blockstream.info
318528	0.3124053478240967	0.08922266960144043	electrum.blockstream.info
320544	0.3124051094055176	0.09000301361083984	electrum.blockstream.info
322560	0.3129432201385498	0.09007692337036133	electrum.blockstream.info
324576	0.3132801055908203	0.0889730453491211	electrum.blockstream.info
326592	0.3121504783630371	0.09108400344848633	electrum.blockstream.info
328608	0.31182336807250977	0.08981585502624512	electrum.blockstream.info
330624	0.31172776222229004	0.09020400047302246	electrum.blockstream.info
332640	0.3124988079071045	0.09071755409240723	electrum.blockstream.info
334656	0.3118772506713867	0.08980488777160645	electrum.blockstream.info
336672	0.31159472465515137	0.09093093872070312	electrum.blockstream.info
338688	0.31357336044311523	0.0903620719909668	electrum.blockstream.info
340704	0.31441402435302734	0.09045648574829102	electrum.blockstream.info
342720	0.3118605613708496	0.0905160903930664	electrum.blockstream.info
344736	0.31315159797668457	0.08950996398925781	electrum.blockstream.info
346752	0.312697172164917	0.08976912498474121	electrum.blockstream.info
348768	0.31296348571777344	0.0901939868927002	electrum.blockstream.info
350784	0.31280040740966797	0.08974051475524902	electrum.blockstream.info
352800	0.31206345558166504	0.09037661552429199	electrum.blockstream.info
354816	0.31245994567871094	0.08959102630615234	electrum.blockstream.info
356832	0.3120870590209961	0.09032630920410156	electrum.blockstream.info
358848	0.31288695335388184	0.08971834182739258	electrum.blockstream.info
360864	0.3125276565551758	0.09029006958007812	electrum.blockstream.info
362880	0.3119800090789795	0.08979439735412598	electrum.blockstream.info
364896	0.31259751319885254	0.08960103988647461	electrum.blockstream.info
366912	0.3123588562011719	0.09072113037109375	electrum.blockstream.info
368928	0.31166839599609375	0.08943891525268555	electrum.blockstream.info
370944	0.3123819828033447	0.0890192985534668	electrum.blockstream.info
372960	0.3133234977722168	0.0899655818939209	electrum.blockstream.info
374976	0.313920259475708	0.08966302871704102	electrum.blockstream.info
376992	0.3123331069946289	0.09002113342285156	electrum.blockstream.info
379008	0.3132164478302002	0.09058451652526855	electrum.blockstream.info
381024	0.31329798698425293	0.09038138389587402	electrum.blockstream.info
383040	0.3134641647338867	0.08927083015441895	electrum.blockstream.info
385056	0.3126821517944336	0.09049081802368164	electrum.blockstream.info
387072	0.3130910396575928	0.09075498580932617	electrum.blockstream.info
389088	0.4635136127471924	0.09000682830810547	electrum.blockstream.info
391104	0.46494460105895996	0.08946633338928223	electrum.blockstream.info
393120	0.4665713310241699	0.08928608894348145	electrum.blockstream.info
395136	0.31325292587280273	0.09013795852661133	electrum.blockstream.info
397152	0.3131866455078125	0.08979678153991699	electrum.blockstream.info
399168	0.3126335144042969	0.0890202522277832	electrum.blockstream.info
401184	0.313366174697876	0.08957815170288086	electrum.blockstream.info
403200	0.3129410743713379	0.08970117568969727	electrum.blockstream.info
405216	0.3144981861114502	0.08850693702697754	electrum.blockstream.info
407232	0.3135530948638916	0.08889460563659668	electrum.blockstream.info
409248	0.3128492832183838	0.09043669700622559	electrum.blockstream.info
411264	0.3130772113800049	0.0899512767791748	electrum.blockstream.info
413280	0.3138136863708496	0.08913016319274902	electrum.blockstream.info
415296	0.31555867195129395	0.08948278427124023	electrum.blockstream.info
417312	0.3132634162902832	0.08944916725158691	electrum.blockstream.info
419328	0.3119981288909912	0.08947610855102539	electrum.blockstream.info
421344	0.3126654624938965	0.08886456489562988	electrum.blockstream.info
423360	0.3134920597076416	0.0892941951751709	electrum.blockstream.info
425376	0.3133113384246826	0.08959817886352539	electrum.blockstream.info
427392	0.3124203681945801	0.08908677101135254	electrum.blockstream.info
429408	0.31270670890808105	0.08883476257324219	electrum.blockstream.info
431424	0.3131110668182373	0.0881357192993164	electrum.blockstream.info
433440	0.3204367160797119	0.08928680419921875	electrum.blockstream.info
435456	0.3138153553009033	0.08902788162231445	electrum.blockstream.info
437472	0.3187255859375	0.08905410766601562	electrum.blockstream.info
439488	0.31650400161743164	0.08735775947570801	electrum.blockstream.info
441504	0.3132486343383789	0.08935880661010742	electrum.blockstream.info
443520	0.31336212158203125	0.08868932723999023	electrum.blockstream.info
445536	0.31392478942871094	0.08752274513244629	electrum.blockstream.info
447552	0.31365537643432617	0.08945894241333008	electrum.blockstream.info
449568	0.3119771480560303	0.08753347396850586	electrum.blockstream.info
451584	0.3116419315338135	0.08907508850097656	electrum.blockstream.info
453600	0.3118777275085449	0.08840012550354004	electrum.blockstream.info
455616	0.3116922378540039	0.0874936580657959	electrum.blockstream.info
457632	0.31291937828063965	0.0882570743560791	electrum.blockstream.info
459648	0.31172990798950195	0.08834218978881836	electrum.blockstream.info
461664	0.313185453414917	0.08768033981323242	electrum.blockstream.info
463680	0.46445345878601074	0.08881711959838867	electrum.blockstream.info
465696	0.4640922546386719	0.08928942680358887	electrum.blockstream.info
467712	0.4640824794769287	0.08863401412963867	electrum.blockstream.info
469728	0.3149693012237549	0.0884253978729248	electrum.blockstream.info
471744	0.31568121910095215	0.0883939266204834	electrum.blockstream.info
473760	0.3146829605102539	0.08862566947937012	electrum.blockstream.info
475776	0.3152170181274414	0.08887887001037598	electrum.blockstream.info
477792	0.3132343292236328	0.08849477767944336	electrum.blockstream.info
479808	0.3130009174346924	0.08857202529907227	electrum.blockstream.info
481824	0.3136601448059082	0.08844780921936035	electrum.blockstream.info
483840	0.3135056495666504	0.08912444114685059	electrum.blockstream.info
485856	0.31209754943847656	0.08919358253479004	electrum.blockstream.info
487872	0.3123128414154053	0.08931398391723633	electrum.blockstream.info
489888	0.312938928604126	0.08954572677612305	electrum.blockstream.info
491904	0.31325745582580566	0.09087705612182617	electrum.blockstream.info
493920	0.31563639640808105	0.08933234214782715	electrum.blockstream.info
495936	0.31197214126586914	0.0897374153137207	electrum.blockstream.info
497952	0.31345629692077637	0.08925724029541016	electrum.blockstream.info
499968	0.31197595596313477	0.0891578197479248	electrum.blockstream.info
501984	0.31302595138549805	0.08847188949584961	electrum.blockstream.info
504000	0.31474947929382324	0.08902549743652344	electrum.blockstream.info
506016	0.3134787082672119	0.08858299255371094	electrum.blockstream.info
508032	0.31507301330566406	0.08913207054138184	electrum.blockstream.info
510048	0.31287598609924316	0.08921051025390625	electrum.blockstream.info
512064	0.3131582736968994	0.08908224105834961	electrum.blockstream.info
514080	0.31140685081481934	0.08856487274169922	electrum.blockstream.info
516096	0.3118247985839844	0.08882260322570801	electrum.blockstream.info
518112	0.3119230270385742	0.08901095390319824	electrum.blockstream.info
520128	0.3132755756378174	0.0887289047241211	electrum.blockstream.info
522144	0.31308579444885254	0.08938336372375488	electrum.blockstream.info
524160	0.3154008388519287	0.08892655372619629	electrum.blockstream.info
526176	0.31508564949035645	0.08931803703308105	electrum.blockstream.info
528192	0.31357908248901367	0.0896749496459961	electrum.blockstream.info
530208	0.31282830238342285	0.08961868286132812	electrum.blockstream.info
532224	0.3127617835998535	0.08948111534118652	electrum.blockstream.info
534240	0.31172966957092285	0.08971810340881348	electrum.blockstream.info
536256	0.4635324478149414	0.09033489227294922	electrum.blockstream.info
538272	0.4627096652984619	0.08926725387573242	electrum.blockstream.info
540288	0.4630095958709717	0.08969378471374512	electrum.blockstream.info
542304	0.3135490417480469	0.08957934379577637	electrum.blockstream.info
544320	0.31588244438171387	0.0890803337097168	electrum.blockstream.info
546336	0.31364965438842773	0.08939647674560547	electrum.blockstream.info
548352	0.31375718116760254	0.08930373191833496	electrum.blockstream.info
550368	0.31322789192199707	0.08975887298583984	electrum.blockstream.info
552384	0.3135640621185303	0.08932781219482422	electrum.blockstream.info
554400	0.3134756088256836	0.08971166610717773	electrum.blockstream.info
556416	0.3115253448486328	0.08938479423522949	electrum.blockstream.info
558432	0.31332850456237793	0.08924221992492676	electrum.blockstream.info
560448	0.3129572868347168	0.08837652206420898	electrum.blockstream.info
562464	0.31148219108581543	0.08948731422424316	electrum.blockstream.info
564480	0.3117845058441162	0.08973407745361328	electrum.blockstream.info
566496	0.313626766204834	0.08902120590209961	electrum.blockstream.info
568512	0.3129715919494629	0.08911252021789551	electrum.blockstream.info
570528	0.3114898204803467	0.0896308422088623	electrum.blockstream.info
572544	0.31461644172668457	0.08902359008789062	electrum.blockstream.info
574560	0.31334376335144043	0.08929634094238281	electrum.blockstream.info
576576	0.3139317035675049	0.08964276313781738	electrum.blockstream.info
578592	0.31425929069519043	0.08980250358581543	electrum.blockstream.info
580608	0.31485962867736816	0.08996295928955078	electrum.blockstream.info
582624	0.31273579597473145	0.09038424491882324	electrum.blockstream.info
584640	0.31172871589660645	0.0895838737487793	electrum.blockstream.info
586656	0.31185340881347656	0.09032750129699707	electrum.blockstream.info
588672	0.3121938705444336	0.09097719192504883	electrum.blockstream.info
590688	0.312957763671875	0.09053993225097656	electrum.blockstream.info
592704	0.3119087219238281	0.0911562442779541	electrum.blockstream.info
594720	0.31166911125183105	0.0916593074798584	electrum.blockstream.info
596736	0.3156459331512451	0.09168767929077148	electrum.blockstream.info
598752	0.3153953552246094	0.08947443962097168	electrum.blockstream.info
600768	0.314713716506958	0.08968997001647949	electrum.blockstream.info
602784	0.315932035446167	0.08918428421020508	electrum.blockstream.info
604800	0.31525373458862305	0.0890660285949707	electrum.blockstream.info
606816	0.31541967391967773	0.08874726295471191	electrum.blockstream.info
608832	0.31197214126586914	0.09037590026855469	electrum.blockstream.info
610848	0.3123304843902588	0.08997941017150879	electrum.blockstream.info
612864	0.46326351165771484	0.09038281440734863	electrum.blockstream.info
614880	0.4650533199310303	0.0900273323059082	electrum.blockstream.info
616896	0.46476244926452637	0.09010553359985352	electrum.blockstream.info
618912	0.3117389678955078	0.09012961387634277	electrum.blockstream.info
620928	0.31360697746276855	0.09000325202941895	electrum.blockstream.info
622944	0.31468868255615234	0.09029293060302734	electrum.blockstream.info
624960	0.3117811679840088	0.08935880661010742	electrum.blockstream.info
626976	0.31199169158935547	0.09017252922058105	electrum.blockstream.info
628992	0.3138241767883301	0.08936500549316406	electrum.blockstream.info
631008	0.3122892379760742	0.08966541290283203	electrum.blockstream.info
633024	0.3128964900970459	0.08975744247436523	electrum.blockstream.info
635040	0.31174492835998535	0.08975505828857422	electrum.blockstream.info
637056	0.3119831085205078	0.0900731086730957	electrum.blockstream.info
639072	0.31209564208984375	0.0904688835144043	electrum.blockstream.info
641088	0.31230616569519043	0.09106802940368652	electrum.blockstream.info
643104	0.3131272792816162	0.09022378921508789	electrum.blockstream.info
645120	0.3140547275543213	0.09037590026855469	electrum.blockstream.info
647136	0.31394243240356445	0.09008932113647461	electrum.blockstream.info
649152	0.3139641284942627	0.08991336822509766	electrum.blockstream.info
651168	0.31174802780151367	0.0904386043548584	electrum.blockstream.info
653184	0.3116281032562256	0.08988165855407715	electrum.blockstream.info
655200	0.4630296230316162	0.0902101993560791	electrum.blockstream.info
657216	0.309401273727417	0.05816245079040527	electrum.blockstream.info
