1	0.7962629795074463	0.08973026275634766	electrum.blockstream.info
2016	0.3228275775909424	0.0895538330078125	electrum.blockstream.info
4032	0.1665186882019043	0.09029221534729004	electrum.blockstream.info
6048	1.109008550643921	0.08864808082580566	electrum.blockstream.info
8064	0.4811253547668457	0.08849501609802246	electrum.blockstream.info
10080	0.5327229499816895	0.08823037147521973	electrum.blockstream.info
12096	0.3234598636627197	0.08905792236328125	electrum.blockstream.info
14112	0.4796438217163086	0.08908653259277344	electrum.blockstream.info
16128	0.32340335845947266	0.08948159217834473	electrum.blockstream.info
18144	0.3250715732574463	0.08971023559570312	electrum.blockstream.info
20160	0.33281445503234863	0.09046316146850586	electrum.blockstream.info
22176	0.32445502281188965	0.08869457244873047	electrum.blockstream.info
24192	0.3232259750366211	0.08863043785095215	electrum.blockstream.info
26208	0.32357096672058105	0.0897367000579834	electrum.blockstream.info
28224	0.32376670837402344	0.09006142616271973	electrum.blockstream.info
30240	0.3234579563140869	0.18207764625549316	electrum.blockstream.info
32256	0.3258061408996582	0.08908390998840332	electrum.blockstream.info
34272	0.32660889625549316	0.09091830253601074	electrum.blockstream.info
36288	0.32313060760498047	0.08979535102844238	electrum.blockstream.info
38304	0.32387280464172363	0.08982968330383301	electrum.blockstream.info
40320	0.32346510887145996	0.08866190910339355	electrum.blockstream.info
42336	0.323772668838501	0.08925294876098633	electrum.blockstream.info
44352	0.3250155448913574	0.0885782241821289	electrum.blockstream.info
46368	0.32465553283691406	0.08815979957580566	electrum.blockstream.info
48384	0.3254690170288086	0.08927464485168457	electrum.blockstream.info
50400	0.4825475215911865	0.09041285514831543	electrum.blockstream.info
52416	0.4811091423034668	0.08964657783508301	electrum.blockstream.info
54432	0.32451891899108887	0.09015989303588867	electrum.blockstream.info
56448	0.32564449310302734	0.08894062042236328	electrum.blockstream.info
58464	0.32747960090637207	0.08978796005249023	electrum.blockstream.info
60480	0.327254056930542	0.08856606483459473	electrum.blockstream.info
62496	0.32491183280944824	0.08916568756103516	electrum.blockstream.info
64512	0.326038122177124	0.08871865272521973	electrum.blockstream.info
66528	0.32545995712280273	0.08898258209228516	electrum.blockstream.info
68544	0.32497167587280273	0.08896899223327637	electrum.blockstream.info
70560	0.3246877193450928	0.0888376235961914	electrum.blockstream.info
72576	0.3246009349822998	0.08943843841552734	electrum.blockstream.info
74592	0.32578444480895996	0.0891416072845459	electrum.blockstream.info
76608	0.324479341506958	0.0890657901763916	electrum.blockstream.info
78624	0.4837920665740967	0.08808636665344238	electrum.blockstream.info
80640	0.4806690216064453	0.08823442459106445	electrum.blockstream.info
82656	0.47975826263427734	0.08823323249816895	electrum.blockstream.info
84672	0.47949838638305664	0.08821725845336914	electrum.blockstream.info
86688	0.3240935802459717	0.08812737464904785	electrum.blockstream.info
88704	0.32436203956604004	0.0878911018371582	electrum.blockstream.info
90720	0.3235630989074707	0.08803558349609375	electrum.blockstream.info
92736	0.32540273666381836	0.08845114707946777	electrum.blockstream.info
94752	0.3252439498901367	0.08779263496398926	electrum.blockstream.info
96768	0.32480335235595703	0.08791828155517578	electrum.blockstream.info
98784	0.32533717155456543	0.08793282508850098	electrum.blockstream.info
100800	0.32420945167541504	0.08887028694152832	electrum.blockstream.info
102816	0.3242063522338867	0.09331130981445312	electrum.blockstream.info
104832	0.32373738288879395	0.08758544921875	electrum.blockstream.info
106848	0.3250694274902344	0.08719229698181152	electrum.blockstream.info
108864	0.32446765899658203	0.08787417411804199	electrum.blockstream.info
110880	0.32367587089538574	0.08819723129272461	electrum.blockstream.info
112896	0.3238332271575928	0.0893397331237793	electrum.blockstream.info
114912	0.32385778427124023	0.08908486366271973	electrum.blockstream.info
116928	0.32492613792419434	0.09036564826965332	electrum.blockstream.info
118944	0.3235054016113281	0.08973026275634766	electrum.blockstream.info
120960	0.3241138458251953	0.09183526039123535	electrum.blockstream.info
122976	0.32337474822998047	0.08855700492858887	electrum.blockstream.info
124992	0.3243381977081299	0.08826398849487305	electrum.blockstream.info
127008	0.3254129886627197	0.09090018272399902	electrum.blockstream.info
129024	0.3254871368408203	0.0914769172668457	electrum.blockstream.info
131040	0.32533788681030273	0.0895533561706543	electrum.blockstream.info
133056	0.32529568672180176	0.08834242820739746	electrum.blockstream.info
135072	0.324282169342041	0.08882737159729004	electrum.blockstream.info
137088	0.32546544075012207	0.08880972862243652	electrum.blockstream.info
139104	0.32666540145874023	0.09073781967163086	electrum.blockstream.info
141120	0.324359655380249	0.08858990669250488	electrum.blockstream.info
143136	0.3248324394226074	0.08925986289978027	electrum.blockstream.info
145152	0.3254706859588623	0.08864569664001465	electrum.blockstream.info
147168	0.32926177978515625	0.08962750434875488	electrum.blockstream.info
149184	0.3257324695587158	0.08840298652648926	electrum.blockstream.info
151200	0.3261270523071289	0.0889286994934082	electrum.blockstream.info
153216	0.3314781188964844	0.0877528190612793	electrum.blockstream.info
155232	0.3266448974609375	0.08777332305908203	electrum.blockstream.info
157248	0.3238849639892578	0.0887002944946289	electrum.blockstream.info
159264	0.32448601722717285	0.08971738815307617	electrum.blockstream.info
161280	0.3241081237792969	0.08847355842590332	electrum.blockstream.info
163296	0.32499241828918457	0.09013557434082031	electrum.blockstream.info
165312	0.481795072555542	0.08727574348449707	electrum.blockstream.info
167328	0.48113012313842773	0.0889592170715332	electrum.blockstream.info
169344	0.47895264625549316	0.08957195281982422	electrum.blockstream.info
171360	0.3243424892425537	0.08797955513000488	electrum.blockstream.info
173376	0.32471609115600586	0.0894155502319336	electrum.blockstream.info
175392	0.32687902450561523	0.08748340606689453	electrum.blockstream.info
177408	0.3250594139099121	0.08759284019470215	electrum.blockstream.info
179424	0.32576680183410645	0.0885157585144043	electrum.blockstream.info
181440	0.3238978385925293	0.08796215057373047	electrum.blockstream.info
183456	0.32456517219543457	0.08843708038330078	electrum.blockstream.info
185472	0.3255136013031006	0.08812355995178223	electrum.blockstream.info
187488	0.32455992698669434	0.08811426162719727	electrum.blockstream.info
189504	0.32523536682128906	0.08880782127380371	electrum.blockstream.info
191520	0.3248615264892578	0.09099602699279785	electrum.blockstream.info
193536	0.324554443359375	0.09038829803466797	electrum.blockstream.info
195552	0.32515597343444824	0.08884072303771973	electrum.blockstream.info
197568	0.3240993022918701	0.08820486068725586	electrum.blockstream.info
199584	0.32478904724121094	0.08914065361022949	electrum.blockstream.info
201600	0.32660770416259766	0.08881497383117676	electrum.blockstream.info
203616	0.3253333568572998	0.08922958374023438	electrum.blockstream.info
205632	0.32413172721862793	0.08924674987792969	electrum.blockstream.info
207648	0.3237781524658203	0.08904767036437988	electrum.blockstream.info
209664	0.3248775005340576	0.08955025672912598	electrum.blockstream.info
211680	0.3248870372772217	0.0886545181274414	electrum.blockstream.info
213696	0.3243422508239746	0.08933591842651367	electrum.blockstream.info
215712	0.3270893096923828	0.0887155532836914	electrum.blockstream.info
217728	0.4840254783630371	0.08806014060974121	electrum.blockstream.info
219744	0.48352885246276855	0.08822274208068848	electrum.blockstream.info
221760	0.4803788661956787	0.08838963508605957	electrum.blockstream.info
223776	0.3274679183959961	0.09427952766418457	electrum.blockstream.info
225792	0.32494449615478516	0.0887594223022461	electrum.blockstream.info
227808	0.3251631259918213	0.08950257301330566	electrum.blockstream.info
229824	0.32706689834594727	0.08948516845703125	electrum.blockstream.info
231840	0.3245844841003418	0.08850264549255371	electrum.blockstream.info
233856	0.32599616050720215	0.08887410163879395	electrum.blockstream.info
235872	0.3250885009765625	0.08916854858398438	electrum.blockstream.info
237888	0.3251373767852783	0.08832097053527832	electrum.blockstream.info
239904	0.32500195503234863	0.08914422988891602	electrum.blockstream.info
241920	0.32392024993896484	0.09079766273498535	electrum.blockstream.info
243936	0.3251481056213379	0.09114503860473633	electrum.blockstream.info
245952	0.3242614269256592	0.09099864959716797	electrum.blockstream.info
247968	0.3246903419494629	0.09119415283203125	electrum.blockstream.info
249984	0.3244805335998535	0.09047746658325195	electrum.blockstream.info
252000	0.32733964920043945	0.09494900703430176	electrum.blockstream.info
254016	0.3244602680206299	0.08988285064697266	electrum.blockstream.info
256032	0.3246142864227295	0.08963227272033691	electrum.blockstream.info
258048	0.32422304153442383	0.08981728553771973	electrum.blockstream.info
260064	0.32375550270080566	0.08918285369873047	electrum.blockstream.info
262080	0.48296022415161133	0.09012746810913086	electrum.blockstream.info
264096	0.4799940586090088	0.08888030052185059	electrum.blockstream.info
266112	0.4802381992340088	0.09034991264343262	electrum.blockstream.info
268128	0.3243553638458252	0.08958935737609863	electrum.blockstream.info
270144	0.3241231441497803	0.08965849876403809	electrum.blockstream.info
272160	0.32425570487976074	0.09183406829833984	electrum.blockstream.info
274176	0.326066255569458	0.09130477905273438	electrum.blockstream.info
276192	0.3267843723297119	0.09053707122802734	electrum.blockstream.info
278208	0.32407379150390625	0.0920565128326416	electrum.blockstream.info
280224	0.32590794563293457	0.09256362915039062	electrum.blockstream.info
282240	0.32550716400146484	0.09192419052124023	electrum.blockstream.info
284256	0.3248939514160156	0.09153056144714355	electrum.blockstream.info
286272	0.323345422744751	0.09102106094360352	electrum.blockstream.info
288288	0.3236885070800781	0.09290003776550293	electrum.blockstream.info
290304	0.48067331314086914	0.08915066719055176	electrum.blockstream.info
292320	0.4833090305328369	0.09086966514587402	electrum.blockstream.info
294336	0.48152852058410645	0.09216427803039551	electrum.blockstream.info
296352	0.48004841804504395	0.09176349639892578	electrum.blockstream.info
298368	0.4794292449951172	0.0914156436920166	electrum.blockstream.info
300384	0.4804253578186035	0.0907752513885498	electrum.blockstream.info
302400	0.3235955238342285	0.09175872802734375	electrum.blockstream.info
304416	0.3238966464996338	0.0890047550201416	electrum.blockstream.info
306432	0.32454681396484375	0.09187531471252441	electrum.blockstream.info
308448	0.3255281448364258	0.08989882469177246	electrum.blockstream.info
310464	0.32537055015563965	0.09107208251953125	electrum.blockstream.info
312480	0.3235161304473877	0.08964896202087402	electrum.blockstream.info
314496	0.3239784240722656	0.0902409553527832	electrum.blockstream.info
316512	0.325228214263916	0.09041500091552734	electrum.blockstream.info
318528	0.3234550952911377	0.08960795402526855	electrum.blockstream.info
320544	0.3246488571166992	0.08979368209838867	electrum.blockstream.info
322560	0.32402753829956055	0.0890953540802002	electrum.blockstream.info
324576	0.3235940933227539	0.08835053443908691	electrum.blockstream.info
326592	0.3235962390899658	0.0894465446472168	electrum.blockstream.info
328608	0.3249645233154297	0.08910870552062988	electrum.blockstream.info
330624	0.3249943256378174	0.08965635299682617	electrum.blockstream.info
332640	0.3234670162200928	0.09016823768615723	electrum.blockstream.info
334656	0.3240513801574707	0.09047174453735352	electrum.blockstream.info
336672	0.3240323066711426	0.08912110328674316	electrum.blockstream.info
338688	0.32458949089050293	0.09018397331237793	electrum.blockstream.info
340704	0.32486391067504883	0.09000253677368164	electrum.blockstream.info
342720	0.32612013816833496	0.09014773368835449	electrum.blockstream.info
344736	0.3236362934112549	0.0893247127532959	electrum.blockstream.info
346752	0.32514166831970215	0.09050178527832031	electrum.blockstream.info
348768	0.3252584934234619	0.0898735523223877	electrum.blockstream.info
350784	0.32348036766052246	0.0904228687286377	electrum.blockstream.info
352800	0.32462406158447266	0.09048247337341309	electrum.blockstream.info
354816	0.32378077507019043	0.08965539932250977	electrum.blockstream.info
356832	0.32439613342285156	0.08888006210327148	electrum.blockstream.info
358848	0.32378244400024414	0.09038710594177246	electrum.blockstream.info
360864	0.32435083389282227	0.08982038497924805	electrum.blockstream.info
362880	0.3244285583496094	0.09159088134765625	electrum.blockstream.info
364896	0.32416367530822754	0.09019708633422852	electrum.blockstream.info
366912	0.3259773254394531	0.09047484397888184	electrum.blockstream.info
368928	0.32340073585510254	0.0905599594116211	electrum.blockstream.info
370944	0.32483935356140137	0.08971738815307617	electrum.blockstream.info
372960	0.322859525680542	0.08964729309082031	electrum.blockstream.info
374976	0.32353639602661133	0.08989572525024414	electrum.blockstream.info
376992	0.3239774703979492	0.0892329216003418	electrum.blockstream.info
379008	0.3226888179779053	0.08998632431030273	electrum.blockstream.info
381024	0.3250281810760498	0.0894777774810791	electrum.blockstream.info
383040	0.3251028060913086	0.09888219833374023	electrum.blockstream.info
385056	0.32467031478881836	0.08954191207885742	electrum.blockstream.info
387072	0.32442665100097656	0.09114336967468262	electrum.blockstream.info
389088	0.3236379623413086	0.08912110328674316	electrum.blockstream.info
391104	0.4818289279937744	0.08995938301086426	electrum.blockstream.info
393120	0.3242030143737793	0.09059262275695801	electrum.blockstream.info
395136	0.32337403297424316	0.08970928192138672	electrum.blockstream.info
397152	0.3236403465270996	0.09036731719970703	electrum.blockstream.info
399168	0.3233911991119385	0.09091043472290039	electrum.blockstream.info
401184	0.3235321044921875	0.09117388725280762	electrum.blockstream.info
403200	0.32407689094543457	0.09089922904968262	electrum.blockstream.info
405216	0.32582926750183105	0.09052872657775879	electrum.blockstream.info
407232	0.3256549835205078	0.09077024459838867	electrum.blockstream.info
409248	0.32337522506713867	0.09085988998413086	electrum.blockstream.info
411264	0.3228330612182617	0.09078669548034668	electrum.blockstream.info
413280	0.3226957321166992	0.09145212173461914	electrum.blockstream.info
415296	0.3236105442047119	0.09030437469482422	electrum.blockstream.info
417312	0.3244907855987549	0.0897819995880127	electrum.blockstream.info
419328	0.3250105381011963	0.0908207893371582	electrum.blockstream.info
421344	0.32480287551879883	0.0918121337890625	electrum.blockstream.info
423360	0.3261990547180176	0.09185576438903809	electrum.blockstream.info
425376	0.32468724250793457	0.08982706069946289	electrum.blockstream.info
427392	0.4826183319091797	0.09087777137756348	electrum.blockstream.info
429408	0.32593798637390137	0.09145379066467285	electrum.blockstream.info
431424	0.32463765144348145	0.09107375144958496	electrum.blockstream.info
433440	0.32913684844970703	0.09182357788085938	electrum.blockstream.info
435456	0.325150728225708	0.09030461311340332	electrum.blockstream.info
437472	0.3236260414123535	0.09062552452087402	electrum.blockstream.info
439488	0.32381224632263184	0.08993673324584961	electrum.blockstream.info
441504	0.3245387077331543	0.09151244163513184	electrum.blockstream.info
443520	0.324465274810791	0.09052872657775879	electrum.blockstream.info
445536	0.323702335357666	0.0906524658203125	electrum.blockstream.info
447552	0.32332730293273926	0.09020352363586426	electrum.blockstream.info
449568	0.32318973541259766	0.08949685096740723	electrum.blockstream.info
451584	0.32309532165527344	0.0897209644317627	electrum.blockstream.info
453600	0.32289791107177734	0.08953118324279785	electrum.blockstream.info
455616	0.32411789894104004	0.08937501907348633	electrum.blockstream.info
457632	0.324390172958374	0.0896463394165039	electrum.blockstream.info
459648	0.3241434097290039	0.09383702278137207	electrum.blockstream.info
461664	0.32314586639404297	0.08839249610900879	electrum.blockstream.info
463680	0.32418274879455566	0.08832406997680664	electrum.blockstream.info
465696	0.3240549564361572	0.08968162536621094	electrum.blockstream.info
467712	0.48319339752197266	0.09064841270446777	electrum.blockstream.info
469728	0.48229050636291504	0.09085583686828613	electrum.blockstream.info
471744	0.4792914390563965	0.0906825065612793	electrum.blockstream.info
473760	0.3269026279449463	0.08974123001098633	electrum.blockstream.info
475776	0.3234133720397949	0.0903480052947998	electrum.blockstream.info
477792	0.3232734203338623	0.09106755256652832	electrum.blockstream.info
479808	0.32312750816345215	0.09157752990722656	electrum.blockstream.info
481824	0.3230116367340088	0.09135246276855469	electrum.blockstream.info
483840	0.3239572048187256	0.09029459953308105	electrum.blockstream.info
485856	0.32364559173583984	0.09560680389404297	electrum.blockstream.info
487872	0.32270193099975586	0.0941319465637207	electrum.blockstream.info
489888	0.3228585720062256	0.0917971134185791	electrum.blockstream.info
491904	0.323930025100708	0.09188008308410645	electrum.blockstream.info
493920	0.32395434379577637	0.09280776977539062	electrum.blockstream.info
495936	0.32424044609069824	0.09398269653320312	electrum.blockstream.info
497952	0.32449841499328613	0.09603691101074219	electrum.blockstream.info
499968	0.32445645332336426	0.09176135063171387	electrum.blockstream.info
501984	0.32492828369140625	0.09298157691955566	electrum.blockstream.info
504000	0.32633519172668457	0.09144473075866699	electrum.blockstream.info
506016	0.3239600658416748	0.0902562141418457	electrum.blockstream.info
508032	0.3236374855041504	0.09051728248596191	electrum.blockstream.info
510048	0.32518720626831055	0.09082388877868652	electrum.blockstream.info
512064	0.32504725456237793	0.09043073654174805	electrum.blockstream.info
514080	0.32367968559265137	0.09082269668579102	electrum.blockstream.info
516096	0.3244645595550537	0.0902259349822998	electrum.blockstream.info
518112	0.3244154453277588	0.09042787551879883	electrum.blockstream.info
520128	0.32587409019470215	0.09089326858520508	electrum.blockstream.info
522144	0.4820373058319092	0.0901024341583252	electrum.blockstream.info
524160	0.483076810836792	0.09029960632324219	electrum.blockstream.info
526176	0.484478235244751	0.08968663215637207	electrum.blockstream.info
528192	0.3255801200866699	0.08984875679016113	electrum.blockstream.info
530208	0.32498908042907715	0.09067487716674805	electrum.blockstream.info
532224	0.3256497383117676	0.09118032455444336	electrum.blockstream.info
534240	0.33126068115234375	0.09136557579040527	electrum.blockstream.info
536256	0.331890344619751	0.08996391296386719	electrum.blockstream.info
538272	0.32730913162231445	0.09126996994018555	electrum.blockstream.info
540288	0.3251826763153076	0.08976888656616211	electrum.blockstream.info
542304	0.3251831531524658	0.08957457542419434	electrum.blockstream.info
544320	0.3238334655761719	0.08971714973449707	electrum.blockstream.info
546336	0.3237333297729492	0.09199929237365723	electrum.blockstream.info
548352	0.32250046730041504	0.09041094779968262	electrum.blockstream.info
550368	0.4803614616394043	0.09050178527832031	electrum.blockstream.info
552384	0.4803650379180908	0.09056806564331055	electrum.blockstream.info
554400	0.48007869720458984	0.09119057655334473	electrum.blockstream.info
556416	0.4805898666381836	0.09183526039123535	electrum.blockstream.info
558432	0.48096752166748047	0.09180331230163574	electrum.blockstream.info
560448	0.4819800853729248	0.09233832359313965	electrum.blockstream.info
562464	0.4813375473022461	0.09196043014526367	electrum.blockstream.info
564480	0.3237617015838623	0.09096336364746094	electrum.blockstream.info
566496	0.32400012016296387	0.09117650985717773	electrum.blockstream.info
568512	0.3247840404510498	0.0909125804901123	electrum.blockstream.info
570528	0.3245725631713867	0.0903623104095459	electrum.blockstream.info
572544	0.3236818313598633	0.09197473526000977	electrum.blockstream.info
574560	0.32472777366638184	0.09125447273254395	electrum.blockstream.info
576576	0.3243236541748047	0.09137725830078125	electrum.blockstream.info
578592	0.32490110397338867	0.09008073806762695	electrum.blockstream.info
580608	0.3256978988647461	0.0905618667602539	electrum.blockstream.info
582624	0.3261699676513672	0.09036827087402344	electrum.blockstream.info
584640	0.3268606662750244	0.09057164192199707	electrum.blockstream.info
586656	0.327709436416626	0.08973407745361328	electrum.blockstream.info
588672	0.32523131370544434	0.09193658828735352	electrum.blockstream.info
590688	0.32474851608276367	0.09167098999023438	electrum.blockstream.info
592704	0.32604265213012695	0.09166383743286133	electrum.blockstream.info
594720	0.325237512588501	0.09098243713378906	electrum.blockstream.info
596736	0.32521629333496094	0.09789466857910156	electrum.blockstream.info
598752	0.3244669437408447	0.09105992317199707	electrum.blockstream.info
600768	0.32449841499328613	0.09250640869140625	electrum.blockstream.info
602784	0.3260345458984375	0.09155154228210449	electrum.blockstream.info
604800	0.32621049880981445	0.09338521957397461	electrum.blockstream.info
606816	0.32458949089050293	0.09256219863891602	electrum.blockstream.info
608832	0.3254389762878418	0.09130978584289551	electrum.blockstream.info
610848	0.3252744674682617	0.09189462661743164	electrum.blockstream.info
612864	0.3233473300933838	0.09173178672790527	electrum.blockstream.info
614880	0.32701706886291504	0.09197378158569336	electrum.blockstream.info
616896	0.32622289657592773	0.09196019172668457	electrum.blockstream.info
618912	0.3247079849243164	0.09259343147277832	electrum.blockstream.info
620928	0.3245203495025635	0.09253334999084473	electrum.blockstream.info
622944	0.3233907222747803	0.0931081771850586	electrum.blockstream.info
624960	0.32373666763305664	0.0900120735168457	electrum.blockstream.info
626976	0.32395505905151367	0.09149694442749023	electrum.blockstream.info
628992	0.32445764541625977	0.0914309024810791	electrum.blockstream.info
631008	0.3258018493652344	0.0903468132019043	electrum.blockstream.info
633024	0.32412195205688477	0.09215188026428223	electrum.blockstream.info
635040	0.3241920471191406	0.09318733215332031	electrum.blockstream.info
637056	0.3304173946380615	0.09151411056518555	electrum.blockstream.info
639072	0.3241000175476074	0.09162712097167969	electrum.blockstream.info
641088	0.32596492767333984	0.09251856803894043	electrum.blockstream.info
643104	0.323899507522583	0.09146666526794434	electrum.blockstream.info
645120	0.47993993759155273	0.09220099449157715	electrum.blockstream.info
647136	0.32561278343200684	0.09314775466918945	electrum.blockstream.info
649152	0.3266286849975586	0.09231758117675781	electrum.blockstream.info
651168	0.3249626159667969	0.09171605110168457	electrum.blockstream.info
653184	0.3275008201599121	0.09229087829589844	electrum.blockstream.info
655200	0.3253917694091797	0.0913393497467041	electrum.blockstream.info
657216	0.32187342643737793	0.05749034881591797	electrum.blockstream.info
