1	0.7472999095916748	0.08681559562683105	electrum3.hodlister.co
2016	0.33707737922668457	0.08671712875366211	electrum3.hodlister.co
4032	0.35094404220581055	0.08725500106811523	electrum3.hodlister.co
6048	0.3550841808319092	0.08700847625732422	electrum3.hodlister.co
8064	0.3446943759918213	0.0866849422454834	electrum3.hodlister.co
10080	0.349027156829834	0.09161376953125	electrum3.hodlister.co
12096	0.34954333305358887	0.08574485778808594	electrum3.hodlister.co
14112	0.34977054595947266	0.08542180061340332	electrum3.hodlister.co
16128	0.3479609489440918	0.08790016174316406	electrum3.hodlister.co
18144	0.3483870029449463	0.08620071411132812	electrum3.hodlister.co
20160	0.3508481979370117	0.08738493919372559	electrum3.hodlister.co
22176	0.34658050537109375	0.08745360374450684	electrum3.hodlister.co
24192	0.34508824348449707	0.08675217628479004	electrum3.hodlister.co
26208	0.34423184394836426	0.0859823226928711	electrum3.hodlister.co
28224	0.34894704818725586	0.08766555786132812	electrum3.hodlister.co
30240	0.3599886894226074	0.08731508255004883	electrum3.hodlister.co
32256	0.3514523506164551	0.08839988708496094	electrum3.hodlister.co
34272	0.34449005126953125	0.17438793182373047	electrum3.hodlister.co
36288	0.3478403091430664	0.10484600067138672	electrum3.hodlister.co
38304	0.3500998020172119	0.08718466758728027	electrum3.hodlister.co
40320	0.3501110076904297	0.08611726760864258	electrum3.hodlister.co
42336	0.34873175621032715	0.08675217628479004	electrum3.hodlister.co
44352	0.34624242782592773	0.08690023422241211	electrum3.hodlister.co
46368	0.34454774856567383	0.08660054206848145	electrum3.hodlister.co
48384	0.3479151725769043	0.0866403579711914	electrum3.hodlister.co
50400	0.34824562072753906	0.08691763877868652	electrum3.hodlister.co
52416	0.3492748737335205	0.09223175048828125	electrum3.hodlister.co
54432	0.34958648681640625	0.08678269386291504	electrum3.hodlister.co
56448	0.34665894508361816	0.0863649845123291	electrum3.hodlister.co
58464	0.34529781341552734	0.0863027572631836	electrum3.hodlister.co
60480	0.3469254970550537	0.08675146102905273	electrum3.hodlister.co
62496	0.3446683883666992	0.08693194389343262	electrum3.hodlister.co
64512	0.3449971675872803	0.08679962158203125	electrum3.hodlister.co
66528	0.34695959091186523	0.08644342422485352	electrum3.hodlister.co
68544	0.34702467918395996	0.08691763877868652	electrum3.hodlister.co
70560	0.3503763675689697	0.08690881729125977	electrum3.hodlister.co
72576	0.34807586669921875	0.08725380897521973	electrum3.hodlister.co
74592	0.34694719314575195	0.08681893348693848	electrum3.hodlister.co
76608	0.34754109382629395	0.08669853210449219	electrum3.hodlister.co
78624	0.345348596572876	0.08658957481384277	electrum3.hodlister.co
80640	0.3473050594329834	0.08636689186096191	electrum3.hodlister.co
82656	0.3485240936279297	0.08679318428039551	electrum3.hodlister.co
84672	0.3455629348754883	0.0858759880065918	electrum3.hodlister.co
86688	0.3445279598236084	0.08593535423278809	electrum3.hodlister.co
88704	0.3477318286895752	0.08724045753479004	electrum3.hodlister.co
90720	0.3491387367248535	0.08632040023803711	electrum3.hodlister.co
92736	0.3510246276855469	0.08688521385192871	electrum3.hodlister.co
94752	0.3485233783721924	0.08696436882019043	electrum3.hodlister.co
96768	0.3509848117828369	0.08669519424438477	electrum3.hodlister.co
98784	0.3513479232788086	0.08687472343444824	electrum3.hodlister.co
100800	0.34513306617736816	0.08670735359191895	electrum3.hodlister.co
102816	0.34467625617980957	0.08795022964477539	electrum3.hodlister.co
104832	0.34749388694763184	0.08742952346801758	electrum3.hodlister.co
106848	0.34885287284851074	0.08642101287841797	electrum3.hodlister.co
108864	0.34877657890319824	0.08631658554077148	electrum3.hodlister.co
110880	0.3466973304748535	0.08810758590698242	electrum3.hodlister.co
112896	0.3475964069366455	0.08777713775634766	electrum3.hodlister.co
114912	0.3496429920196533	0.0875401496887207	electrum3.hodlister.co
116928	0.3449368476867676	0.08849167823791504	electrum3.hodlister.co
118944	0.34609317779541016	0.08796811103820801	electrum3.hodlister.co
120960	0.34467101097106934	0.0884242057800293	electrum3.hodlister.co
122976	0.3486030101776123	0.08835411071777344	electrum3.hodlister.co
124992	0.35056400299072266	0.08810687065124512	electrum3.hodlister.co
127008	0.3458414077758789	0.0885918140411377	electrum3.hodlister.co
129024	0.35057616233825684	0.08803796768188477	electrum3.hodlister.co
131040	0.3515903949737549	0.08746623992919922	electrum3.hodlister.co
133056	0.3514420986175537	0.08724117279052734	electrum3.hodlister.co
135072	0.34868502616882324	0.08783745765686035	electrum3.hodlister.co
137088	0.3456077575683594	0.08777189254760742	electrum3.hodlister.co
139104	0.34847521781921387	0.0873572826385498	electrum3.hodlister.co
141120	0.35194969177246094	0.08756899833679199	electrum3.hodlister.co
143136	0.3452162742614746	0.08679437637329102	electrum3.hodlister.co
145152	0.45533132553100586	0.08672642707824707	electrum3.hodlister.co
147168	0.35007524490356445	0.08742547035217285	electrum3.hodlister.co
149184	0.34949612617492676	0.08750486373901367	electrum3.hodlister.co
151200	0.34641337394714355	0.08641624450683594	electrum3.hodlister.co
153216	0.3501920700073242	0.0868375301361084	electrum3.hodlister.co
155232	0.3492858409881592	0.08740878105163574	electrum3.hodlister.co
157248	0.35806751251220703	0.08860230445861816	electrum3.hodlister.co
159264	0.35174131393432617	0.08791899681091309	electrum3.hodlister.co
161280	0.3445751667022705	0.08818483352661133	electrum3.hodlister.co
163296	0.3454015254974365	0.08718156814575195	electrum3.hodlister.co
165312	0.34371423721313477	0.08695197105407715	electrum3.hodlister.co
167328	0.3475322723388672	0.08775448799133301	electrum3.hodlister.co
169344	0.34316563606262207	0.08762192726135254	electrum3.hodlister.co
171360	0.34395360946655273	0.08736610412597656	electrum3.hodlister.co
173376	0.3494579792022705	0.08651566505432129	electrum3.hodlister.co
175392	0.343799352645874	0.08611226081848145	electrum3.hodlister.co
177408	0.34758877754211426	0.08607673645019531	electrum3.hodlister.co
179424	0.347076416015625	0.08603405952453613	electrum3.hodlister.co
181440	0.3484790325164795	0.08742666244506836	electrum3.hodlister.co
183456	0.34874677658081055	0.08704733848571777	electrum3.hodlister.co
185472	0.3501615524291992	0.0906972885131836	electrum3.hodlister.co
187488	0.3485424518585205	0.0872654914855957	electrum3.hodlister.co
189504	0.34764695167541504	0.08804941177368164	electrum3.hodlister.co
191520	0.34980201721191406	0.0875701904296875	electrum3.hodlister.co
193536	0.3432161808013916	0.08742165565490723	electrum3.hodlister.co
195552	0.3474597930908203	0.08771038055419922	electrum3.hodlister.co
197568	0.3460402488708496	0.08763694763183594	electrum3.hodlister.co
199584	0.3493363857269287	0.0875856876373291	electrum3.hodlister.co
201600	0.34889960289001465	0.08770275115966797	electrum3.hodlister.co
203616	0.5653548240661621	0.08708333969116211	electrum3.hodlister.co
205632	0.348175048828125	0.08713960647583008	electrum3.hodlister.co
207648	0.34819459915161133	0.08734011650085449	electrum3.hodlister.co
209664	0.3442542552947998	0.08644342422485352	electrum3.hodlister.co
211680	0.3439311981201172	0.0868527889251709	electrum3.hodlister.co
213696	0.34403467178344727	0.08774495124816895	electrum3.hodlister.co
215712	0.34319329261779785	0.08735084533691406	electrum3.hodlister.co
217728	0.3441047668457031	0.08817768096923828	electrum3.hodlister.co
219744	0.3478085994720459	0.08635187149047852	electrum3.hodlister.co
221760	0.34731221199035645	0.08735299110412598	electrum3.hodlister.co
223776	0.3457760810852051	0.08683228492736816	electrum3.hodlister.co
225792	0.34424662590026855	0.08745050430297852	electrum3.hodlister.co
227808	0.3457612991333008	0.08735299110412598	electrum3.hodlister.co
229824	0.3479163646697998	0.08692336082458496	electrum3.hodlister.co
231840	0.3487849235534668	0.08799219131469727	electrum3.hodlister.co
233856	0.34838366508483887	0.08753418922424316	electrum3.hodlister.co
235872	0.34442734718322754	0.08926272392272949	electrum3.hodlister.co
237888	0.34447598457336426	0.09810996055603027	electrum3.hodlister.co
239904	0.34788084030151367	0.08834290504455566	electrum3.hodlister.co
241920	0.3444859981536865	0.08905959129333496	electrum3.hodlister.co
243936	0.3426375389099121	0.08912277221679688	electrum3.hodlister.co
245952	0.3465704917907715	0.0881967544555664	electrum3.hodlister.co
247968	0.3474898338317871	0.08898282051086426	electrum3.hodlister.co
249984	0.3474268913269043	0.08849883079528809	electrum3.hodlister.co
252000	0.34946250915527344	0.0879831314086914	electrum3.hodlister.co
254016	0.34990429878234863	0.08931803703308105	electrum3.hodlister.co
256032	0.3470737934112549	0.08825325965881348	electrum3.hodlister.co
258048	0.3483576774597168	0.0889737606048584	electrum3.hodlister.co
260064	0.3474125862121582	0.08830046653747559	electrum3.hodlister.co
262080	0.3466920852661133	0.08889126777648926	electrum3.hodlister.co
264096	0.35062170028686523	0.08758950233459473	electrum3.hodlister.co
266112	0.34984588623046875	0.08711981773376465	electrum3.hodlister.co
268128	0.3480794429779053	0.08827090263366699	electrum3.hodlister.co
270144	0.3481745719909668	0.08737874031066895	electrum3.hodlister.co
272160	0.34787416458129883	0.08597564697265625	electrum3.hodlister.co
274176	0.3487687110900879	0.08827733993530273	electrum3.hodlister.co
276192	0.3469083309173584	0.12285542488098145	electrum3.hodlister.co
278208	0.3496990203857422	0.08701539039611816	electrum3.hodlister.co
280224	0.3468916416168213	0.08829712867736816	electrum3.hodlister.co
282240	0.3463113307952881	0.0874776840209961	electrum3.hodlister.co
284256	0.3451728820800781	0.08790946006774902	electrum3.hodlister.co
286272	0.3433377742767334	0.08664727210998535	electrum3.hodlister.co
288288	0.34719228744506836	0.08773374557495117	electrum3.hodlister.co
290304	0.3535587787628174	0.08906745910644531	electrum3.hodlister.co
292320	0.3514821529388428	0.0887596607208252	electrum3.hodlister.co
294336	0.34700918197631836	0.08880019187927246	electrum3.hodlister.co
296352	0.34422874450683594	0.09120011329650879	electrum3.hodlister.co
298368	0.3470418453216553	0.08872842788696289	electrum3.hodlister.co
300384	0.34489893913269043	0.0879058837890625	electrum3.hodlister.co
302400	0.3469409942626953	0.0883491039276123	electrum3.hodlister.co
304416	0.34520721435546875	0.08689308166503906	electrum3.hodlister.co
306432	0.3540005683898926	0.08693337440490723	electrum3.hodlister.co
308448	0.34845948219299316	0.08803558349609375	electrum3.hodlister.co
310464	0.3465251922607422	0.08962702751159668	electrum3.hodlister.co
312480	0.3475496768951416	0.0883321762084961	electrum3.hodlister.co
314496	0.3468637466430664	0.08931660652160645	electrum3.hodlister.co
316512	0.3501567840576172	0.08781862258911133	electrum3.hodlister.co
318528	0.3480081558227539	0.08796811103820801	electrum3.hodlister.co
320544	0.34845566749572754	0.08964204788208008	electrum3.hodlister.co
322560	0.34435272216796875	0.08893632888793945	electrum3.hodlister.co
324576	0.34368157386779785	0.08890175819396973	electrum3.hodlister.co
326592	0.34730100631713867	0.0869593620300293	electrum3.hodlister.co
328608	0.3466837406158447	0.08730840682983398	electrum3.hodlister.co
330624	0.3488037586212158	0.08999204635620117	electrum3.hodlister.co
332640	0.3478050231933594	0.08808016777038574	electrum3.hodlister.co
334656	0.3443179130554199	0.08937335014343262	electrum3.hodlister.co
336672	0.3444349765777588	0.08960294723510742	electrum3.hodlister.co
338688	0.34671926498413086	0.08794212341308594	electrum3.hodlister.co
340704	0.3460273742675781	0.08923625946044922	electrum3.hodlister.co
342720	0.34731435775756836	0.08874392509460449	electrum3.hodlister.co
344736	0.34906554222106934	0.08846211433410645	electrum3.hodlister.co
346752	0.34920835494995117	0.0881044864654541	electrum3.hodlister.co
348768	0.5614144802093506	0.0870351791381836	electrum3.hodlister.co
350784	0.349806547164917	0.08648562431335449	electrum3.hodlister.co
352800	0.3460230827331543	0.0856776237487793	electrum3.hodlister.co
354816	0.3452281951904297	0.08937883377075195	electrum3.hodlister.co
356832	0.34395289421081543	0.08771419525146484	electrum3.hodlister.co
358848	0.3463919162750244	0.08511233329772949	electrum3.hodlister.co
360864	0.34691333770751953	0.08858513832092285	electrum3.hodlister.co
362880	0.3488154411315918	0.08846259117126465	electrum3.hodlister.co
364896	0.35028958320617676	0.08844208717346191	electrum3.hodlister.co
366912	0.34506750106811523	0.08874630928039551	electrum3.hodlister.co
368928	0.3448350429534912	0.0887155532836914	electrum3.hodlister.co
370944	0.3482789993286133	0.08805632591247559	electrum3.hodlister.co
372960	0.3494143486022949	0.08971285820007324	electrum3.hodlister.co
374976	0.34633970260620117	0.08918213844299316	electrum3.hodlister.co
376992	0.348339319229126	0.08847570419311523	electrum3.hodlister.co
379008	0.34432315826416016	0.08954381942749023	electrum3.hodlister.co
381024	0.3472771644592285	0.08762359619140625	electrum3.hodlister.co
383040	0.34377264976501465	0.08860349655151367	electrum3.hodlister.co
385056	0.3476388454437256	0.08852291107177734	electrum3.hodlister.co
387072	0.34750962257385254	0.08763980865478516	electrum3.hodlister.co
389088	0.349200963973999	0.08884882926940918	electrum3.hodlister.co
391104	0.34496235847473145	0.0889441967010498	electrum3.hodlister.co
393120	0.34917306900024414	0.08865690231323242	electrum3.hodlister.co
395136	0.34894561767578125	0.08870887756347656	electrum3.hodlister.co
397152	0.34662461280822754	0.08821940422058105	electrum3.hodlister.co
399168	0.344942569732666	0.08721709251403809	electrum3.hodlister.co
401184	0.3474249839782715	0.08810567855834961	electrum3.hodlister.co
403200	0.3498969078063965	0.08779191970825195	electrum3.hodlister.co
405216	0.34831786155700684	0.0883030891418457	electrum3.hodlister.co
407232	0.34532833099365234	0.0871882438659668	electrum3.hodlister.co
409248	0.34771060943603516	0.08825993537902832	electrum3.hodlister.co
411264	0.3481009006500244	0.0885629653930664	electrum3.hodlister.co
413280	0.34995436668395996	0.08807539939880371	electrum3.hodlister.co
415296	0.34691596031188965	0.08695197105407715	electrum3.hodlister.co
417312	0.3480353355407715	0.08857607841491699	electrum3.hodlister.co
419328	0.34503841400146484	0.09211492538452148	electrum3.hodlister.co
421344	0.34817051887512207	0.08858323097229004	electrum3.hodlister.co
423360	0.34990763664245605	0.08849406242370605	electrum3.hodlister.co
425376	0.3493812084197998	0.08892488479614258	electrum3.hodlister.co
427392	0.3508768081665039	0.08921265602111816	electrum3.hodlister.co
429408	0.3579742908477783	0.08690357208251953	electrum3.hodlister.co
431424	0.34987759590148926	0.08775091171264648	electrum3.hodlister.co
433440	0.3498525619506836	0.0883779525756836	electrum3.hodlister.co
435456	0.34509968757629395	0.08800721168518066	electrum3.hodlister.co
437472	0.343764066696167	0.0891876220703125	electrum3.hodlister.co
439488	0.34814453125	0.08918118476867676	electrum3.hodlister.co
441504	0.3489809036254883	0.08986687660217285	electrum3.hodlister.co
443520	0.35022425651550293	0.08802556991577148	electrum3.hodlister.co
445536	0.34970951080322266	0.08777332305908203	electrum3.hodlister.co
447552	0.353147029876709	0.0873403549194336	electrum3.hodlister.co
449568	0.35043907165527344	0.08734846115112305	electrum3.hodlister.co
451584	0.3499643802642822	0.08828449249267578	electrum3.hodlister.co
453600	0.34829258918762207	0.08829855918884277	electrum3.hodlister.co
455616	0.34859561920166016	0.08752179145812988	electrum3.hodlister.co
457632	0.3468341827392578	0.08741378784179688	electrum3.hodlister.co
459648	0.344104528427124	0.08764839172363281	electrum3.hodlister.co
461664	0.3470489978790283	0.08774209022521973	electrum3.hodlister.co
463680	0.348696231842041	0.08716011047363281	electrum3.hodlister.co
465696	0.34978175163269043	0.08890175819396973	electrum3.hodlister.co
467712	0.3441777229309082	0.0876302719116211	electrum3.hodlister.co
469728	0.3466043472290039	0.0875234603881836	electrum3.hodlister.co
471744	0.34537386894226074	0.08977389335632324	electrum3.hodlister.co
473760	0.5643303394317627	0.08525967597961426	electrum3.hodlister.co
475776	0.34531307220458984	0.08706545829772949	electrum3.hodlister.co
477792	0.3442702293395996	0.0883183479309082	electrum3.hodlister.co
479808	0.3478081226348877	0.0879666805267334	electrum3.hodlister.co
481824	0.3444051742553711	0.08719491958618164	electrum3.hodlister.co
483840	0.34766077995300293	0.08714771270751953	electrum3.hodlister.co
485856	0.3497133255004883	0.09156465530395508	electrum3.hodlister.co
487872	0.3440074920654297	0.08711385726928711	electrum3.hodlister.co
489888	0.35071325302124023	0.08733010292053223	electrum3.hodlister.co
491904	0.3465616703033447	0.08725523948669434	electrum3.hodlister.co
493920	0.34510254859924316	0.08873629570007324	electrum3.hodlister.co
495936	0.3441624641418457	0.08805131912231445	electrum3.hodlister.co
497952	0.3444361686706543	0.08919835090637207	electrum3.hodlister.co
499968	0.34409284591674805	0.08905720710754395	electrum3.hodlister.co
501984	0.3458385467529297	0.08811092376708984	electrum3.hodlister.co
504000	0.3459343910217285	0.08832073211669922	electrum3.hodlister.co
506016	0.3470158576965332	0.08875346183776855	electrum3.hodlister.co
508032	0.3458065986633301	0.08895158767700195	electrum3.hodlister.co
510048	0.3439748287200928	0.08703184127807617	electrum3.hodlister.co
512064	0.3455929756164551	0.08840441703796387	electrum3.hodlister.co
514080	0.3433551788330078	0.08835077285766602	electrum3.hodlister.co
516096	0.34789204597473145	0.08898234367370605	electrum3.hodlister.co
518112	0.34485697746276855	0.08942246437072754	electrum3.hodlister.co
520128	0.34421253204345703	0.0893094539642334	electrum3.hodlister.co
522144	0.34855127334594727	0.08881878852844238	electrum3.hodlister.co
524160	0.5658717155456543	0.08856701850891113	electrum3.hodlister.co
526176	0.3521120548248291	0.08827066421508789	electrum3.hodlister.co
528192	0.3493196964263916	0.08852887153625488	electrum3.hodlister.co
530208	0.34913206100463867	0.08837771415710449	electrum3.hodlister.co
532224	0.348494291305542	0.08780217170715332	electrum3.hodlister.co
534240	0.34950757026672363	0.08919882774353027	electrum3.hodlister.co
536256	0.3481926918029785	0.08905887603759766	electrum3.hodlister.co
538272	0.3436896800994873	0.0892629623413086	electrum3.hodlister.co
540288	0.34766387939453125	0.08902096748352051	electrum3.hodlister.co
542304	0.3489861488342285	0.08952522277832031	electrum3.hodlister.co
544320	0.3472297191619873	0.08744168281555176	electrum3.hodlister.co
546336	0.349484920501709	0.08945441246032715	electrum3.hodlister.co
548352	0.3521108627319336	0.08923530578613281	electrum3.hodlister.co
550368	0.3461146354675293	0.08895397186279297	electrum3.hodlister.co
552384	0.3453097343444824	0.08942604064941406	electrum3.hodlister.co
554400	0.34397196769714355	0.08826899528503418	electrum3.hodlister.co
556416	0.34801411628723145	0.08916306495666504	electrum3.hodlister.co
558432	0.34722185134887695	0.08948183059692383	electrum3.hodlister.co
560448	0.3494594097137451	0.08778166770935059	electrum3.hodlister.co
562464	0.34537458419799805	0.08906006813049316	electrum3.hodlister.co
564480	0.3490414619445801	0.0971670150756836	electrum3.hodlister.co
566496	0.3490421772003174	0.08711051940917969	electrum3.hodlister.co
568512	0.3556222915649414	0.08945059776306152	electrum3.hodlister.co
570528	0.34929513931274414	0.08920598030090332	electrum3.hodlister.co
572544	0.3507072925567627	0.08612608909606934	electrum3.hodlister.co
574560	0.3513777256011963	0.08600163459777832	electrum3.hodlister.co
576576	0.35866737365722656	0.08599472045898438	electrum3.hodlister.co
578592	0.3454556465148926	0.0858914852142334	electrum3.hodlister.co
580608	0.3475341796875	0.08536219596862793	electrum3.hodlister.co
582624	0.35368967056274414	0.08528828620910645	electrum3.hodlister.co
584640	0.3500213623046875	0.08453106880187988	electrum3.hodlister.co
586656	0.34800267219543457	0.08515214920043945	electrum3.hodlister.co
588672	0.34769630432128906	0.08741211891174316	electrum3.hodlister.co
590688	0.34775781631469727	0.0885310173034668	electrum3.hodlister.co
592704	0.3460988998413086	0.08865809440612793	electrum3.hodlister.co
594720	0.34454774856567383	0.08824777603149414	electrum3.hodlister.co
596736	0.34985971450805664	0.08890366554260254	electrum3.hodlister.co
598752	0.3522360324859619	0.08645486831665039	electrum3.hodlister.co
600768	0.34468841552734375	0.08790206909179688	electrum3.hodlister.co
602784	0.34538769721984863	0.08904528617858887	electrum3.hodlister.co
604800	0.3438549041748047	0.0876932144165039	electrum3.hodlister.co
606816	0.34520530700683594	0.09015965461730957	electrum3.hodlister.co
608832	0.344881534576416	0.09024500846862793	electrum3.hodlister.co
610848	0.3475492000579834	0.08922410011291504	electrum3.hodlister.co
612864	0.3480045795440674	0.08927392959594727	electrum3.hodlister.co
614880	0.34460902214050293	0.08941364288330078	electrum3.hodlister.co
616896	0.5614416599273682	0.08949041366577148	electrum3.hodlister.co
618912	0.3487436771392822	0.08764147758483887	electrum3.hodlister.co
620928	0.3514738082885742	0.08951687812805176	electrum3.hodlister.co
622944	0.34646153450012207	0.08909797668457031	electrum3.hodlister.co
624960	0.34841179847717285	0.08993053436279297	electrum3.hodlister.co
626976	0.3488340377807617	0.09076905250549316	electrum3.hodlister.co
628992	0.35552072525024414	0.08946418762207031	electrum3.hodlister.co
631008	0.34751033782958984	0.0890798568725586	electrum3.hodlister.co
633024	0.3452332019805908	0.08901381492614746	electrum3.hodlister.co
635040	0.346407413482666	0.08870673179626465	electrum3.hodlister.co
637056	0.3445115089416504	0.08877134323120117	electrum3.hodlister.co
639072	0.34764981269836426	0.08895277976989746	electrum3.hodlister.co
641088	0.3455641269683838	0.0885009765625	electrum3.hodlister.co
643104	0.3490779399871826	0.0888516902923584	electrum3.hodlister.co
645120	0.3483912944793701	0.08895754814147949	electrum3.hodlister.co
647136	0.34827399253845215	0.08843541145324707	electrum3.hodlister.co
649152	0.3463263511657715	0.08979105949401855	electrum3.hodlister.co
651168	0.3443877696990967	0.08957386016845703	electrum3.hodlister.co
653184	0.35039758682250977	0.08960580825805664	electrum3.hodlister.co
655200	0.34934377670288086	0.0892491340637207	electrum3.hodlister.co
657216	0.2738513946533203	0.056511878967285156	electrum3.hodlister.co
