1	2.081827402114868	0.08690786361694336	electrum5.hodlister.co
2016	2.663245916366577	0.08747410774230957	electrum5.hodlister.co
4032	2.688175678253174	0.08712291717529297	electrum5.hodlister.co
6048	2.7571640014648438	0.08780455589294434	electrum5.hodlister.co
8064	2.7730748653411865	0.08601069450378418	electrum5.hodlister.co
10080	2.8148648738861084	0.08535432815551758	electrum5.hodlister.co
12096	2.8481369018554688	0.08719182014465332	electrum5.hodlister.co
14112	2.8853204250335693	0.08458614349365234	electrum5.hodlister.co
16128	2.93497371673584	0.0862433910369873	electrum5.hodlister.co
18144	2.9819722175598145	0.0830698013305664	electrum5.hodlister.co
20160	3.041719436645508	0.08748459815979004	electrum5.hodlister.co
22176	3.0695769786834717	0.08719468116760254	electrum5.hodlister.co
24192	3.1190030574798584	0.08721566200256348	electrum5.hodlister.co
26208	3.1602847576141357	0.08579635620117188	electrum5.hodlister.co
28224	3.2016212940216064	0.08664798736572266	electrum5.hodlister.co
30240	3.2742197513580322	0.08664155006408691	electrum5.hodlister.co
32256	3.3004322052001953	0.08722066879272461	electrum5.hodlister.co
34272	3.345831871032715	0.08615922927856445	electrum5.hodlister.co
36288	3.3914313316345215	0.08710813522338867	electrum5.hodlister.co
38304	3.982999801635742	0.08987975120544434	electrum5.hodlister.co
40320	3.525418281555176	0.08686161041259766	electrum5.hodlister.co
42336	3.583214521408081	0.08740353584289551	electrum5.hodlister.co
44352	3.623920440673828	0.09226822853088379	electrum5.hodlister.co
46368	3.6591808795928955	0.08638954162597656	electrum5.hodlister.co
48384	3.711107015609741	0.08800768852233887	electrum5.hodlister.co
50400	3.750755548477173	0.08746862411499023	electrum5.hodlister.co
52416	3.79298996925354	0.09415602684020996	electrum5.hodlister.co
54432	3.8446097373962402	0.08747482299804688	electrum5.hodlister.co
56448	3.8974907398223877	0.0873568058013916	electrum5.hodlister.co
58464	3.944842576980591	0.08830475807189941	electrum5.hodlister.co
60480	3.977781057357788	0.08675718307495117	electrum5.hodlister.co
62496	4.009775638580322	0.08781170845031738	electrum5.hodlister.co
64512	4.0309157371521	0.08747553825378418	electrum5.hodlister.co
66528	4.170424938201904	0.08748817443847656	electrum5.hodlister.co
68544	4.0861265659332275	0.08802962303161621	electrum5.hodlister.co
70560	4.112807273864746	0.08730220794677734	electrum5.hodlister.co
72576	5.18220067024231	0.08733129501342773	electrum5.hodlister.co
74592	3.426450252532959	0.0861208438873291	electrum5.hodlister.co
76608	3.24922513961792	0.08613967895507812	electrum5.hodlister.co
78624	3.5689733028411865	0.08630990982055664	electrum5.hodlister.co
80640	3.6693313121795654	0.08636116981506348	electrum5.hodlister.co
82656	3.159937858581543	0.08713936805725098	electrum5.hodlister.co
84672	3.144834041595459	0.0876913070678711	electrum5.hodlister.co
86688	3.1284611225128174	0.08769726753234863	electrum5.hodlister.co
88704	3.1252334117889404	0.08677077293395996	electrum5.hodlister.co
90720	3.1338555812835693	0.0868227481842041	electrum5.hodlister.co
92737	2.6579010486602783	0.08663201332092285	electrum5.hodlister.co
94752	1.330195665359497	0.08714485168457031	electrum5.hodlister.co
96768	0.3444962501525879	0.08802556991577148	electrum5.hodlister.co
98784	0.34970855712890625	0.08669543266296387	electrum5.hodlister.co
100800	0.385023832321167	0.08705949783325195	electrum5.hodlister.co
102816	0.6725130081176758	0.08689475059509277	electrum5.hodlister.co
104832	0.3468618392944336	0.0870506763458252	electrum5.hodlister.co
106848	0.6774368286132812	0.08677458763122559	electrum5.hodlister.co
108864	0.34972119331359863	0.0871427059173584	electrum5.hodlister.co
110880	0.3484072685241699	0.08759951591491699	electrum5.hodlister.co
112896	0.35158419609069824	0.0883631706237793	electrum5.hodlister.co
114912	0.3482666015625	0.0885305404663086	electrum5.hodlister.co
116928	0.34881591796875	0.08890271186828613	electrum5.hodlister.co
118944	0.3453047275543213	0.08861303329467773	electrum5.hodlister.co
120960	0.3510091304779053	0.08945775032043457	electrum5.hodlister.co
122976	0.34656548500061035	0.08794331550598145	electrum5.hodlister.co
124992	0.3779573440551758	0.08840727806091309	electrum5.hodlister.co
127008	0.34604310989379883	0.0880897045135498	electrum5.hodlister.co
129024	0.37914586067199707	0.08930158615112305	electrum5.hodlister.co
131040	0.3477773666381836	0.08844900131225586	electrum5.hodlister.co
133056	0.34998345375061035	0.08764791488647461	electrum5.hodlister.co
135072	0.6732883453369141	0.08848810195922852	electrum5.hodlister.co
137088	0.3489866256713867	0.08775973320007324	electrum5.hodlister.co
139104	0.34510159492492676	0.0884099006652832	electrum5.hodlister.co
141120	0.6738357543945312	0.08735203742980957	electrum5.hodlister.co
143136	0.3487224578857422	0.08897852897644043	electrum5.hodlister.co
145152	0.37754154205322266	0.08719086647033691	electrum5.hodlister.co
147168	0.675184965133667	0.08796858787536621	electrum5.hodlister.co
149184	0.3679821491241455	0.08875823020935059	electrum5.hodlister.co
151200	0.36074090003967285	0.08845829963684082	electrum5.hodlister.co
153216	0.34198856353759766	0.0865478515625	electrum5.hodlister.co
155232	0.3555562496185303	0.08834147453308105	electrum5.hodlister.co
157248	0.3433992862701416	0.08787345886230469	electrum5.hodlister.co
159264	0.34616875648498535	0.08908677101135254	electrum5.hodlister.co
161280	0.3473329544067383	0.08956360816955566	electrum5.hodlister.co
163296	0.34696316719055176	0.08936429023742676	electrum5.hodlister.co
165312	0.6870532035827637	0.08753633499145508	electrum5.hodlister.co
167328	0.6947355270385742	0.0881967544555664	electrum5.hodlister.co
169344	0.34604811668395996	0.0890202522277832	electrum5.hodlister.co
171360	0.35161399841308594	0.08829903602600098	electrum5.hodlister.co
173376	0.36731672286987305	0.08770012855529785	electrum5.hodlister.co
175392	0.3517155647277832	0.08769059181213379	electrum5.hodlister.co
177409	2.6665008068084717	0.08859777450561523	electrum.emzy.de
179424	2.2916760444641113	0.08824515342712402	electrum.emzy.de
181440	2.3336873054504395	0.08845043182373047	electrum.emzy.de
183456	2.3763201236724854	0.08851814270019531	electrum.emzy.de
185472	2.411184787750244	0.08813023567199707	electrum.emzy.de
187488	2.4501726627349854	0.08888006210327148	electrum.emzy.de
189504	2.4857869148254395	0.08881640434265137	electrum.emzy.de
191520	2.7615137100219727	0.08708357810974121	electrum.emzy.de
193536	2.562927722930908	0.08624386787414551	electrum.emzy.de
195552	2.6112451553344727	0.08857941627502441	electrum.emzy.de
197568	2.6411936283111572	0.08761978149414062	electrum.emzy.de
199584	2.6744437217712402	0.08774280548095703	electrum.emzy.de
201600	2.985191583633423	0.0885617733001709	electrum.emzy.de
203616	3.0045056343078613	0.08864378929138184	electrum.emzy.de
205632	3.0313222408294678	0.08864140510559082	electrum.emzy.de
207648	3.0611472129821777	0.08886098861694336	electrum.emzy.de
209664	3.0912835597991943	0.08892011642456055	electrum.emzy.de
211680	3.253659963607788	0.0882570743560791	electrum.emzy.de
213696	3.1459574699401855	0.08838939666748047	electrum.emzy.de
215712	3.1748008728027344	0.08938121795654297	electrum.emzy.de
217728	2.94484281539917	0.08822154998779297	electrum.emzy.de
219744	2.9535415172576904	0.08792829513549805	electrum.emzy.de
221760	3.2762458324432373	0.08888769149780273	electrum.emzy.de
223776	3.289527416229248	0.09158563613891602	electrum.emzy.de
225792	3.3174264430999756	0.08821892738342285	electrum.emzy.de
227808	3.34665846824646	0.09005331993103027	electrum.emzy.de
229824	3.3778958320617676	0.08832859992980957	electrum.emzy.de
231840	3.416790246963501	0.08926916122436523	electrum.emzy.de
233856	3.4383130073547363	0.08988547325134277	electrum.emzy.de
235872	3.468982219696045	0.08882927894592285	electrum.emzy.de
237888	3.498131275177002	0.08701133728027344	electrum.emzy.de
239904	3.5282211303710938	0.08734011650085449	electrum.emzy.de
241920	3.5663301944732666	0.09214186668395996	electrum.emzy.de
243936	3.586717367172241	0.08852815628051758	electrum.emzy.de
245952	3.6130213737487793	0.08915448188781738	electrum.emzy.de
247968	3.64463472366333	0.09135913848876953	electrum.emzy.de
249984	3.6753084659576416	0.08901000022888184	electrum.emzy.de
252000	3.7277913093566895	0.08841180801391602	electrum.emzy.de
