1	1.4001216888427734	0.08654618263244629	electrum.aantonop.com
2016	0.5586175918579102	0.08684754371643066	electrum.aantonop.com
4032	0.28570079803466797	0.08582115173339844	electrum.aantonop.com
6048	0.28602004051208496	0.08642077445983887	electrum.aantonop.com
8064	0.29642724990844727	0.08688783645629883	electrum.aantonop.com
10080	0.2920706272125244	0.09024548530578613	electrum.aantonop.com
12096	0.5704836845397949	0.08660745620727539	electrum.aantonop.com
14112	0.29994916915893555	0.08799147605895996	electrum.aantonop.com
16128	0.29511451721191406	0.08674407005310059	electrum.aantonop.com
18144	0.2855536937713623	0.08731484413146973	electrum.aantonop.com
20160	0.28722190856933594	0.08573174476623535	electrum.aantonop.com
22176	0.28882694244384766	0.08614134788513184	electrum.aantonop.com
24192	0.28568506240844727	0.08701443672180176	electrum.aantonop.com
26208	0.2989082336425781	0.08773088455200195	electrum.aantonop.com
28224	0.2864229679107666	0.17646074295043945	electrum.aantonop.com
30240	0.28618335723876953	0.11298942565917969	electrum.aantonop.com
32256	0.32114338874816895	0.0885775089263916	electrum.aantonop.com
34272	0.2846336364746094	0.08799147605895996	electrum.aantonop.com
36288	0.2870957851409912	0.08840799331665039	electrum.aantonop.com
38304	0.29245758056640625	0.08866524696350098	electrum.aantonop.com
40320	0.3032071590423584	0.08670449256896973	electrum.aantonop.com
42336	0.3621542453765869	0.0867767333984375	electrum.aantonop.com
44352	0.3089027404785156	0.08791136741638184	electrum.aantonop.com
46368	0.3011767864227295	0.08662700653076172	electrum.aantonop.com
48384	0.29594969749450684	0.08661127090454102	electrum.aantonop.com
50400	0.30760717391967773	0.08802652359008789	electrum.aantonop.com
52416	0.2919440269470215	0.0856790542602539	electrum.aantonop.com
54432	0.2886950969696045	0.08602643013000488	electrum.aantonop.com
56448	0.28662610054016113	0.08671402931213379	electrum.aantonop.com
58464	0.31146883964538574	0.08656764030456543	electrum.aantonop.com
60480	0.28488779067993164	0.08549833297729492	electrum.aantonop.com
62496	0.29007863998413086	0.08690810203552246	electrum.aantonop.com
64512	0.2888612747192383	0.08657145500183105	electrum.aantonop.com
66528	0.2938683032989502	0.0860598087310791	electrum.aantonop.com
68544	0.29470372200012207	0.0870509147644043	electrum.aantonop.com
70560	0.28766393661499023	0.08568787574768066	electrum.aantonop.com
72576	0.289902925491333	0.08717060089111328	electrum.aantonop.com
74592	0.2892889976501465	0.08761835098266602	electrum.aantonop.com
76608	0.2974057197570801	0.08631062507629395	electrum.aantonop.com
78624	0.294330358505249	0.08736896514892578	electrum.aantonop.com
80640	0.28686022758483887	0.08675312995910645	electrum.aantonop.com
82656	0.2842833995819092	0.08740878105163574	electrum.aantonop.com
84672	0.2859013080596924	0.0871589183807373	electrum.aantonop.com
86688	0.2871417999267578	0.08700156211853027	electrum.aantonop.com
88704	0.288222074508667	0.0870048999786377	electrum.aantonop.com
90720	0.28481459617614746	0.0879964828491211	electrum.aantonop.com
92736	0.28434181213378906	0.08788895606994629	electrum.aantonop.com
94752	0.2853262424468994	0.08810853958129883	electrum.aantonop.com
96768	0.2834322452545166	0.08762860298156738	electrum.aantonop.com
98784	0.28540873527526855	0.08835840225219727	electrum.aantonop.com
100800	0.28972840309143066	0.0870819091796875	electrum.aantonop.com
102816	0.2858283519744873	0.08665180206298828	electrum.aantonop.com
104832	0.28464460372924805	0.08753180503845215	electrum.aantonop.com
106848	0.2998776435852051	0.08640766143798828	electrum.aantonop.com
108864	0.287872314453125	0.08700942993164062	electrum.aantonop.com
110880	0.28465700149536133	0.08752703666687012	electrum.aantonop.com
112896	0.28238439559936523	0.08832859992980957	electrum.aantonop.com
114912	0.29897642135620117	0.08899617195129395	electrum.aantonop.com
116928	0.283186674118042	0.08900642395019531	electrum.aantonop.com
118944	0.2832324504852295	0.08801770210266113	electrum.aantonop.com
120960	0.28259921073913574	0.08697032928466797	electrum.aantonop.com
122976	0.28464317321777344	0.08720183372497559	electrum.aantonop.com
124992	0.28305768966674805	0.08717989921569824	electrum.aantonop.com
127008	0.28301334381103516	0.08656430244445801	electrum.aantonop.com
129024	0.28548240661621094	0.08630824089050293	electrum.aantonop.com
131040	0.2890129089355469	0.08681082725524902	electrum.aantonop.com
133056	0.28546762466430664	0.08703327178955078	electrum.aantonop.com
135072	0.319150447845459	0.08418536186218262	electrum.aantonop.com
137088	0.3047971725463867	0.08709454536437988	electrum.aantonop.com
139104	0.31427693367004395	0.08794212341308594	electrum.aantonop.com
141120	0.2843015193939209	0.08811807632446289	electrum.aantonop.com
143136	0.2854616641998291	0.08850312232971191	electrum.aantonop.com
145152	0.2912931442260742	0.08680272102355957	electrum.aantonop.com
147168	0.28795313835144043	0.08870935440063477	electrum.aantonop.com
149184	0.287081241607666	0.08737754821777344	electrum.aantonop.com
151200	0.2843635082244873	0.08659529685974121	electrum.aantonop.com
153216	0.2833080291748047	0.08801436424255371	electrum.aantonop.com
155232	0.2845957279205322	0.0873112678527832	electrum.aantonop.com
157248	0.28502702713012695	0.08781743049621582	electrum.aantonop.com
159264	0.2861158847808838	0.08702492713928223	electrum.aantonop.com
161280	0.2844538688659668	0.08646774291992188	electrum.aantonop.com
163296	0.2893359661102295	0.0862131118774414	electrum.aantonop.com
165312	0.34880828857421875	0.08555150032043457	electrum.aantonop.com
167328	0.28772640228271484	0.08576369285583496	electrum.aantonop.com
169344	0.28377866744995117	0.08736848831176758	electrum.aantonop.com
171360	0.28696632385253906	0.0867764949798584	electrum.aantonop.com
173376	0.28537702560424805	0.08766531944274902	electrum.aantonop.com
175392	0.2896547317504883	0.0877687931060791	electrum.aantonop.com
177408	0.2842235565185547	0.08790159225463867	electrum.aantonop.com
179424	0.2842581272125244	0.08803844451904297	electrum.aantonop.com
181440	0.28481531143188477	0.08754730224609375	electrum.aantonop.com
183456	0.28394579887390137	0.0883171558380127	electrum.aantonop.com
185472	0.28627872467041016	0.08857917785644531	electrum.aantonop.com
187488	0.2842400074005127	0.0870826244354248	electrum.aantonop.com
189504	0.2830014228820801	0.08901476860046387	electrum.aantonop.com
191520	0.2947072982788086	0.08880949020385742	electrum.aantonop.com
193536	0.3191664218902588	0.0873258113861084	electrum.aantonop.com
195552	0.2955012321472168	0.0868690013885498	electrum.aantonop.com
197568	0.2837061882019043	0.08788013458251953	electrum.aantonop.com
199584	0.28383398056030273	0.08634662628173828	electrum.aantonop.com
201600	0.28530240058898926	0.08645391464233398	electrum.aantonop.com
203616	0.2851994037628174	0.0875542163848877	electrum.aantonop.com
205632	0.2846994400024414	0.08571028709411621	electrum.aantonop.com
207648	0.29423999786376953	0.08626842498779297	electrum.aantonop.com
209664	0.28354692459106445	0.08687233924865723	electrum.aantonop.com
211680	0.2854311466217041	0.08727478981018066	electrum.aantonop.com
213696	0.28482890129089355	0.08719944953918457	electrum.aantonop.com
215712	0.28582096099853516	0.0880899429321289	electrum.aantonop.com
217728	0.28301286697387695	0.088348388671875	electrum.aantonop.com
219744	0.2910785675048828	0.08754777908325195	electrum.aantonop.com
221760	0.30484867095947266	0.0875403881072998	electrum.aantonop.com
223776	0.3306255340576172	0.08724427223205566	electrum.aantonop.com
225792	0.285386323928833	0.08722209930419922	electrum.aantonop.com
227808	0.28775477409362793	0.08748459815979004	electrum.aantonop.com
229824	0.28378725051879883	0.08724665641784668	electrum.aantonop.com
231840	0.28341031074523926	0.08745622634887695	electrum.aantonop.com
233856	0.2841980457305908	0.08699297904968262	electrum.aantonop.com
235872	0.28386783599853516	0.08733773231506348	electrum.aantonop.com
237888	0.2837252616882324	0.08812689781188965	electrum.aantonop.com
239904	0.2839813232421875	0.08812355995178223	electrum.aantonop.com
241920	0.28769469261169434	0.08786320686340332	electrum.aantonop.com
243936	0.28580474853515625	0.08713459968566895	electrum.aantonop.com
245952	0.2864990234375	0.08825492858886719	electrum.aantonop.com
247968	0.28517889976501465	0.08874964714050293	electrum.aantonop.com
249984	0.2880439758300781	0.08785176277160645	electrum.aantonop.com
252000	0.3134317398071289	0.08803343772888184	electrum.aantonop.com
254016	0.29040050506591797	0.08692431449890137	electrum.aantonop.com
256032	0.28305959701538086	0.08666372299194336	electrum.aantonop.com
258048	0.2829315662384033	0.08736944198608398	electrum.aantonop.com
260064	0.2841830253601074	0.08677506446838379	electrum.aantonop.com
262080	0.28550028800964355	0.08527636528015137	electrum.aantonop.com
264096	0.2894306182861328	0.08560466766357422	electrum.aantonop.com
266112	0.2845346927642822	0.08690905570983887	electrum.aantonop.com
268128	0.2842252254486084	0.0864720344543457	electrum.aantonop.com
270144	0.2827949523925781	0.08711957931518555	electrum.aantonop.com
272160	0.3005948066711426	0.08720207214355469	electrum.aantonop.com
274176	0.28489208221435547	0.086822509765625	electrum.aantonop.com
276192	0.2845804691314697	0.08564543724060059	electrum.aantonop.com
278208	0.28901124000549316	0.08527970314025879	electrum.aantonop.com
280224	0.28736138343811035	0.08575797080993652	electrum.aantonop.com
282240	0.2850508689880371	0.08585286140441895	electrum.aantonop.com
284256	0.28470802307128906	0.08660101890563965	electrum.aantonop.com
286272	0.2885856628417969	0.08636069297790527	electrum.aantonop.com
288288	0.29340147972106934	0.0864415168762207	electrum.aantonop.com
290304	0.28258728981018066	0.08611130714416504	electrum.aantonop.com
292320	0.2842824459075928	0.08892416954040527	electrum.aantonop.com
294336	0.2841908931732178	0.08796334266662598	electrum.aantonop.com
296352	0.2833259105682373	0.0890650749206543	electrum.aantonop.com
298368	0.2863743305206299	0.08818793296813965	electrum.aantonop.com
300384	0.28488993644714355	0.0874183177947998	electrum.aantonop.com
302400	0.2847933769226074	0.08777451515197754	electrum.aantonop.com
304416	0.2836458683013916	0.08832263946533203	electrum.aantonop.com
306432	0.286440372467041	0.09077739715576172	electrum.aantonop.com
308448	0.2868175506591797	0.0870358943939209	electrum.aantonop.com
310464	0.28645873069763184	0.08842945098876953	electrum.aantonop.com
312480	0.28381943702697754	0.08659219741821289	electrum.aantonop.com
314496	0.2854757308959961	0.08757686614990234	electrum.aantonop.com
316512	0.28429388999938965	0.08710598945617676	electrum.aantonop.com
318528	0.28525567054748535	0.0877234935760498	electrum.aantonop.com
320544	0.2848184108734131	0.08963584899902344	electrum.aantonop.com
322560	0.28458738327026367	0.08841419219970703	electrum.aantonop.com
324576	0.28527235984802246	0.08738994598388672	electrum.aantonop.com
326592	0.28397297859191895	0.08814501762390137	electrum.aantonop.com
328608	0.28583836555480957	0.08815813064575195	electrum.aantonop.com
330624	0.2855253219604492	0.08874201774597168	electrum.aantonop.com
332640	0.28574609756469727	0.08812236785888672	electrum.aantonop.com
334656	0.2861518859863281	0.08898687362670898	electrum.aantonop.com
336672	0.2946445941925049	0.08795905113220215	electrum.aantonop.com
338688	0.2960033416748047	0.08880734443664551	electrum.aantonop.com
340704	0.2882864475250244	0.08890366554260254	electrum.aantonop.com
342720	0.28298521041870117	0.08857035636901855	electrum.aantonop.com
344736	0.28377747535705566	0.0887148380279541	electrum.aantonop.com
346752	0.2902674674987793	0.08910655975341797	electrum.aantonop.com
348768	0.28666210174560547	0.08864974975585938	electrum.aantonop.com
350784	0.2865307331085205	0.0884861946105957	electrum.aantonop.com
352800	0.2867438793182373	0.08898138999938965	electrum.aantonop.com
354816	0.2896728515625	0.08876919746398926	electrum.aantonop.com
356832	0.285632848739624	0.08753275871276855	electrum.aantonop.com
358848	0.28973865509033203	0.08823513984680176	electrum.aantonop.com
360864	0.28455162048339844	0.08910536766052246	electrum.aantonop.com
362880	0.28553128242492676	0.08855152130126953	electrum.aantonop.com
364896	0.2857968807220459	0.08831357955932617	electrum.aantonop.com
366912	0.31543827056884766	0.0886688232421875	electrum.aantonop.com
368928	0.29788780212402344	0.08849692344665527	electrum.aantonop.com
370944	0.2948884963989258	0.08817887306213379	electrum.aantonop.com
372960	0.28658604621887207	0.08788347244262695	electrum.aantonop.com
374976	0.28456616401672363	0.08817100524902344	electrum.aantonop.com
376992	0.2857956886291504	0.08785629272460938	electrum.aantonop.com
379008	0.2854437828063965	0.08878183364868164	electrum.aantonop.com
381024	0.2873237133026123	0.08802056312561035	electrum.aantonop.com
383040	0.284437894821167	0.09320068359375	electrum.aantonop.com
385056	0.2858765125274658	0.08812236785888672	electrum.aantonop.com
387072	0.28591442108154297	0.08821725845336914	electrum.aantonop.com
389088	0.2847564220428467	0.08717155456542969	electrum.aantonop.com
391104	0.286724328994751	0.09064888954162598	electrum.aantonop.com
393120	0.28694701194763184	0.08739686012268066	electrum.aantonop.com
395136	0.3240180015563965	0.08746814727783203	electrum.aantonop.com
397152	0.30722951889038086	0.0877540111541748	electrum.aantonop.com
399168	0.2851276397705078	0.08768296241760254	electrum.aantonop.com
401184	0.284008264541626	0.08831572532653809	electrum.aantonop.com
403200	0.28423357009887695	0.08989548683166504	electrum.aantonop.com
405216	0.28402209281921387	0.08864593505859375	electrum.aantonop.com
407232	0.28492236137390137	0.0889441967010498	electrum.aantonop.com
409248	0.28542137145996094	0.08890104293823242	electrum.aantonop.com
411264	0.2863180637359619	0.08970880508422852	electrum.aantonop.com
413280	0.28575634956359863	0.08947539329528809	electrum.aantonop.com
415296	0.28580212593078613	0.08884429931640625	electrum.aantonop.com
417312	0.28599071502685547	0.08915591239929199	electrum.aantonop.com
419328	0.28665757179260254	0.08869528770446777	electrum.aantonop.com
421344	0.2863903045654297	0.08825492858886719	electrum.aantonop.com
423360	0.2921919822692871	0.08944368362426758	electrum.aantonop.com
425376	0.29414820671081543	0.08867025375366211	electrum.aantonop.com
427392	0.2882513999938965	0.08753681182861328	electrum.aantonop.com
429408	0.28589892387390137	0.08860421180725098	electrum.aantonop.com
431424	0.28555870056152344	0.09263443946838379	electrum.aantonop.com
433440	0.2862551212310791	0.08885884284973145	electrum.aantonop.com
435456	0.28562307357788086	0.08854961395263672	electrum.aantonop.com
437472	0.2852034568786621	0.08986592292785645	electrum.aantonop.com
439488	0.28354525566101074	0.08880972862243652	electrum.aantonop.com
441504	0.2855050563812256	0.08785128593444824	electrum.aantonop.com
443520	0.28728675842285156	0.08917570114135742	electrum.aantonop.com
445536	0.28674912452697754	0.08882594108581543	electrum.aantonop.com
447552	0.28585147857666016	0.08850383758544922	electrum.aantonop.com
449568	0.2856576442718506	0.08876824378967285	electrum.aantonop.com
451584	0.2848546504974365	0.0896294116973877	electrum.aantonop.com
453600	0.31644129753112793	0.08907461166381836	electrum.aantonop.com
455616	0.30068206787109375	0.0880272388458252	electrum.aantonop.com
457632	0.29343414306640625	0.0887598991394043	electrum.aantonop.com
459648	0.2876420021057129	0.08844923973083496	electrum.aantonop.com
461664	0.2923312187194824	0.08771562576293945	electrum.aantonop.com
463680	0.28734254837036133	0.08817768096923828	electrum.aantonop.com
465696	0.2868368625640869	0.08750200271606445	electrum.aantonop.com
467712	0.2893190383911133	0.08742761611938477	electrum.aantonop.com
469728	0.2924787998199463	0.08749151229858398	electrum.aantonop.com
471744	0.2882804870605469	0.08723759651184082	electrum.aantonop.com
473760	0.2891051769256592	0.08700346946716309	electrum.aantonop.com
475776	0.29594969749450684	0.08592724800109863	electrum.aantonop.com
477792	0.28949832916259766	0.08723998069763184	electrum.aantonop.com
479808	0.28975462913513184	0.08728718757629395	electrum.aantonop.com
481824	0.36350107192993164	0.08854031562805176	electrum.aantonop.com
483840	0.3088569641113281	0.08851838111877441	electrum.aantonop.com
485856	0.29478955268859863	0.08970880508422852	electrum.aantonop.com
487872	0.3020806312561035	0.09004640579223633	electrum.aantonop.com
489888	0.3002462387084961	0.08971548080444336	electrum.aantonop.com
491904	0.29543161392211914	0.08874201774597168	electrum.aantonop.com
493920	0.3024561405181885	0.09013557434082031	electrum.aantonop.com
495936	0.30919504165649414	0.09044480323791504	electrum.aantonop.com
497952	0.2935218811035156	0.09062719345092773	electrum.aantonop.com
499968	0.2905845642089844	0.09058403968811035	electrum.aantonop.com
501984	0.28974056243896484	0.09017491340637207	electrum.aantonop.com
504000	0.28762102127075195	0.0897059440612793	electrum.aantonop.com
506016	0.29340529441833496	0.0894005298614502	electrum.aantonop.com
508032	0.2861473560333252	0.08942747116088867	electrum.aantonop.com
510048	0.44638681411743164	0.08981776237487793	electrum.aantonop.com
512064	0.31105661392211914	0.08952713012695312	electrum.aantonop.com
514080	0.295412540435791	0.0894172191619873	electrum.aantonop.com
516096	0.2851862907409668	0.08982348442077637	electrum.aantonop.com
518112	0.2880725860595703	0.08852863311767578	electrum.aantonop.com
520128	0.28684067726135254	0.08940458297729492	electrum.aantonop.com
522144	0.2884252071380615	0.08944582939147949	electrum.aantonop.com
524160	0.28492093086242676	0.08979630470275879	electrum.aantonop.com
526176	0.2859225273132324	0.08945655822753906	electrum.aantonop.com
528192	0.2853434085845947	0.08942556381225586	electrum.aantonop.com
530208	0.28699398040771484	0.0897364616394043	electrum.aantonop.com
532224	0.28446149826049805	0.08930706977844238	electrum.aantonop.com
534240	0.2853977680206299	0.08980274200439453	electrum.aantonop.com
536256	0.29448556900024414	0.09037947654724121	electrum.aantonop.com
538272	0.30214524269104004	0.08929228782653809	electrum.aantonop.com
540288	0.3051915168762207	0.08914518356323242	electrum.aantonop.com
542304	0.28443312644958496	0.08881330490112305	electrum.aantonop.com
544320	0.28396058082580566	0.08862447738647461	electrum.aantonop.com
546336	0.28470444679260254	0.08964896202087402	electrum.aantonop.com
548352	0.28530049324035645	0.08974051475524902	electrum.aantonop.com
550368	0.29703760147094727	0.09011578559875488	electrum.aantonop.com
552384	0.28551197052001953	0.09049320220947266	electrum.aantonop.com
554400	0.289431095123291	0.08967256546020508	electrum.aantonop.com
556416	0.2874622344970703	0.09015774726867676	electrum.aantonop.com
558432	0.2915346622467041	0.0892796516418457	electrum.aantonop.com
560448	0.28650784492492676	0.08946585655212402	electrum.aantonop.com
562464	0.28664112091064453	0.09029960632324219	electrum.aantonop.com
564480	0.29791688919067383	0.08967113494873047	electrum.aantonop.com
566496	0.308398962020874	0.08832740783691406	electrum.aantonop.com
568512	0.29440951347351074	0.08885860443115234	electrum.aantonop.com
570528	0.28690481185913086	0.08959364891052246	electrum.aantonop.com
572544	0.28708338737487793	0.0892934799194336	electrum.aantonop.com
574560	0.2844076156616211	0.08839797973632812	electrum.aantonop.com
576576	0.2850923538208008	0.09019732475280762	electrum.aantonop.com
578592	0.2860605716705322	0.08925056457519531	electrum.aantonop.com
580608	0.28577256202697754	0.08858609199523926	electrum.aantonop.com
582624	0.29853010177612305	0.09030699729919434	electrum.aantonop.com
584640	0.2875645160675049	0.08870625495910645	electrum.aantonop.com
586656	0.30364227294921875	0.08998489379882812	electrum.aantonop.com
588672	0.2905917167663574	0.08998966217041016	electrum.aantonop.com
590688	0.3042585849761963	0.09002161026000977	electrum.aantonop.com
592704	0.2929399013519287	0.08897566795349121	electrum.aantonop.com
594720	0.2941904067993164	0.09001970291137695	electrum.aantonop.com
596736	0.3079257011413574	0.09000635147094727	electrum.aantonop.com
598752	0.2972395420074463	0.0900261402130127	electrum.aantonop.com
600768	0.2895362377166748	0.08870434761047363	electrum.aantonop.com
602784	0.28604960441589355	0.09001851081848145	electrum.aantonop.com
604800	0.2987842559814453	0.08962845802307129	electrum.aantonop.com
606816	0.2980227470397949	0.08944439888000488	electrum.aantonop.com
608832	0.2886314392089844	0.09092044830322266	electrum.aantonop.com
610848	0.2945702075958252	0.09088754653930664	electrum.aantonop.com
612864	0.29259610176086426	0.09049439430236816	electrum.aantonop.com
614880	0.30229663848876953	0.0907125473022461	electrum.aantonop.com
616896	0.3140132427215576	0.09148335456848145	electrum.aantonop.com
618912	0.2973799705505371	0.09037065505981445	electrum.aantonop.com
620928	0.300065279006958	0.09226226806640625	electrum.aantonop.com
622944	0.32177209854125977	0.09018397331237793	electrum.aantonop.com
624960	0.3172879219055176	0.0883948802947998	electrum.aantonop.com
626976	0.29328083992004395	0.08821296691894531	electrum.aantonop.com
628992	0.28692030906677246	0.0879826545715332	electrum.aantonop.com
631008	0.2855644226074219	0.08972787857055664	electrum.aantonop.com
633024	0.30486416816711426	0.08947610855102539	electrum.aantonop.com
635040	0.3086516857147217	0.08960676193237305	electrum.aantonop.com
637056	0.286761999130249	0.08933138847351074	electrum.aantonop.com
639072	0.28291988372802734	0.0881490707397461	electrum.aantonop.com
641088	0.28359246253967285	0.08887767791748047	electrum.aantonop.com
643104	0.2833116054534912	0.08917021751403809	electrum.aantonop.com
645120	0.28267621994018555	0.08953356742858887	electrum.aantonop.com
647136	0.28308987617492676	0.0894777774810791	electrum.aantonop.com
649152	0.28559112548828125	0.0908956527709961	electrum.aantonop.com
651168	0.3171725273132324	0.08941054344177246	electrum.aantonop.com
653184	0.2877469062805176	0.08865666389465332	electrum.aantonop.com
655200	0.28330326080322266	0.08889055252075195	electrum.aantonop.com
657216	0.28095054626464844	0.05642986297607422	electrum.aantonop.com
