1	1.489849328994751	0.08892536163330078	electrum.aantonop.com
2016	0.5537002086639404	0.09024572372436523	electrum.aantonop.com
4032	0.371396541595459	0.08700275421142578	electrum.aantonop.com
6048	0.2797889709472656	0.0870063304901123	electrum.aantonop.com
8064	0.40639829635620117	0.08730602264404297	electrum.aantonop.com
10080	0.31159186363220215	0.0881659984588623	electrum.aantonop.com
12096	0.37964773178100586	0.08780503273010254	electrum.aantonop.com
14112	0.28550076484680176	0.08597493171691895	electrum.aantonop.com
16128	0.3250696659088135	0.08857512474060059	electrum.aantonop.com
18144	0.2861928939819336	0.08819723129272461	electrum.aantonop.com
20160	0.3553907871246338	0.08752012252807617	electrum.aantonop.com
22176	0.3179662227630615	0.08732104301452637	electrum.aantonop.com
24192	0.31055760383605957	0.08787369728088379	electrum.aantonop.com
26208	0.4270145893096924	0.17487144470214844	electrum.aantonop.com
28224	0.2804758548736572	0.08807826042175293	electrum.aantonop.com
30240	0.4871392250061035	0.08826255798339844	electrum.aantonop.com
32256	0.348085880279541	0.08782958984375	electrum.aantonop.com
34272	0.3275868892669678	0.0879523754119873	electrum.aantonop.com
36288	0.2866635322570801	0.08847403526306152	electrum.aantonop.com
38304	0.29355287551879883	0.08947157859802246	electrum.aantonop.com
40320	0.30156636238098145	0.08699893951416016	electrum.aantonop.com
42336	0.5097219944000244	0.08713626861572266	electrum.aantonop.com
44352	0.2811899185180664	0.08775877952575684	electrum.aantonop.com
46368	0.2823052406311035	0.08731961250305176	electrum.aantonop.com
48384	0.3754293918609619	0.08801460266113281	electrum.aantonop.com
50400	0.28301477432250977	0.08913111686706543	electrum.aantonop.com
52416	0.27756547927856445	0.08772420883178711	electrum.aantonop.com
54432	0.2847752571105957	0.08737850189208984	electrum.aantonop.com
56448	0.2787590026855469	0.0870206356048584	electrum.aantonop.com
58464	0.27971625328063965	0.08753800392150879	electrum.aantonop.com
60480	0.2897799015045166	0.08776092529296875	electrum.aantonop.com
62496	0.2841320037841797	0.08807682991027832	electrum.aantonop.com
64512	0.2822229862213135	0.08751440048217773	electrum.aantonop.com
66528	0.2787158489227295	0.08712124824523926	electrum.aantonop.com
68544	0.27954578399658203	0.08807754516601562	electrum.aantonop.com
70560	0.27793455123901367	0.08640694618225098	electrum.aantonop.com
72576	0.28127455711364746	0.08784246444702148	electrum.aantonop.com
74592	0.2867586612701416	0.08896231651306152	electrum.aantonop.com
76608	0.3004443645477295	0.0869143009185791	electrum.aantonop.com
78624	0.28317713737487793	0.08670568466186523	electrum.aantonop.com
80640	0.27957797050476074	0.0871427059173584	electrum.aantonop.com
82656	0.2825043201446533	0.08717513084411621	electrum.aantonop.com
84672	0.27964162826538086	0.08746623992919922	electrum.aantonop.com
86688	0.27999448776245117	0.08846259117126465	electrum.aantonop.com
88704	0.28598928451538086	0.08780503273010254	electrum.aantonop.com
90720	0.2782859802246094	0.08779668807983398	electrum.aantonop.com
92736	0.27922511100769043	0.08717679977416992	electrum.aantonop.com
94752	0.2779080867767334	0.08818984031677246	electrum.aantonop.com
96768	0.2789146900177002	0.08727693557739258	electrum.aantonop.com
98784	0.2868680953979492	0.08772420883178711	electrum.aantonop.com
100800	0.28116798400878906	0.08737540245056152	electrum.aantonop.com
102816	0.2822842597961426	0.08735132217407227	electrum.aantonop.com
104832	0.297832727432251	0.08781075477600098	electrum.aantonop.com
106848	0.27907538414001465	0.08757853507995605	electrum.aantonop.com
108864	0.27987194061279297	0.08859109878540039	electrum.aantonop.com
110880	0.28458571434020996	0.08834695816040039	electrum.aantonop.com
112896	0.2874171733856201	0.08981990814208984	electrum.aantonop.com
114912	0.2794933319091797	0.0885922908782959	electrum.aantonop.com
116928	0.27932167053222656	0.08935356140136719	electrum.aantonop.com
118944	0.2800130844116211	0.08880472183227539	electrum.aantonop.com
120960	0.31000638008117676	0.08916568756103516	electrum.aantonop.com
122976	0.28093504905700684	0.08907842636108398	electrum.aantonop.com
124992	0.28066110610961914	0.08785891532897949	electrum.aantonop.com
127008	0.28536367416381836	0.08788204193115234	electrum.aantonop.com
129024	0.28110575675964355	0.09104466438293457	electrum.aantonop.com
131040	0.27950358390808105	0.08829641342163086	electrum.aantonop.com
133056	0.29671430587768555	0.08714914321899414	electrum.aantonop.com
135072	0.28101468086242676	0.08888649940490723	electrum.aantonop.com
137088	0.27913951873779297	0.08928418159484863	electrum.aantonop.com
139104	0.2803170680999756	0.0900578498840332	electrum.aantonop.com
141120	0.2772388458251953	0.0886223316192627	electrum.aantonop.com
143136	0.2824523448944092	0.08913064002990723	electrum.aantonop.com
145152	0.28151893615722656	0.12332677841186523	electrum.aantonop.com
147168	0.2862823009490967	0.12264657020568848	electrum.aantonop.com
149184	0.2811238765716553	0.08722972869873047	electrum.aantonop.com
151200	0.2814171314239502	0.08861303329467773	electrum.aantonop.com
153216	0.2797360420227051	0.08963894844055176	electrum.aantonop.com
155232	0.27809596061706543	0.08762860298156738	electrum.aantonop.com
157248	0.2804088592529297	0.0884556770324707	electrum.aantonop.com
159264	0.279815673828125	0.08764839172363281	electrum.aantonop.com
161280	0.2801988124847412	0.08749747276306152	electrum.aantonop.com
163296	0.2795753479003906	0.08835005760192871	electrum.aantonop.com
165312	0.28046441078186035	0.09060096740722656	electrum.aantonop.com
167328	0.2829008102416992	0.08793091773986816	electrum.aantonop.com
169344	0.28388452529907227	0.08723926544189453	electrum.aantonop.com
171360	0.27852702140808105	0.08710837364196777	electrum.aantonop.com
173376	0.27803778648376465	0.08753824234008789	electrum.aantonop.com
175392	0.27933835983276367	0.08844852447509766	electrum.aantonop.com
177408	0.2806267738342285	0.08751249313354492	electrum.aantonop.com
179424	0.2779974937438965	0.08705329895019531	electrum.aantonop.com
181440	0.281693696975708	0.08769893646240234	electrum.aantonop.com
183456	0.2784879207611084	0.08858132362365723	electrum.aantonop.com
185472	0.2785475254058838	0.08712315559387207	electrum.aantonop.com
187488	0.2784385681152344	0.0869300365447998	electrum.aantonop.com
189504	0.2823598384857178	0.08792471885681152	electrum.aantonop.com
191520	0.29160380363464355	0.08705282211303711	electrum.aantonop.com
193536	0.285414457321167	0.0873572826385498	electrum.aantonop.com
195552	0.28450536727905273	0.087371826171875	electrum.aantonop.com
197568	0.28632068634033203	0.08710694313049316	electrum.aantonop.com
199584	0.2820141315460205	0.08804726600646973	electrum.aantonop.com
201600	0.2970092296600342	0.08707833290100098	electrum.aantonop.com
203616	0.29047560691833496	0.08822083473205566	electrum.aantonop.com
205632	0.3127434253692627	0.08811593055725098	electrum.aantonop.com
207648	0.28910207748413086	0.08723759651184082	electrum.aantonop.com
209664	0.28617000579833984	0.08782219886779785	electrum.aantonop.com
211680	0.28696703910827637	0.0876009464263916	electrum.aantonop.com
213696	0.28527164459228516	0.08744072914123535	electrum.aantonop.com
215712	0.2829296588897705	0.08823823928833008	electrum.aantonop.com
217728	0.2881813049316406	0.08856368064880371	electrum.aantonop.com
219744	0.28022122383117676	0.08725619316101074	electrum.aantonop.com
221760	0.2785625457763672	0.08808302879333496	electrum.aantonop.com
223776	0.2799031734466553	0.08705520629882812	electrum.aantonop.com
225792	0.27872657775878906	0.08721065521240234	electrum.aantonop.com
227808	0.2829766273498535	0.08852601051330566	electrum.aantonop.com
229824	0.27852797508239746	0.08832263946533203	electrum.aantonop.com
231840	0.28191542625427246	0.08788442611694336	electrum.aantonop.com
233856	0.2816495895385742	0.0877072811126709	electrum.aantonop.com
235872	0.2804298400878906	0.0882260799407959	electrum.aantonop.com
237888	0.27901697158813477	0.0878455638885498	electrum.aantonop.com
239904	0.2801206111907959	0.08718419075012207	electrum.aantonop.com
241920	0.28165340423583984	0.0886991024017334	electrum.aantonop.com
243936	0.2804679870605469	0.08843207359313965	electrum.aantonop.com
245952	0.2793097496032715	0.08853578567504883	electrum.aantonop.com
247968	0.27953028678894043	0.08788418769836426	electrum.aantonop.com
249984	0.2783503532409668	0.08828544616699219	electrum.aantonop.com
252000	0.2820560932159424	0.08801794052124023	electrum.aantonop.com
254016	0.27863025665283203	0.08825540542602539	electrum.aantonop.com
256032	0.2795844078063965	0.0880131721496582	electrum.aantonop.com
258048	0.2796204090118408	0.0875246524810791	electrum.aantonop.com
260064	0.28316211700439453	0.08856678009033203	electrum.aantonop.com
262080	0.2801837921142578	0.08937549591064453	electrum.aantonop.com
264096	0.28110790252685547	0.08816123008728027	electrum.aantonop.com
266112	0.2797679901123047	0.08713173866271973	electrum.aantonop.com
268128	0.2796201705932617	0.08896017074584961	electrum.aantonop.com
270144	0.2781250476837158	0.08826208114624023	electrum.aantonop.com
272160	0.2815999984741211	0.08653855323791504	electrum.aantonop.com
274176	0.27898502349853516	0.08869600296020508	electrum.aantonop.com
276192	0.27822375297546387	0.08823585510253906	electrum.aantonop.com
278208	0.277665376663208	0.0877530574798584	electrum.aantonop.com
280224	0.27629899978637695	0.08839917182922363	electrum.aantonop.com
282240	0.28119945526123047	0.08700919151306152	electrum.aantonop.com
284256	0.2961547374725342	0.0878908634185791	electrum.aantonop.com
286272	0.29981136322021484	0.08738207817077637	electrum.aantonop.com
288288	0.28342771530151367	0.08739352226257324	electrum.aantonop.com
290304	0.2809906005859375	0.08788585662841797	electrum.aantonop.com
292320	0.27931737899780273	0.08850288391113281	electrum.aantonop.com
294336	0.2815392017364502	0.08918356895446777	electrum.aantonop.com
296352	0.28078508377075195	0.10019159317016602	electrum.aantonop.com
298368	0.28320741653442383	0.08860588073730469	electrum.aantonop.com
300384	0.28223085403442383	0.08844280242919922	electrum.aantonop.com
302400	0.28157782554626465	0.08775591850280762	electrum.aantonop.com
304416	0.2814350128173828	0.08884596824645996	electrum.aantonop.com
306432	0.2788662910461426	0.08960843086242676	electrum.aantonop.com
308448	0.2783036231994629	0.0898444652557373	electrum.aantonop.com
310464	0.28058886528015137	0.08949851989746094	electrum.aantonop.com
312480	0.28038978576660156	0.0879068374633789	electrum.aantonop.com
314496	0.2812497615814209	0.08803987503051758	electrum.aantonop.com
316512	0.2830073833465576	0.09003472328186035	electrum.aantonop.com
318528	0.2864561080932617	0.08950996398925781	electrum.aantonop.com
320544	0.28226208686828613	0.088409423828125	electrum.aantonop.com
322560	0.28542566299438477	0.08914566040039062	electrum.aantonop.com
324576	0.3041534423828125	0.08822822570800781	electrum.aantonop.com
326592	0.28648924827575684	0.0881357192993164	electrum.aantonop.com
328608	0.2827308177947998	0.08714866638183594	electrum.aantonop.com
330624	0.29242825508117676	0.08827567100524902	electrum.aantonop.com
332640	0.3039066791534424	0.0883948802947998	electrum.aantonop.com
334656	0.2817530632019043	0.08795976638793945	electrum.aantonop.com
336672	0.27933669090270996	0.08735108375549316	electrum.aantonop.com
338688	0.2785928249359131	0.08803129196166992	electrum.aantonop.com
340704	0.28070855140686035	0.08838367462158203	electrum.aantonop.com
342720	0.2809765338897705	0.08916735649108887	electrum.aantonop.com
344736	0.2810237407684326	0.08999896049499512	electrum.aantonop.com
346752	0.28553152084350586	0.10314011573791504	electrum.aantonop.com
348768	0.28066039085388184	0.08852267265319824	electrum.aantonop.com
350784	0.27835631370544434	0.08942818641662598	electrum.aantonop.com
352800	0.2798905372619629	0.0890665054321289	electrum.aantonop.com
354816	0.2798163890838623	0.08947348594665527	electrum.aantonop.com
356832	0.2853717803955078	0.09017562866210938	electrum.aantonop.com
358848	0.2803351879119873	0.08972930908203125	electrum.aantonop.com
360864	0.28031301498413086	0.08872079849243164	electrum.aantonop.com
362880	0.2792928218841553	0.08961987495422363	electrum.aantonop.com
364896	0.27678823471069336	0.09014892578125	electrum.aantonop.com
366912	0.2794022560119629	0.08977866172790527	electrum.aantonop.com
368928	0.2890207767486572	0.08883357048034668	electrum.aantonop.com
370944	0.287675142288208	0.08982729911804199	electrum.aantonop.com
372960	0.2790031433105469	0.08940649032592773	electrum.aantonop.com
374976	0.2782096862792969	0.08861231803894043	electrum.aantonop.com
376992	0.2770810127258301	0.08833599090576172	electrum.aantonop.com
379008	0.2795734405517578	0.08980154991149902	electrum.aantonop.com
381024	0.2805497646331787	0.09030485153198242	electrum.aantonop.com
383040	0.2790696620941162	0.0907597541809082	electrum.aantonop.com
385056	0.2884094715118408	0.0901033878326416	electrum.aantonop.com
387072	0.28160953521728516	0.09079504013061523	electrum.aantonop.com
389088	0.2798655033111572	0.09065532684326172	electrum.aantonop.com
391104	0.2791147232055664	0.09032511711120605	electrum.aantonop.com
393120	0.28096675872802734	0.09007692337036133	electrum.aantonop.com
395136	0.28209519386291504	0.08928656578063965	electrum.aantonop.com
397152	0.304882287979126	0.09005022048950195	electrum.aantonop.com
399168	0.2894401550292969	0.08965682983398438	electrum.aantonop.com
401184	0.2797584533691406	0.09343481063842773	electrum.aantonop.com
403200	0.27908897399902344	0.08939886093139648	electrum.aantonop.com
405216	0.281768798828125	0.09121370315551758	electrum.aantonop.com
407232	0.28213071823120117	0.09073972702026367	electrum.aantonop.com
409248	0.2821006774902344	0.08939790725708008	electrum.aantonop.com
411264	0.2884252071380615	0.09022021293640137	electrum.aantonop.com
413280	0.2844705581665039	0.08988642692565918	electrum.aantonop.com
415296	0.2811615467071533	0.08834409713745117	electrum.aantonop.com
417312	0.2799811363220215	0.08832359313964844	electrum.aantonop.com
419328	0.2823483943939209	0.08916616439819336	electrum.aantonop.com
421344	0.2804899215698242	0.08936262130737305	electrum.aantonop.com
423360	0.27997303009033203	0.08858370780944824	electrum.aantonop.com
425376	0.2813079357147217	0.09092235565185547	electrum.aantonop.com
427392	0.28289198875427246	0.08971190452575684	electrum.aantonop.com
429408	0.27773284912109375	0.08997392654418945	electrum.aantonop.com
431424	0.29017162322998047	0.0893862247467041	electrum.aantonop.com
433440	0.2809634208679199	0.08898305892944336	electrum.aantonop.com
435456	0.2833418846130371	0.08896684646606445	electrum.aantonop.com
437472	0.2790689468383789	0.08918166160583496	electrum.aantonop.com
439488	0.2789645195007324	0.0886847972869873	electrum.aantonop.com
441504	0.27880263328552246	0.08935713768005371	electrum.aantonop.com
443520	0.27779173851013184	0.08890318870544434	electrum.aantonop.com
445536	0.3084530830383301	0.08879804611206055	electrum.aantonop.com
447552	0.289684534072876	0.08850789070129395	electrum.aantonop.com
449568	0.28153371810913086	0.08909130096435547	electrum.aantonop.com
451584	0.2787933349609375	0.08879518508911133	electrum.aantonop.com
453600	0.2776813507080078	0.08790183067321777	electrum.aantonop.com
455616	0.2768058776855469	0.08837604522705078	electrum.aantonop.com
457632	0.28203392028808594	0.08803844451904297	electrum.aantonop.com
459648	0.2791581153869629	0.08852314949035645	electrum.aantonop.com
461664	0.27997708320617676	0.08919382095336914	electrum.aantonop.com
463680	0.2794985771179199	0.08849692344665527	electrum.aantonop.com
465696	0.2792038917541504	0.08940339088439941	electrum.aantonop.com
467712	0.27994728088378906	0.08982706069946289	electrum.aantonop.com
469728	0.27997279167175293	0.08818626403808594	electrum.aantonop.com
471744	0.2796940803527832	0.09014749526977539	electrum.aantonop.com
473760	0.2783646583557129	0.0879507064819336	electrum.aantonop.com
475776	0.28089261054992676	0.08799052238464355	electrum.aantonop.com
477792	0.2788374423980713	0.08941054344177246	electrum.aantonop.com
479808	0.2798788547515869	0.08892512321472168	electrum.aantonop.com
481824	0.279895544052124	0.0877695083618164	electrum.aantonop.com
483840	0.2784748077392578	0.0892183780670166	electrum.aantonop.com
485856	0.3021223545074463	0.09133458137512207	electrum.aantonop.com
487872	0.27771735191345215	0.0890049934387207	electrum.aantonop.com
489888	0.2825353145599365	0.0922389030456543	electrum.aantonop.com
491904	0.2783181667327881	0.09052586555480957	electrum.aantonop.com
493920	0.279038667678833	0.08929848670959473	electrum.aantonop.com
495936	0.27800846099853516	0.08867335319519043	electrum.aantonop.com
497952	0.2780148983001709	0.09000587463378906	electrum.aantonop.com
499968	0.278470516204834	0.08983874320983887	electrum.aantonop.com
501984	0.2831292152404785	0.09051752090454102	electrum.aantonop.com
504000	0.32565855979919434	0.09009170532226562	electrum.aantonop.com
506016	0.28030920028686523	0.0895233154296875	electrum.aantonop.com
508032	0.2858760356903076	0.08985400199890137	electrum.aantonop.com
510048	0.28130173683166504	0.09057402610778809	electrum.aantonop.com
512064	0.2791919708251953	0.08940529823303223	electrum.aantonop.com
514080	0.30515336990356445	0.08969640731811523	electrum.aantonop.com
516096	0.28354525566101074	0.08872103691101074	electrum.aantonop.com
518112	0.2857370376586914	0.08953332901000977	electrum.aantonop.com
520128	0.29979586601257324	0.09027409553527832	electrum.aantonop.com
522144	0.2925858497619629	0.08968448638916016	electrum.aantonop.com
524160	0.2858872413635254	0.08931088447570801	electrum.aantonop.com
526176	0.2789332866668701	0.08989644050598145	electrum.aantonop.com
528192	0.28766345977783203	0.08997869491577148	electrum.aantonop.com
530208	0.2916285991668701	0.0898749828338623	electrum.aantonop.com
532224	0.30445146560668945	0.0890204906463623	electrum.aantonop.com
534240	0.280087947845459	0.08973336219787598	electrum.aantonop.com
536256	0.2864382266998291	0.08948421478271484	electrum.aantonop.com
538272	0.28130197525024414	0.08905148506164551	electrum.aantonop.com
540288	0.28002262115478516	0.08919119834899902	electrum.aantonop.com
542304	0.27966833114624023	0.08903861045837402	electrum.aantonop.com
544320	0.27887701988220215	0.08969259262084961	electrum.aantonop.com
546336	0.2804102897644043	0.0894923210144043	electrum.aantonop.com
548352	0.2803494930267334	0.08872485160827637	electrum.aantonop.com
550368	0.2821519374847412	0.08918213844299316	electrum.aantonop.com
552384	0.27682018280029297	0.08904767036437988	electrum.aantonop.com
554400	0.2821919918060303	0.08973813056945801	electrum.aantonop.com
556416	0.2786569595336914	0.09036588668823242	electrum.aantonop.com
558432	0.27796506881713867	0.0891561508178711	electrum.aantonop.com
560448	0.2817647457122803	0.08969736099243164	electrum.aantonop.com
562464	0.27817463874816895	0.09040212631225586	electrum.aantonop.com
564480	0.27805042266845703	0.0902712345123291	electrum.aantonop.com
566496	0.2763204574584961	0.08855628967285156	electrum.aantonop.com
568512	0.2785041332244873	0.08998727798461914	electrum.aantonop.com
570528	0.27903056144714355	0.08961153030395508	electrum.aantonop.com
572544	0.2789890766143799	0.08894753456115723	electrum.aantonop.com
574560	0.27850341796875	0.0902547836303711	electrum.aantonop.com
576576	0.27941107749938965	0.09473991394042969	electrum.aantonop.com
578592	0.2793440818786621	0.08960652351379395	electrum.aantonop.com
580608	0.27944183349609375	0.09547233581542969	electrum.aantonop.com
582624	0.2781825065612793	0.1540355682373047	electrum.aantonop.com
584640	0.2794618606567383	0.10110878944396973	electrum.aantonop.com
586656	0.27790021896362305	0.09910798072814941	electrum.aantonop.com
588672	0.2778465747833252	0.0990910530090332	electrum.aantonop.com
590688	0.27961134910583496	0.09523940086364746	electrum.aantonop.com
592704	0.27976179122924805	0.09578347206115723	electrum.aantonop.com
594720	0.27776288986206055	0.09771251678466797	electrum.aantonop.com
596736	0.27985215187072754	0.10169458389282227	electrum.aantonop.com
598752	0.28013110160827637	0.09400558471679688	electrum.aantonop.com
600768	0.281017541885376	0.09649538993835449	electrum.aantonop.com
602784	0.2799849510192871	0.09605908393859863	electrum.aantonop.com
604800	0.2797386646270752	0.09597563743591309	electrum.aantonop.com
606816	0.2783997058868408	0.0960702896118164	electrum.aantonop.com
608832	0.28119754791259766	0.09707522392272949	electrum.aantonop.com
610848	0.3083913326263428	0.1008603572845459	electrum.aantonop.com
612864	0.31852126121520996	0.0961766242980957	electrum.aantonop.com
614880	0.2801854610443115	0.09488749504089355	electrum.aantonop.com
616896	0.2842087745666504	0.09732580184936523	electrum.aantonop.com
618912	0.28232240676879883	0.09527730941772461	electrum.aantonop.com
620928	0.2792379856109619	0.09577703475952148	electrum.aantonop.com
622944	0.2812371253967285	0.09121823310852051	electrum.aantonop.com
624960	0.2802255153656006	0.09631538391113281	electrum.aantonop.com
626976	0.279529333114624	0.09166359901428223	electrum.aantonop.com
628992	0.2802731990814209	0.09622979164123535	electrum.aantonop.com
631008	0.28371739387512207	0.09389042854309082	electrum.aantonop.com
633024	0.28325343132019043	0.10119009017944336	electrum.aantonop.com
635040	0.2787506580352783	0.09511375427246094	electrum.aantonop.com
637056	0.2795684337615967	0.09772968292236328	electrum.aantonop.com
639072	0.2798914909362793	0.09696316719055176	electrum.aantonop.com
641088	0.2810218334197998	0.10184359550476074	electrum.aantonop.com
643104	0.278745174407959	0.09653830528259277	electrum.aantonop.com
645120	0.2820413112640381	0.09796309471130371	electrum.aantonop.com
647136	0.2806706428527832	0.10161185264587402	electrum.aantonop.com
649152	0.27805185317993164	0.09651875495910645	electrum.aantonop.com
651168	0.2780179977416992	0.0976262092590332	electrum.aantonop.com
653184	0.2781558036804199	0.09875345230102539	electrum.aantonop.com
655200	0.27710771560668945	0.10262846946716309	electrum.aantonop.com
657216	0.2824440002441406	0.06256604194641113	electrum.aantonop.com
