1	0.7433643341064453	0.0943307876586914	elx01.knas.systems
2016	0.2657942771911621	0.1301743984222412	elx01.knas.systems
4032	0.2405686378479004	0.13461709022521973	elx01.knas.systems
6048	0.23533344268798828	0.09465503692626953	elx01.knas.systems
8064	0.2327873706817627	0.09274840354919434	elx01.knas.systems
10080	0.2318127155303955	0.09305524826049805	elx01.knas.systems
12096	0.23128104209899902	0.0940392017364502	elx01.knas.systems
14112	0.23242998123168945	0.09920096397399902	elx01.knas.systems
16128	0.23215770721435547	0.09305906295776367	elx01.knas.systems
18144	0.2313094139099121	0.09301161766052246	elx01.knas.systems
20160	0.23164987564086914	0.09616756439208984	elx01.knas.systems
22176	0.23151087760925293	0.093170166015625	elx01.knas.systems
24192	0.23391222953796387	0.09328675270080566	elx01.knas.systems
26208	0.23218154907226562	0.09206247329711914	elx01.knas.systems
28224	0.23124074935913086	0.09257626533508301	elx01.knas.systems
30240	0.23153352737426758	0.09759402275085449	elx01.knas.systems
32256	0.23244643211364746	0.0931081771850586	elx01.knas.systems
34272	0.23125696182250977	0.0921487808227539	elx01.knas.systems
36288	0.23120379447937012	0.09238982200622559	elx01.knas.systems
38304	0.23133611679077148	0.09373092651367188	elx01.knas.systems
40320	0.23239970207214355	0.09793400764465332	elx01.knas.systems
42336	0.231459379196167	0.09172868728637695	elx01.knas.systems
44352	0.23215699195861816	0.09154582023620605	elx01.knas.systems
46368	0.23225808143615723	0.09560275077819824	elx01.knas.systems
48384	0.23099088668823242	0.18781685829162598	elx01.knas.systems
50400	0.23140239715576172	0.18709945678710938	elx01.knas.systems
52416	0.23127365112304688	0.09206914901733398	elx01.knas.systems
54432	0.23104238510131836	0.09338760375976562	elx01.knas.systems
56448	0.23165225982666016	0.09256887435913086	elx01.knas.systems
58464	0.231048583984375	0.09850502014160156	elx01.knas.systems
60480	0.23170924186706543	0.09515619277954102	elx01.knas.systems
62496	0.23368549346923828	0.09418702125549316	elx01.knas.systems
64512	0.23124909400939941	0.09385299682617188	elx01.knas.systems
66528	0.2315537929534912	0.09393119812011719	elx01.knas.systems
68544	0.23189544677734375	0.09746217727661133	elx01.knas.systems
70560	0.2316598892211914	0.09371352195739746	elx01.knas.systems
72576	0.23179197311401367	0.09497332572937012	elx01.knas.systems
74592	0.2331523895263672	0.0928201675415039	elx01.knas.systems
76608	0.23382830619812012	0.09124398231506348	elx01.knas.systems
78624	0.23138904571533203	0.09083032608032227	elx01.knas.systems
80640	0.23491239547729492	0.09073495864868164	elx01.knas.systems
82656	0.2319355010986328	0.09250807762145996	elx01.knas.systems
84672	0.23463654518127441	0.0960242748260498	elx01.knas.systems
86688	0.23354649543762207	0.09290337562561035	elx01.knas.systems
88704	0.23424959182739258	0.09185194969177246	elx01.knas.systems
90720	0.23113274574279785	0.09169507026672363	elx01.knas.systems
92736	0.2324509620666504	0.09396910667419434	elx01.knas.systems
94752	0.23260211944580078	0.09494495391845703	elx01.knas.systems
96768	0.23107624053955078	0.0940241813659668	elx01.knas.systems
98784	0.23101472854614258	0.09452557563781738	elx01.knas.systems
100800	0.2312636375427246	0.09369039535522461	elx01.knas.systems
102816	0.23164701461791992	0.09334516525268555	elx01.knas.systems
104832	0.23137712478637695	0.09203529357910156	elx01.knas.systems
106848	0.2323315143585205	0.09178829193115234	elx01.knas.systems
108864	0.3594801425933838	0.08636093139648438	elx01.knas.systems
110880	0.23187875747680664	0.08801984786987305	elx01.knas.systems
112896	0.23111510276794434	0.08847975730895996	elx01.knas.systems
114912	0.23101329803466797	0.08983898162841797	elx01.knas.systems
116928	0.23155426979064941	0.09115290641784668	elx01.knas.systems
118944	0.23093605041503906	0.08951258659362793	elx01.knas.systems
120960	0.23238205909729004	0.09070873260498047	elx01.knas.systems
122976	0.2308483123779297	0.08928966522216797	elx01.knas.systems
124992	0.234025239944458	0.08944201469421387	elx01.knas.systems
127008	0.23427724838256836	0.08849120140075684	elx01.knas.systems
129024	0.23080182075500488	0.08916425704956055	elx01.knas.systems
131040	0.23154997825622559	0.08831024169921875	elx01.knas.systems
133056	0.23132729530334473	0.09109878540039062	elx01.knas.systems
135072	0.23291707038879395	0.08869767189025879	elx01.knas.systems
137088	0.2311875820159912	0.08904123306274414	elx01.knas.systems
139104	0.23133182525634766	0.09072422981262207	elx01.knas.systems
141120	0.23082423210144043	0.08935880661010742	elx01.knas.systems
143136	0.2313547134399414	0.09195876121520996	elx01.knas.systems
145152	0.2316436767578125	0.09151816368103027	elx01.knas.systems
147168	0.2308192253112793	0.09488606452941895	elx01.knas.systems
149184	0.23160648345947266	0.0961458683013916	elx01.knas.systems
151200	0.2315967082977295	0.09332132339477539	elx01.knas.systems
153216	0.23072457313537598	0.09455561637878418	elx01.knas.systems
155232	0.23182988166809082	0.09033536911010742	elx01.knas.systems
157248	0.2329709529876709	0.09201335906982422	elx01.knas.systems
159264	0.23096108436584473	0.0967707633972168	elx01.knas.systems
161280	0.23350954055786133	0.09340429306030273	elx01.knas.systems
163296	0.2316594123840332	0.09542965888977051	elx01.knas.systems
165312	0.23291277885437012	0.09356975555419922	elx01.knas.systems
167328	0.2327568531036377	0.09349608421325684	elx01.knas.systems
169344	0.2306668758392334	0.0979158878326416	elx01.knas.systems
171360	0.23185467720031738	0.09535551071166992	elx01.knas.systems
173376	0.23122024536132812	0.09422636032104492	elx01.knas.systems
175392	0.2312941551208496	0.0973968505859375	elx01.knas.systems
177408	0.23114466667175293	0.09432268142700195	elx01.knas.systems
179424	0.2309720516204834	0.09589743614196777	elx01.knas.systems
181440	0.233475923538208	0.09296655654907227	elx01.knas.systems
183456	0.23092341423034668	0.09518766403198242	elx01.knas.systems
185472	0.2310655117034912	0.09152770042419434	elx01.knas.systems
187488	0.23094964027404785	0.09017658233642578	elx01.knas.systems
189504	0.2308497428894043	0.09385061264038086	elx01.knas.systems
191520	0.23305392265319824	0.09383106231689453	elx01.knas.systems
193536	0.23370146751403809	0.09088253974914551	elx01.knas.systems
195552	0.23213577270507812	0.09223198890686035	elx01.knas.systems
197568	0.23085761070251465	0.0911259651184082	elx01.knas.systems
199584	0.23069453239440918	0.09367752075195312	elx01.knas.systems
201600	0.23642277717590332	0.09459710121154785	elx01.knas.systems
203616	0.23126888275146484	0.09072089195251465	elx01.knas.systems
205632	0.23077750205993652	0.09254717826843262	elx01.knas.systems
207648	0.23148751258850098	0.09237837791442871	elx01.knas.systems
209664	0.23036670684814453	0.09274005889892578	elx01.knas.systems
211680	0.23389387130737305	0.0962224006652832	elx01.knas.systems
213696	0.23212313652038574	0.09338164329528809	elx01.knas.systems
215712	0.2338120937347412	0.09157681465148926	elx01.knas.systems
217728	0.23206353187561035	0.09084129333496094	elx01.knas.systems
219744	0.23089170455932617	0.09438872337341309	elx01.knas.systems
221760	0.2330920696258545	0.09156918525695801	elx01.knas.systems
223776	0.23291444778442383	0.08997344970703125	elx01.knas.systems
225792	0.23313593864440918	0.09064459800720215	elx01.knas.systems
227808	0.23133540153503418	0.09874677658081055	elx01.knas.systems
229824	0.23381733894348145	0.09075021743774414	elx01.knas.systems
231840	0.23501133918762207	0.09045743942260742	elx01.knas.systems
233856	0.23163843154907227	0.0895376205444336	elx01.knas.systems
235872	0.23449277877807617	0.09181022644042969	elx01.knas.systems
237888	0.23041367530822754	0.09783816337585449	elx01.knas.systems
239904	0.23375821113586426	0.09041571617126465	elx01.knas.systems
241920	0.23398923873901367	0.09204459190368652	elx01.knas.systems
243936	0.2310795783996582	0.09557580947875977	elx01.knas.systems
245952	0.23720765113830566	0.09206533432006836	elx01.knas.systems
247968	0.2312476634979248	0.09546494483947754	elx01.knas.systems
249984	0.2312145233154297	0.09270668029785156	elx01.knas.systems
252000	0.23072361946105957	0.09507369995117188	elx01.knas.systems
254016	0.23138642311096191	0.09243106842041016	elx01.knas.systems
256032	0.23117542266845703	0.09114646911621094	elx01.knas.systems
258048	0.23239374160766602	0.09267997741699219	elx01.knas.systems
260064	0.23133420944213867	0.09676170349121094	elx01.knas.systems
262080	0.23337221145629883	0.09131765365600586	elx01.knas.systems
264096	0.23159575462341309	0.09589385986328125	elx01.knas.systems
266112	0.23262238502502441	0.09044504165649414	elx01.knas.systems
268128	0.23214387893676758	0.09403228759765625	elx01.knas.systems
270144	0.23260140419006348	0.08990001678466797	elx01.knas.systems
272160	0.23155617713928223	0.08965325355529785	elx01.knas.systems
274176	0.23095011711120605	0.14580726623535156	elx01.knas.systems
276192	0.23089933395385742	0.13020658493041992	elx01.knas.systems
278208	0.23093605041503906	0.1408231258392334	elx01.knas.systems
280224	0.23082470893859863	0.13066959381103516	elx01.knas.systems
282240	0.23369336128234863	0.13126444816589355	elx01.knas.systems
284256	0.2329397201538086	0.1380753517150879	elx01.knas.systems
286272	0.23455047607421875	0.09447026252746582	elx01.knas.systems
288288	0.2308344841003418	0.09376764297485352	elx01.knas.systems
290304	0.23068976402282715	0.09741878509521484	elx01.knas.systems
292320	0.23063969612121582	0.11880731582641602	elx01.knas.systems
294336	0.23174476623535156	0.1347343921661377	elx01.knas.systems
296352	0.23097991943359375	0.09183502197265625	elx01.knas.systems
298368	0.23361444473266602	0.09214425086975098	elx01.knas.systems
300384	0.23102426528930664	0.09264421463012695	elx01.knas.systems
302400	0.2310647964477539	0.08896636962890625	elx01.knas.systems
304416	0.23067498207092285	0.08907508850097656	elx01.knas.systems
306432	0.2308943271636963	0.09300875663757324	elx01.knas.systems
308448	0.2339630126953125	0.0933384895324707	elx01.knas.systems
310464	0.2328958511352539	0.09392452239990234	elx01.knas.systems
312480	0.23160576820373535	0.0931549072265625	elx01.knas.systems
314496	0.23138689994812012	0.09680819511413574	elx01.knas.systems
316512	0.23569536209106445	0.09224557876586914	elx01.knas.systems
318528	0.23074626922607422	0.09212541580200195	elx01.knas.systems
320544	0.2323594093322754	0.09439253807067871	elx01.knas.systems
322560	0.230881929397583	0.09271669387817383	elx01.knas.systems
324576	0.23395347595214844	0.09291672706604004	elx01.knas.systems
326592	0.23426032066345215	0.09250736236572266	elx01.knas.systems
328608	0.23114848136901855	0.09174418449401855	elx01.knas.systems
330624	0.23234343528747559	0.09256267547607422	elx01.knas.systems
332640	0.23338651657104492	0.09459829330444336	elx01.knas.systems
334656	0.23106956481933594	0.09463310241699219	elx01.knas.systems
336672	0.2326662540435791	0.09413743019104004	elx01.knas.systems
338688	0.23278331756591797	0.09203839302062988	elx01.knas.systems
340704	0.23227763175964355	0.09638667106628418	elx01.knas.systems
342720	0.2310168743133545	0.09624123573303223	elx01.knas.systems
344736	0.23122215270996094	0.09427976608276367	elx01.knas.systems
346752	0.23325109481811523	0.09632372856140137	elx01.knas.systems
348768	0.23106813430786133	0.09199118614196777	elx01.knas.systems
350784	0.23127365112304688	0.0959925651550293	elx01.knas.systems
352800	0.23089170455932617	0.09343910217285156	elx01.knas.systems
354816	0.2342851161956787	0.0880892276763916	elx01.knas.systems
356832	0.23246264457702637	0.09026932716369629	elx01.knas.systems
358848	0.23228669166564941	0.09886574745178223	elx01.knas.systems
360864	0.23348188400268555	0.09317278861999512	elx01.knas.systems
362880	0.2305753231048584	0.0961763858795166	elx01.knas.systems
364896	0.23372983932495117	0.09183597564697266	elx01.knas.systems
366912	0.2334141731262207	0.09277844429016113	elx01.knas.systems
368928	0.23502612113952637	0.09642434120178223	elx01.knas.systems
370944	0.2315843105316162	0.09649658203125	elx01.knas.systems
372960	0.23375320434570312	0.09273886680603027	elx01.knas.systems
374976	0.23138046264648438	0.0933537483215332	elx01.knas.systems
376992	0.23144793510437012	0.09320545196533203	elx01.knas.systems
379008	0.23102974891662598	0.09390401840209961	elx01.knas.systems
381024	0.23158526420593262	0.0921931266784668	elx01.knas.systems
383040	0.23075413703918457	0.09710335731506348	elx01.knas.systems
385056	0.23141217231750488	0.09645938873291016	elx01.knas.systems
387072	0.2309129238128662	0.08860206604003906	elx01.knas.systems
389088	0.23084759712219238	0.09114503860473633	elx01.knas.systems
391104	0.2338733673095703	0.09163045883178711	elx01.knas.systems
393120	0.23158931732177734	0.09471869468688965	elx01.knas.systems
395136	0.23309326171875	0.09644103050231934	elx01.knas.systems
397152	0.23110437393188477	0.09215712547302246	elx01.knas.systems
399168	0.230635404586792	0.09589338302612305	elx01.knas.systems
401184	0.23139595985412598	0.09244513511657715	elx01.knas.systems
403200	0.23185300827026367	0.09195446968078613	elx01.knas.systems
405216	0.2306077480316162	0.09668755531311035	elx01.knas.systems
407232	0.2322828769683838	0.09412264823913574	elx01.knas.systems
409248	0.23215246200561523	0.09278535842895508	elx01.knas.systems
411264	0.23066329956054688	0.09507322311401367	elx01.knas.systems
413280	0.23143434524536133	0.09582996368408203	elx01.knas.systems
415296	0.23079776763916016	0.0992579460144043	elx01.knas.systems
417312	0.2314302921295166	0.09524178504943848	elx01.knas.systems
419328	0.23081278800964355	0.09346842765808105	elx01.knas.systems
421344	0.2306196689605713	0.09883451461791992	elx01.knas.systems
423360	0.23298978805541992	0.09253764152526855	elx01.knas.systems
425376	0.23469924926757812	0.09415364265441895	elx01.knas.systems
427392	0.23079633712768555	0.09370064735412598	elx01.knas.systems
429408	0.2306833267211914	0.09600353240966797	elx01.knas.systems
431424	0.23092103004455566	0.09481525421142578	elx01.knas.systems
433440	0.23056364059448242	0.09457278251647949	elx01.knas.systems
435456	0.23121380805969238	0.0953681468963623	elx01.knas.systems
437472	0.23272371292114258	0.09224462509155273	elx01.knas.systems
439488	0.2307596206665039	0.0962975025177002	elx01.knas.systems
441504	0.23282980918884277	0.0946042537689209	elx01.knas.systems
443520	0.23101186752319336	0.09347319602966309	elx01.knas.systems
445536	0.23058772087097168	0.09581232070922852	elx01.knas.systems
447552	0.2314622402191162	0.09178876876831055	elx01.knas.systems
449568	0.23238229751586914	0.09419894218444824	elx01.knas.systems
451584	0.2326040267944336	0.09822416305541992	elx01.knas.systems
453600	0.23054742813110352	0.09444952011108398	elx01.knas.systems
455616	0.23108863830566406	0.09539318084716797	elx01.knas.systems
457632	0.2307891845703125	0.09219098091125488	elx01.knas.systems
459648	0.23122906684875488	0.09499335289001465	elx01.knas.systems
461664	0.23119831085205078	0.09952712059020996	elx01.knas.systems
463680	0.23152875900268555	0.09486675262451172	elx01.knas.systems
465696	0.23097991943359375	0.09471893310546875	elx01.knas.systems
467712	0.2307720184326172	0.0990605354309082	elx01.knas.systems
469728	0.23078203201293945	0.09461760520935059	elx01.knas.systems
471744	0.23129916191101074	0.09216809272766113	elx01.knas.systems
473760	0.23135733604431152	0.09577822685241699	elx01.knas.systems
475776	0.2306056022644043	0.09464812278747559	elx01.knas.systems
477792	0.2308809757232666	0.09563636779785156	elx01.knas.systems
479808	0.23067021369934082	0.09684443473815918	elx01.knas.systems
481824	0.23093295097351074	0.09455013275146484	elx01.knas.systems
483840	0.230851411819458	0.09482955932617188	elx01.knas.systems
485856	0.23228979110717773	0.09356546401977539	elx01.knas.systems
487872	0.2304692268371582	0.0954580307006836	elx01.knas.systems
489888	0.23183703422546387	0.09824585914611816	elx01.knas.systems
491904	0.2316441535949707	0.0946657657623291	elx01.knas.systems
493920	0.23303484916687012	0.0970001220703125	elx01.knas.systems
495936	0.23122453689575195	0.17783689498901367	elx01.knas.systems
497952	0.2308206558227539	0.09999942779541016	elx01.knas.systems
499968	0.23067975044250488	0.09690117835998535	elx01.knas.systems
501984	0.23075318336486816	0.0941922664642334	elx01.knas.systems
504000	0.2313859462738037	0.09822678565979004	elx01.knas.systems
506016	0.23172831535339355	0.0917966365814209	elx01.knas.systems
508032	0.2326500415802002	0.17900848388671875	elx01.knas.systems
510048	0.23049163818359375	0.20843791961669922	elx01.knas.systems
512064	0.2307300567626953	0.17815566062927246	elx01.knas.systems
514080	0.2306532859802246	0.0941464900970459	elx01.knas.systems
516096	0.23057126998901367	0.09646868705749512	elx01.knas.systems
518112	0.230729341506958	0.09409379959106445	elx01.knas.systems
520128	0.2308952808380127	0.09552741050720215	elx01.knas.systems
522144	0.23151779174804688	0.10004401206970215	elx01.knas.systems
524160	0.23022127151489258	0.09481239318847656	elx01.knas.systems
526176	0.23322629928588867	0.09254813194274902	elx01.knas.systems
528192	0.23318743705749512	0.09504127502441406	elx01.knas.systems
530208	0.23457098007202148	0.09431624412536621	elx01.knas.systems
532224	0.23125267028808594	0.09260392189025879	elx01.knas.systems
534240	0.23097801208496094	0.09189391136169434	elx01.knas.systems
536256	0.2306053638458252	0.09646868705749512	elx01.knas.systems
538272	0.23186826705932617	0.09265446662902832	elx01.knas.systems
540288	0.23159050941467285	0.09461808204650879	elx01.knas.systems
542304	0.23347210884094238	0.09304499626159668	elx01.knas.systems
544320	0.23293852806091309	0.09146714210510254	elx01.knas.systems
546336	0.23141765594482422	0.09135746955871582	elx01.knas.systems
548352	0.23071575164794922	0.09543943405151367	elx01.knas.systems
550368	0.2310483455657959	0.09294772148132324	elx01.knas.systems
552384	0.23096990585327148	0.09415602684020996	elx01.knas.systems
554400	0.23064804077148438	0.09517741203308105	elx01.knas.systems
556416	0.23346757888793945	0.09272313117980957	elx01.knas.systems
558432	0.23102355003356934	0.09765434265136719	elx01.knas.systems
560448	0.23114919662475586	0.0935811996459961	elx01.knas.systems
562464	0.23069000244140625	0.0986483097076416	elx01.knas.systems
564480	0.23070764541625977	0.09566187858581543	elx01.knas.systems
566496	0.23128676414489746	0.09269356727600098	elx01.knas.systems
568512	0.23180389404296875	0.09442567825317383	elx01.knas.systems
570528	0.23273181915283203	0.09411048889160156	elx01.knas.systems
572544	0.23034048080444336	0.09320998191833496	elx01.knas.systems
574560	0.23070096969604492	0.09517145156860352	elx01.knas.systems
576576	0.23126506805419922	0.0946044921875	elx01.knas.systems
578592	0.23058605194091797	0.0970311164855957	elx01.knas.systems
580608	0.2335646152496338	0.09744453430175781	elx01.knas.systems
582624	0.23052573204040527	0.09649515151977539	elx01.knas.systems
584640	0.23061108589172363	0.09968328475952148	elx01.knas.systems
586656	0.23433971405029297	0.09750938415527344	elx01.knas.systems
588672	0.23078322410583496	0.09398531913757324	elx01.knas.systems
590688	0.2332448959350586	0.09454798698425293	elx01.knas.systems
592704	0.23113441467285156	0.09694886207580566	elx01.knas.systems
594720	0.2307884693145752	0.0940554141998291	elx01.knas.systems
596736	0.2321915626525879	0.0948326587677002	elx01.knas.systems
598752	0.2305741310119629	0.09407448768615723	elx01.knas.systems
600768	0.23083281517028809	0.0969395637512207	elx01.knas.systems
602784	0.2320396900177002	0.0991981029510498	elx01.knas.systems
604800	0.23088335990905762	0.09518814086914062	elx01.knas.systems
606816	0.23029327392578125	0.0989372730255127	elx01.knas.systems
608832	0.23119664192199707	0.09571528434753418	elx01.knas.systems
610848	0.23035097122192383	0.09428977966308594	elx01.knas.systems
612864	0.23111534118652344	0.0944817066192627	elx01.knas.systems
614880	0.2312488555908203	0.09624743461608887	elx01.knas.systems
616896	0.23080039024353027	0.0926206111907959	elx01.knas.systems
618912	0.23080229759216309	0.09737944602966309	elx01.knas.systems
620928	0.2327713966369629	0.09380626678466797	elx01.knas.systems
622944	0.23203802108764648	0.09403562545776367	elx01.knas.systems
624960	0.2313249111175537	0.09804868698120117	elx01.knas.systems
626976	0.2305302619934082	0.09219694137573242	elx01.knas.systems
628992	0.23098373413085938	0.09196043014526367	elx01.knas.systems
631008	0.23023104667663574	0.09262442588806152	elx01.knas.systems
633024	0.23034977912902832	0.08967113494873047	elx01.knas.systems
635040	0.23108172416687012	0.09071016311645508	elx01.knas.systems
637056	0.23031973838806152	0.0927739143371582	elx01.knas.systems
639072	0.23040413856506348	0.09372520446777344	elx01.knas.systems
641088	0.2305614948272705	0.09349679946899414	elx01.knas.systems
643104	0.23089003562927246	0.09387636184692383	elx01.knas.systems
645120	0.2336592674255371	0.0942847728729248	elx01.knas.systems
647136	0.23061513900756836	0.1016547679901123	elx01.knas.systems
649152	0.23112154006958008	0.09650540351867676	elx01.knas.systems
651168	0.230546236038208	0.09976077079772949	elx01.knas.systems
653184	0.23057007789611816	0.09649157524108887	elx01.knas.systems
655200	0.23264288902282715	0.09605717658996582	elx01.knas.systems
657216	0.2032327651977539	0.06345105171203613	elx01.knas.systems
