1	0.6731846332550049	0.08646726608276367	blockstream.info
2016	0.31543850898742676	0.08611488342285156	blockstream.info
4032	0.22346973419189453	0.08506631851196289	blockstream.info
6048	0.22159957885742188	0.08600473403930664	blockstream.info
8064	0.22390055656433105	0.08539891242980957	blockstream.info
10080	0.22263073921203613	0.08560848236083984	blockstream.info
12096	0.22140932083129883	0.08611822128295898	blockstream.info
14112	0.222991943359375	0.08599090576171875	blockstream.info
16128	0.22158193588256836	0.08596587181091309	blockstream.info
18144	0.2233562469482422	0.08596014976501465	blockstream.info
20160	0.2214505672454834	0.0867776870727539	blockstream.info
22176	0.2223966121673584	0.08560514450073242	blockstream.info
24192	0.22150945663452148	0.0862112045288086	blockstream.info
26208	0.22143340110778809	0.08529543876647949	blockstream.info
28224	0.2212963104248047	0.08539962768554688	blockstream.info
30240	0.22211360931396484	0.08580803871154785	blockstream.info
32256	0.22289586067199707	0.08518314361572266	blockstream.info
34272	0.22138452529907227	0.08656835556030273	blockstream.info
36288	0.2223224639892578	0.08627939224243164	blockstream.info
38304	0.22160553932189941	0.08599519729614258	blockstream.info
40320	0.22184181213378906	0.08586406707763672	blockstream.info
42336	0.2239246368408203	0.08559775352478027	blockstream.info
44352	0.22331881523132324	0.08549976348876953	blockstream.info
46368	0.2240757942199707	0.08653044700622559	blockstream.info
48384	0.22395682334899902	0.17220830917358398	blockstream.info
50400	0.2234938144683838	0.13796472549438477	blockstream.info
52416	0.22177886962890625	0.08598518371582031	blockstream.info
54432	0.2227613925933838	0.08540010452270508	blockstream.info
56448	0.2227165699005127	0.0846107006072998	blockstream.info
58464	0.2212212085723877	0.08530426025390625	blockstream.info
60480	0.2213268280029297	0.0856320858001709	blockstream.info
62496	0.22173309326171875	0.08632063865661621	blockstream.info
64512	0.2217717170715332	0.08671855926513672	blockstream.info
66528	0.22172999382019043	0.0866084098815918	blockstream.info
68544	0.2213153839111328	0.0851285457611084	blockstream.info
70560	0.22162747383117676	0.08606433868408203	blockstream.info
72576	0.3538351058959961	0.08740425109863281	blockstream.info
74592	0.22334957122802734	0.0869901180267334	blockstream.info
76608	0.22150850296020508	0.08616781234741211	blockstream.info
78624	0.22113823890686035	0.08788752555847168	blockstream.info
80640	0.2212963104248047	0.08622598648071289	blockstream.info
82656	0.22155427932739258	0.08658337593078613	blockstream.info
84672	0.22165799140930176	0.08604717254638672	blockstream.info
86688	0.22198200225830078	0.08637094497680664	blockstream.info
88704	0.2216205596923828	0.08570003509521484	blockstream.info
90720	0.22136497497558594	0.08670544624328613	blockstream.info
92736	0.2219254970550537	0.08564519882202148	blockstream.info
94752	0.22101593017578125	0.08608865737915039	blockstream.info
96768	0.22135567665100098	0.08661675453186035	blockstream.info
98784	0.22237443923950195	0.08590984344482422	blockstream.info
100800	0.22149062156677246	0.08671307563781738	blockstream.info
102816	0.22120451927185059	0.08606576919555664	blockstream.info
104832	0.22254347801208496	0.08639049530029297	blockstream.info
106848	0.220994234085083	0.08611917495727539	blockstream.info
108864	0.2213442325592041	0.08607268333435059	blockstream.info
110880	0.22087931632995605	0.08870816230773926	blockstream.info
112896	0.2217566967010498	0.08666300773620605	blockstream.info
114912	0.22275853157043457	0.0868065357208252	blockstream.info
116928	0.22117066383361816	0.08748292922973633	blockstream.info
118944	0.2213594913482666	0.08647346496582031	blockstream.info
120960	0.2212378978729248	0.08651041984558105	blockstream.info
122976	0.22673821449279785	0.08661079406738281	blockstream.info
124992	0.22159123420715332	0.08554649353027344	blockstream.info
127008	0.22130203247070312	0.08574080467224121	blockstream.info
129024	0.22176027297973633	0.08652710914611816	blockstream.info
131040	0.2215433120727539	0.08701062202453613	blockstream.info
133056	0.22163844108581543	0.0867452621459961	blockstream.info
135072	0.22242093086242676	0.08677339553833008	blockstream.info
137088	0.22103285789489746	0.08664917945861816	blockstream.info
139104	0.22155070304870605	0.08707737922668457	blockstream.info
141120	0.222184419631958	0.08683323860168457	blockstream.info
143136	0.22150611877441406	0.08662104606628418	blockstream.info
145152	0.22245073318481445	0.08702850341796875	blockstream.info
147168	0.22219276428222656	0.09530305862426758	blockstream.info
149184	0.22171306610107422	0.08940672874450684	blockstream.info
151200	0.22097468376159668	0.08623790740966797	blockstream.info
153216	0.22123122215270996	0.08692145347595215	blockstream.info
155232	0.22159647941589355	0.08715128898620605	blockstream.info
157248	0.22365903854370117	0.08704662322998047	blockstream.info
159264	0.22359728813171387	0.08689165115356445	blockstream.info
161280	0.22279977798461914	0.08669137954711914	blockstream.info
163296	0.22160673141479492	0.08685660362243652	blockstream.info
165312	0.22082233428955078	0.0863804817199707	blockstream.info
167328	0.22136664390563965	0.08666539192199707	blockstream.info
169344	0.22328972816467285	0.08802270889282227	blockstream.info
171360	0.22125816345214844	0.0862724781036377	blockstream.info
173376	0.22140169143676758	0.08670520782470703	blockstream.info
175392	0.22351312637329102	0.08667993545532227	blockstream.info
177408	0.2216944694519043	0.08663702011108398	blockstream.info
179424	0.22748470306396484	0.08638262748718262	blockstream.info
181440	0.22261691093444824	0.08640241622924805	blockstream.info
183456	0.22288918495178223	0.08694744110107422	blockstream.info
185472	0.22175860404968262	0.08605265617370605	blockstream.info
187488	0.22264361381530762	0.08649778366088867	blockstream.info
189504	0.22227907180786133	0.08752751350402832	blockstream.info
191520	0.2225971221923828	0.08547234535217285	blockstream.info
193536	0.22183752059936523	0.08763575553894043	blockstream.info
195552	0.22190070152282715	0.0880122184753418	blockstream.info
197568	0.22272014617919922	0.0887451171875	blockstream.info
199584	0.22387051582336426	0.08926606178283691	blockstream.info
201600	0.22677326202392578	0.08681011199951172	blockstream.info
203616	0.22155523300170898	0.08731842041015625	blockstream.info
205632	0.22137880325317383	0.08737540245056152	blockstream.info
207648	0.2211318016052246	0.08705711364746094	blockstream.info
209664	0.22268366813659668	0.0861978530883789	blockstream.info
211680	0.2212507724761963	0.08677005767822266	blockstream.info
213696	0.22162389755249023	0.08738160133361816	blockstream.info
215712	0.22204852104187012	0.08754515647888184	blockstream.info
217728	0.22136640548706055	0.08652424812316895	blockstream.info
219744	0.22134637832641602	0.08699870109558105	blockstream.info
221760	0.22159314155578613	0.08837485313415527	blockstream.info
223776	0.22346282005310059	0.08698511123657227	blockstream.info
225792	0.22132492065429688	0.08703875541687012	blockstream.info
227808	0.22121953964233398	0.08726310729980469	blockstream.info
229824	0.2216322422027588	0.0864412784576416	blockstream.info
231840	0.22124648094177246	0.08796215057373047	blockstream.info
233856	0.22124671936035156	0.08675408363342285	blockstream.info
235872	0.22121691703796387	0.08785772323608398	blockstream.info
237888	0.22188997268676758	0.08692073822021484	blockstream.info
239904	0.2213597297668457	0.08650588989257812	blockstream.info
241920	0.22197484970092773	0.08945846557617188	blockstream.info
243936	0.22143769264221191	0.08859705924987793	blockstream.info
245952	0.22185873985290527	0.08905863761901855	blockstream.info
247968	0.22164702415466309	0.08900308609008789	blockstream.info
249984	0.22142529487609863	0.08760571479797363	blockstream.info
252000	0.22157645225524902	0.08865809440612793	blockstream.info
254016	0.2211766242980957	0.0878610610961914	blockstream.info
256032	0.22139835357666016	0.08858394622802734	blockstream.info
258048	0.2210218906402588	0.08794236183166504	blockstream.info
260064	0.22193241119384766	0.08735442161560059	blockstream.info
262080	0.22277164459228516	0.08840560913085938	blockstream.info
264096	0.2220320701599121	0.08711481094360352	blockstream.info
266112	0.22098779678344727	0.08642721176147461	blockstream.info
268128	0.22205638885498047	0.08856582641601562	blockstream.info
270144	0.22209548950195312	0.08829164505004883	blockstream.info
272160	0.22125959396362305	0.08704090118408203	blockstream.info
274176	0.22132158279418945	0.0885474681854248	blockstream.info
276192	0.2233290672302246	0.08738136291503906	blockstream.info
278208	0.22174620628356934	0.08730673789978027	blockstream.info
280224	0.22133898735046387	0.08890676498413086	blockstream.info
282240	0.22164011001586914	0.08981084823608398	blockstream.info
284256	0.22159838676452637	0.08801913261413574	blockstream.info
286272	0.22239041328430176	0.08788275718688965	blockstream.info
288288	0.22133946418762207	0.08866596221923828	blockstream.info
290304	0.22306156158447266	0.08766317367553711	blockstream.info
292320	0.22080087661743164	0.08909130096435547	blockstream.info
294336	0.22138595581054688	0.09065437316894531	blockstream.info
296352	0.22168803215026855	0.08825349807739258	blockstream.info
298368	0.2216958999633789	0.08941483497619629	blockstream.info
300384	0.22184205055236816	0.08832693099975586	blockstream.info
302400	0.22147560119628906	0.0875401496887207	blockstream.info
304416	0.22301244735717773	0.08823728561401367	blockstream.info
306432	0.23287463188171387	0.08830714225769043	blockstream.info
308448	0.22179913520812988	0.08728337287902832	blockstream.info
310464	0.2208712100982666	0.08797407150268555	blockstream.info
312480	0.22172808647155762	0.08673787117004395	blockstream.info
314496	0.2241499423980713	0.08932733535766602	blockstream.info
316512	0.22167229652404785	0.08833909034729004	blockstream.info
318528	0.22137904167175293	0.08887505531311035	blockstream.info
320544	0.2220761775970459	0.08855843544006348	blockstream.info
322560	0.22171473503112793	0.0886087417602539	blockstream.info
324576	0.2230837345123291	0.08698821067810059	blockstream.info
326592	0.22178316116333008	0.08772683143615723	blockstream.info
328608	0.22144198417663574	0.08902478218078613	blockstream.info
330624	0.2219865322113037	0.08819961547851562	blockstream.info
332640	0.2211318016052246	0.08851432800292969	blockstream.info
334656	0.22211647033691406	0.08932638168334961	blockstream.info
336672	0.2216784954071045	0.08798694610595703	blockstream.info
338688	0.2219841480255127	0.08784079551696777	blockstream.info
340704	0.22254490852355957	0.08903861045837402	blockstream.info
342720	0.22118544578552246	0.08851456642150879	blockstream.info
344736	0.22110319137573242	0.08694052696228027	blockstream.info
346752	0.2225637435913086	0.0891258716583252	blockstream.info
348768	0.22133493423461914	0.08737468719482422	blockstream.info
350784	0.2216331958770752	0.08699321746826172	blockstream.info
352800	0.22089648246765137	0.08894968032836914	blockstream.info
354816	0.22107386589050293	0.08781981468200684	blockstream.info
356832	0.22152304649353027	0.0876607894897461	blockstream.info
358848	0.2215125560760498	0.08833885192871094	blockstream.info
360864	0.22126293182373047	0.08814883232116699	blockstream.info
362880	0.2210397720336914	0.08726930618286133	blockstream.info
364896	0.22157001495361328	0.08928799629211426	blockstream.info
366912	0.22360634803771973	0.08835387229919434	blockstream.info
368928	0.22174978256225586	0.0872960090637207	blockstream.info
370944	0.22210144996643066	0.08827900886535645	blockstream.info
372960	0.2232809066772461	0.0890660285949707	blockstream.info
374976	0.22255253791809082	0.08826375007629395	blockstream.info
376992	0.2213740348815918	0.08893394470214844	blockstream.info
379008	0.2239696979522705	0.08822917938232422	blockstream.info
381024	0.22206854820251465	0.09588003158569336	blockstream.info
383040	0.22164273262023926	0.08782601356506348	blockstream.info
385056	0.22339701652526855	0.08946967124938965	blockstream.info
387072	0.22213339805603027	0.08994197845458984	blockstream.info
389088	0.2214338779449463	0.08757591247558594	blockstream.info
391104	0.22147488594055176	0.08836698532104492	blockstream.info
393120	0.22159934043884277	0.0908513069152832	blockstream.info
395136	0.2236652374267578	0.09192872047424316	blockstream.info
397152	0.2222425937652588	0.08865666389465332	blockstream.info
399168	0.22557854652404785	0.09033632278442383	blockstream.info
401184	0.22376132011413574	0.08917856216430664	blockstream.info
403200	0.22109770774841309	0.08798861503601074	blockstream.info
405216	0.22195172309875488	0.08901834487915039	blockstream.info
407232	0.22564911842346191	0.08817481994628906	blockstream.info
409248	0.22303080558776855	0.11956095695495605	blockstream.info
411264	0.22247791290283203	0.08826875686645508	blockstream.info
413280	0.2217094898223877	0.08772397041320801	blockstream.info
415296	0.2220745086669922	0.08636260032653809	blockstream.info
417312	0.2227466106414795	0.08901548385620117	blockstream.info
419328	0.2214803695678711	0.08701133728027344	blockstream.info
421344	0.2214488983154297	0.08777856826782227	blockstream.info
423360	0.2242891788482666	0.08731436729431152	blockstream.info
425376	0.22170376777648926	0.08891582489013672	blockstream.info
427392	0.22075796127319336	0.08839297294616699	blockstream.info
429408	0.22232484817504883	0.08834075927734375	blockstream.info
431424	0.22130274772644043	0.08863043785095215	blockstream.info
433440	0.22172069549560547	0.08786535263061523	blockstream.info
435456	0.22279739379882812	0.0884859561920166	blockstream.info
437472	0.2219083309173584	0.08777999877929688	blockstream.info
439488	0.22417593002319336	0.08796000480651855	blockstream.info
441504	0.22162389755249023	0.08855700492858887	blockstream.info
443520	0.22249937057495117	0.08803296089172363	blockstream.info
445536	0.22122502326965332	0.08879518508911133	blockstream.info
447552	0.2215576171875	0.08747720718383789	blockstream.info
449568	0.2219526767730713	0.08683252334594727	blockstream.info
451584	0.2214353084564209	0.08837246894836426	blockstream.info
453600	0.22156643867492676	0.08896231651306152	blockstream.info
455616	0.22106075286865234	0.08804154396057129	blockstream.info
457632	0.22200894355773926	0.08874726295471191	blockstream.info
459648	0.22117304801940918	0.0890359878540039	blockstream.info
461664	0.22139668464660645	0.08764314651489258	blockstream.info
463680	0.22136187553405762	0.08908939361572266	blockstream.info
465696	0.22397518157958984	0.08862853050231934	blockstream.info
467712	0.22327136993408203	0.08777070045471191	blockstream.info
469728	0.22090530395507812	0.08841586112976074	blockstream.info
471744	0.22112584114074707	0.08790874481201172	blockstream.info
473760	0.2246842384338379	0.08733654022216797	blockstream.info
475776	0.22094988822937012	0.08786416053771973	blockstream.info
477792	0.22135615348815918	0.08887028694152832	blockstream.info
479808	0.22154808044433594	0.08797430992126465	blockstream.info
481824	0.22208333015441895	0.08722472190856934	blockstream.info
483840	0.22176027297973633	0.08879637718200684	blockstream.info
485856	0.22153639793395996	0.08871221542358398	blockstream.info
487872	0.2215871810913086	0.08911824226379395	blockstream.info
489888	0.22140121459960938	0.08883500099182129	blockstream.info
491904	0.22304582595825195	0.08916950225830078	blockstream.info
493920	0.22261786460876465	0.08887481689453125	blockstream.info
495936	0.221663236618042	0.08938145637512207	blockstream.info
497952	0.22209930419921875	0.09014487266540527	blockstream.info
499968	0.2220146656036377	0.08991813659667969	blockstream.info
501984	0.2215261459350586	0.09027981758117676	blockstream.info
504000	0.2267763614654541	0.09166431427001953	blockstream.info
506016	0.22152185440063477	0.08862781524658203	blockstream.info
508032	0.22242021560668945	0.08983564376831055	blockstream.info
510048	0.2226696014404297	0.08947134017944336	blockstream.info
512064	0.22255992889404297	0.08913278579711914	blockstream.info
514080	0.22292184829711914	0.08913707733154297	blockstream.info
516096	0.22208166122436523	0.08873891830444336	blockstream.info
518112	0.22146248817443848	0.08835911750793457	blockstream.info
520128	0.22086501121520996	0.08926701545715332	blockstream.info
522144	0.2217390537261963	0.08879804611206055	blockstream.info
524160	0.22155070304870605	0.09200859069824219	blockstream.info
526176	0.22138762474060059	0.08811092376708984	blockstream.info
528192	0.2211132049560547	0.08931326866149902	blockstream.info
530208	0.22142386436462402	0.09270882606506348	blockstream.info
532224	0.22108864784240723	0.0888068675994873	blockstream.info
534240	0.22124576568603516	0.08922529220581055	blockstream.info
536256	0.22142481803894043	0.09026646614074707	blockstream.info
538272	0.22728633880615234	0.08961653709411621	blockstream.info
540288	0.22287797927856445	0.08948254585266113	blockstream.info
542304	0.22194504737854004	0.08972454071044922	blockstream.info
544320	0.2236766815185547	0.08989858627319336	blockstream.info
546336	0.22342824935913086	0.08934330940246582	blockstream.info
548352	0.2239513397216797	0.08911275863647461	blockstream.info
550368	0.22385668754577637	0.08936476707458496	blockstream.info
552384	0.22359633445739746	0.08911871910095215	blockstream.info
554400	0.22273492813110352	0.08885312080383301	blockstream.info
556416	0.22162580490112305	0.09015536308288574	blockstream.info
558432	0.22229433059692383	0.0893392562866211	blockstream.info
560448	0.22403740882873535	0.08887028694152832	blockstream.info
562464	0.22209906578063965	0.0906519889831543	blockstream.info
564480	0.22809815406799316	0.0890812873840332	blockstream.info
566496	0.2246541976928711	0.08890414237976074	blockstream.info
568512	0.22161197662353516	0.08940839767456055	blockstream.info
570528	0.22131061553955078	0.08845376968383789	blockstream.info
572544	0.22324466705322266	0.0892019271850586	blockstream.info
574560	0.22199559211730957	0.08898782730102539	blockstream.info
576576	0.22349143028259277	0.08968925476074219	blockstream.info
578592	0.22520184516906738	0.08919191360473633	blockstream.info
580608	0.22470831871032715	0.0893549919128418	blockstream.info
582624	0.22137665748596191	0.08986330032348633	blockstream.info
584640	0.22134184837341309	0.08868741989135742	blockstream.info
586656	0.2219383716583252	0.08883357048034668	blockstream.info
588672	0.3540976047515869	0.08885884284973145	blockstream.info
590688	0.2215898036956787	0.08874011039733887	blockstream.info
592704	0.22452235221862793	0.08909440040588379	blockstream.info
594720	0.22169947624206543	0.09681510925292969	blockstream.info
596736	0.2214505672454834	0.08901524543762207	blockstream.info
598752	0.2214343547821045	0.08870100975036621	blockstream.info
600768	0.22186017036437988	0.08970403671264648	blockstream.info
602784	0.22114133834838867	0.09072589874267578	blockstream.info
604800	0.2233419418334961	0.09191513061523438	blockstream.info
606816	0.221923828125	0.08925247192382812	blockstream.info
608832	0.22333741188049316	0.0906515121459961	blockstream.info
610848	0.22408699989318848	0.09201860427856445	blockstream.info
612864	0.22359013557434082	0.08936214447021484	blockstream.info
614880	0.22490882873535156	0.0879366397857666	blockstream.info
616896	0.22128629684448242	0.08885478973388672	blockstream.info
618912	0.22243475914001465	0.08910250663757324	blockstream.info
620928	0.22096538543701172	0.08996224403381348	blockstream.info
622944	0.22150778770446777	0.0886998176574707	blockstream.info
624960	0.22156381607055664	0.08887434005737305	blockstream.info
626976	0.22101306915283203	0.08916330337524414	blockstream.info
628992	0.2215723991394043	0.08934354782104492	blockstream.info
631008	0.2213430404663086	0.08930683135986328	blockstream.info
633024	0.2213573455810547	0.0882720947265625	blockstream.info
635040	0.22182559967041016	0.08870291709899902	blockstream.info
637056	0.22281980514526367	0.08873414993286133	blockstream.info
639072	0.22145748138427734	0.0879514217376709	blockstream.info
641088	0.22132444381713867	0.08771228790283203	blockstream.info
643104	0.22128701210021973	0.08875632286071777	blockstream.info
645120	0.22123503684997559	0.08909296989440918	blockstream.info
647136	0.2213881015777588	0.08802676200866699	blockstream.info
649152	0.22099709510803223	0.0887448787689209	blockstream.info
651168	0.22153568267822266	0.08888602256774902	blockstream.info
653184	0.2214367389678955	0.08785414695739746	blockstream.info
655200	0.2214818000793457	0.08833694458007812	blockstream.info
657216	0.19960331916809082	0.05556297302246094	blockstream.info
