1	0.9630134105682373	0.08649778366088867	electrum.blockstream.info
2016	0.3266026973724365	0.08574724197387695	electrum.blockstream.info
4032	0.168318510055542	0.08835148811340332	electrum.blockstream.info
6048	0.48581600189208984	0.08839941024780273	electrum.blockstream.info
8064	0.6479675769805908	0.08804726600646973	electrum.blockstream.info
10080	0.6440634727478027	0.08886861801147461	electrum.blockstream.info
12096	0.3268907070159912	0.08726835250854492	electrum.blockstream.info
14112	0.4865696430206299	0.08721184730529785	electrum.blockstream.info
16128	0.3269331455230713	0.09672808647155762	electrum.blockstream.info
18144	0.3276066780090332	0.0879826545715332	electrum.blockstream.info
20160	0.327625036239624	0.08802676200866699	electrum.blockstream.info
22176	0.3259282112121582	0.08716893196105957	electrum.blockstream.info
24192	0.3276829719543457	0.08860397338867188	electrum.blockstream.info
26208	0.32624077796936035	0.0887002944946289	electrum.blockstream.info
28224	0.32644033432006836	0.08917498588562012	electrum.blockstream.info
30240	0.32682180404663086	0.08924388885498047	electrum.blockstream.info
32256	0.3264796733856201	0.1819002628326416	electrum.blockstream.info
34272	0.3270909786224365	0.0913691520690918	electrum.blockstream.info
36288	0.3269784450531006	0.08900618553161621	electrum.blockstream.info
38304	0.326951265335083	0.0879364013671875	electrum.blockstream.info
40320	0.32711100578308105	0.08823728561401367	electrum.blockstream.info
42336	0.32752370834350586	0.0873878002166748	electrum.blockstream.info
44352	0.3259871006011963	0.08892107009887695	electrum.blockstream.info
46368	0.3269333839416504	0.0868837833404541	electrum.blockstream.info
48384	0.32666492462158203	0.08745908737182617	electrum.blockstream.info
50400	0.3265547752380371	0.08980250358581543	electrum.blockstream.info
52416	0.4866812229156494	0.08697223663330078	electrum.blockstream.info
54432	0.4919586181640625	0.08617186546325684	electrum.blockstream.info
56448	0.3276634216308594	0.08635926246643066	electrum.blockstream.info
58464	0.3273606300354004	0.08734869956970215	electrum.blockstream.info
60480	0.3271796703338623	0.08788132667541504	electrum.blockstream.info
62496	0.3268015384674072	0.08814692497253418	electrum.blockstream.info
64512	0.3277134895324707	0.08910536766052246	electrum.blockstream.info
66528	0.3268587589263916	0.0869133472442627	electrum.blockstream.info
68544	0.32648253440856934	0.08666610717773438	electrum.blockstream.info
70560	0.3269674777984619	0.08932638168334961	electrum.blockstream.info
72576	0.32640957832336426	0.08934617042541504	electrum.blockstream.info
74592	0.3277432918548584	0.09067034721374512	electrum.blockstream.info
76608	0.3275284767150879	0.08959031105041504	electrum.blockstream.info
78624	0.3265800476074219	0.08954119682312012	electrum.blockstream.info
80640	0.32846927642822266	0.08962106704711914	electrum.blockstream.info
82656	0.3277707099914551	0.08943891525268555	electrum.blockstream.info
84672	0.32793521881103516	0.08979177474975586	electrum.blockstream.info
86688	0.48441195487976074	0.08945727348327637	electrum.blockstream.info
88704	0.48656487464904785	0.08951878547668457	electrum.blockstream.info
90720	0.4852335453033447	0.08948540687561035	electrum.blockstream.info
92736	0.48645782470703125	0.0886082649230957	electrum.blockstream.info
94752	0.32874298095703125	0.09077930450439453	electrum.blockstream.info
96768	0.32876110076904297	0.08977222442626953	electrum.blockstream.info
98784	0.3268876075744629	0.08985137939453125	electrum.blockstream.info
100800	0.32723164558410645	0.08913421630859375	electrum.blockstream.info
102816	0.32752037048339844	0.08872246742248535	electrum.blockstream.info
104832	0.3263072967529297	0.0891578197479248	electrum.blockstream.info
106848	0.3282628059387207	0.08887076377868652	electrum.blockstream.info
108864	0.3264749050140381	0.08954215049743652	electrum.blockstream.info
110880	0.32743144035339355	0.08947134017944336	electrum.blockstream.info
112896	0.32681918144226074	0.09103584289550781	electrum.blockstream.info
114912	0.3268849849700928	0.09052228927612305	electrum.blockstream.info
116928	0.3264346122741699	0.0898287296295166	electrum.blockstream.info
118944	0.32750749588012695	0.08912396430969238	electrum.blockstream.info
120960	0.32668113708496094	0.09145569801330566	electrum.blockstream.info
122976	0.3259744644165039	0.0902717113494873	electrum.blockstream.info
124992	0.3270070552825928	0.08817267417907715	electrum.blockstream.info
127008	0.3262059688568115	0.09714961051940918	electrum.blockstream.info
129024	0.32635998725891113	0.08849763870239258	electrum.blockstream.info
131040	0.32662463188171387	0.08812141418457031	electrum.blockstream.info
133056	0.3269972801208496	0.08759284019470215	electrum.blockstream.info
135072	0.32711338996887207	0.08863425254821777	electrum.blockstream.info
137088	0.32631802558898926	0.08805274963378906	electrum.blockstream.info
139104	0.32678961753845215	0.08785462379455566	electrum.blockstream.info
141120	0.3278377056121826	0.08943343162536621	electrum.blockstream.info
143136	0.327054500579834	0.08867478370666504	electrum.blockstream.info
145152	0.32835912704467773	0.08832597732543945	electrum.blockstream.info
147168	0.3268735408782959	0.08939456939697266	electrum.blockstream.info
149184	0.3272106647491455	0.08850383758544922	electrum.blockstream.info
151200	0.3272075653076172	0.08883428573608398	electrum.blockstream.info
153216	0.33273959159851074	0.08920884132385254	electrum.blockstream.info
155232	0.327085018157959	0.08950996398925781	electrum.blockstream.info
157248	0.32927846908569336	0.08845949172973633	electrum.blockstream.info
159264	0.3274829387664795	0.08825802803039551	electrum.blockstream.info
161280	0.3285555839538574	0.08877754211425781	electrum.blockstream.info
163296	0.32904982566833496	0.09804368019104004	electrum.blockstream.info
165312	0.3267552852630615	0.08839917182922363	electrum.blockstream.info
167328	0.32784318923950195	0.08886528015136719	electrum.blockstream.info
169344	0.32695436477661133	0.08912944793701172	electrum.blockstream.info
171360	0.3278026580810547	0.08838248252868652	electrum.blockstream.info
173376	0.3277919292449951	0.08865714073181152	electrum.blockstream.info
175392	0.3281259536743164	0.08778524398803711	electrum.blockstream.info
177408	0.3271644115447998	0.08836150169372559	electrum.blockstream.info
179424	0.32721495628356934	0.08799409866333008	electrum.blockstream.info
181440	0.32988882064819336	0.08869528770446777	electrum.blockstream.info
183456	0.3262746334075928	0.08928942680358887	electrum.blockstream.info
185472	0.329756498336792	0.08882570266723633	electrum.blockstream.info
187488	0.32645130157470703	0.09404683113098145	electrum.blockstream.info
189504	0.3265717029571533	0.08880829811096191	electrum.blockstream.info
191520	0.48575687408447266	0.08828449249267578	electrum.blockstream.info
193536	0.32711100578308105	0.08806848526000977	electrum.blockstream.info
195552	0.32846999168395996	0.09032011032104492	electrum.blockstream.info
197568	0.3277602195739746	0.08942174911499023	electrum.blockstream.info
199584	0.3279838562011719	0.0896449089050293	electrum.blockstream.info
201600	0.32853078842163086	0.08982658386230469	electrum.blockstream.info
203616	0.3267652988433838	0.08961844444274902	electrum.blockstream.info
205632	0.4863903522491455	0.08773922920227051	electrum.blockstream.info
207648	0.4861462116241455	0.08864831924438477	electrum.blockstream.info
209664	0.3298640251159668	0.08836889266967773	electrum.blockstream.info
211680	0.32756710052490234	0.08866429328918457	electrum.blockstream.info
213696	0.32700562477111816	0.08880162239074707	electrum.blockstream.info
215712	0.32635045051574707	0.09031152725219727	electrum.blockstream.info
217728	0.3264503479003906	0.0884404182434082	electrum.blockstream.info
219744	0.3270735740661621	0.08978581428527832	electrum.blockstream.info
221760	0.3276185989379883	0.08980941772460938	electrum.blockstream.info
223776	0.326352596282959	0.08906817436218262	electrum.blockstream.info
225792	0.3276057243347168	0.08924984931945801	electrum.blockstream.info
227808	0.32687830924987793	0.08883023262023926	electrum.blockstream.info
229824	0.3271751403808594	0.0890040397644043	electrum.blockstream.info
231840	0.3271043300628662	0.08883976936340332	electrum.blockstream.info
233856	0.3274531364440918	0.08820033073425293	electrum.blockstream.info
235872	0.32814836502075195	0.08911776542663574	electrum.blockstream.info
237888	0.3274092674255371	0.08907914161682129	electrum.blockstream.info
239904	0.32718920707702637	0.08871817588806152	electrum.blockstream.info
241920	0.3283352851867676	0.09063148498535156	electrum.blockstream.info
243936	0.32721614837646484	0.09060549736022949	electrum.blockstream.info
245952	0.32674479484558105	0.0912327766418457	electrum.blockstream.info
247968	0.3283956050872803	0.09188985824584961	electrum.blockstream.info
249984	0.3263258934020996	0.08906149864196777	electrum.blockstream.info
252000	0.32953476905822754	0.09063291549682617	electrum.blockstream.info
254016	0.3275737762451172	0.08866000175476074	electrum.blockstream.info
256032	0.327955961227417	0.09111690521240234	electrum.blockstream.info
258048	0.32826805114746094	0.08890557289123535	electrum.blockstream.info
260064	0.3263216018676758	0.08846545219421387	electrum.blockstream.info
262080	0.328122615814209	0.08997797966003418	electrum.blockstream.info
264096	0.32886576652526855	0.08987784385681152	electrum.blockstream.info
266112	0.32807374000549316	0.09005403518676758	electrum.blockstream.info
268128	0.3261606693267822	0.08959579467773438	electrum.blockstream.info
270144	0.32668328285217285	0.08948707580566406	electrum.blockstream.info
272160	0.32673001289367676	0.0892188549041748	electrum.blockstream.info
274176	0.33162569999694824	0.08850812911987305	electrum.blockstream.info
276193	2.420151710510254	0.09017229080200195	electrum.emzy.de
278208	0.884709358215332	0.08867526054382324	electrum.emzy.de
280224	0.30248212814331055	0.08986616134643555	electrum.emzy.de
282240	0.3015410900115967	0.08830690383911133	electrum.emzy.de
284256	0.3014810085296631	0.08948826789855957	electrum.emzy.de
286272	0.30222582817077637	0.08800721168518066	electrum.emzy.de
288288	0.3009212017059326	0.08872652053833008	electrum.emzy.de
290304	0.31524658203125	0.08967995643615723	electrum.emzy.de
292321	1.7128384113311768	0.09010124206542969	electrum.emzy.de
294336	2.6938042640686035	0.0901789665222168	electrum.emzy.de
296352	2.7268640995025635	0.08976197242736816	electrum.emzy.de
298368	3.0265541076660156	0.0891413688659668	electrum.emzy.de
300384	3.0640311241149902	0.08929252624511719	electrum.emzy.de
302400	3.0841939449310303	0.08924293518066406	electrum.emzy.de
304416	3.1110410690307617	0.08903765678405762	electrum.emzy.de
306432	3.162508249282837	0.09078550338745117	electrum.emzy.de
308448	3.169252395629883	0.08975362777709961	electrum.emzy.de
310464	3.2280242443084717	0.09087061882019043	electrum.emzy.de
312480	3.2236087322235107	0.0906686782836914	electrum.emzy.de
314496	3.252431631088257	0.08948564529418945	electrum.emzy.de
316512	3.2936625480651855	0.09014749526977539	electrum.emzy.de
318528	3.3100831508636475	0.0901181697845459	electrum.emzy.de
320544	3.337984323501587	0.0907752513885498	electrum.emzy.de
322560	3.3662688732147217	0.09008002281188965	electrum.emzy.de
324576	3.395984172821045	0.08897900581359863	electrum.emzy.de
326592	3.2616872787475586	0.09147906303405762	electrum.emzy.de
328608	4.84761905670166	0.09044599533081055	electrum.emzy.de
330624	3.4871957302093506	0.09049439430236816	electrum.emzy.de
332640	3.5413389205932617	0.0912482738494873	electrum.emzy.de
334656	3.543635129928589	0.09098577499389648	electrum.emzy.de
336672	3.590851068496704	0.09070086479187012	electrum.emzy.de
338688	3.6028482913970947	0.09085559844970703	electrum.emzy.de
340704	3.630673885345459	0.09386587142944336	electrum.emzy.de
342720	3.6568074226379395	0.09097528457641602	electrum.emzy.de
344736	3.982450485229492	0.0912940502166748	electrum.emzy.de
346752	3.7249090671539307	0.09273433685302734	electrum.emzy.de
348768	3.741273880004883	0.09113550186157227	electrum.emzy.de
350784	3.7708983421325684	0.09146523475646973	electrum.emzy.de
352800	3.7981913089752197	0.09182262420654297	electrum.emzy.de
354816	3.8272836208343506	0.09138274192810059	electrum.emzy.de
356832	3.8744089603424072	0.0936431884765625	electrum.emzy.de
358848	4.895084381103516	0.09027695655822754	electrum.emzy.de
360864	3.9146652221679688	0.09006714820861816	electrum.emzy.de
362881	1.380401372909546	0.09050321578979492	E-X.not.fyi
364896	0.5670740604400635	0.09135866165161133	E-X.not.fyi
366912	0.3766460418701172	0.09165692329406738	E-X.not.fyi
368928	0.3533666133880615	0.09046626091003418	E-X.not.fyi
370944	0.3549361228942871	0.09068965911865234	E-X.not.fyi
372960	0.351900577545166	0.09011960029602051	E-X.not.fyi
374976	0.3559279441833496	0.09015130996704102	E-X.not.fyi
376992	0.35532164573669434	0.09126853942871094	E-X.not.fyi
379008	0.35168027877807617	0.09016299247741699	E-X.not.fyi
381024	0.35179591178894043	0.09005379676818848	E-X.not.fyi
383040	0.351409912109375	0.09079957008361816	E-X.not.fyi
385056	0.5603039264678955	0.09027433395385742	E-X.not.fyi
387072	0.3555114269256592	0.09109354019165039	E-X.not.fyi
389088	0.35616278648376465	0.09237813949584961	E-X.not.fyi
391104	0.3508613109588623	0.09139060974121094	E-X.not.fyi
393120	0.3584258556365967	0.09085249900817871	E-X.not.fyi
395136	0.3563404083251953	0.09148859977722168	E-X.not.fyi
397152	0.3524930477142334	0.09103512763977051	E-X.not.fyi
399168	0.3553006649017334	0.09120011329650879	E-X.not.fyi
401184	0.3531975746154785	0.09106326103210449	E-X.not.fyi
403200	0.3535175323486328	0.09068655967712402	E-X.not.fyi
405216	0.35448455810546875	0.09110236167907715	E-X.not.fyi
407232	0.35538673400878906	0.09061813354492188	E-X.not.fyi
409248	0.3589451313018799	0.0910196304321289	E-X.not.fyi
411264	0.3538787364959717	0.0922698974609375	E-X.not.fyi
413280	0.35472846031188965	0.0911874771118164	E-X.not.fyi
415296	0.3587918281555176	0.09136724472045898	E-X.not.fyi
417312	0.42380213737487793	0.09064722061157227	E-X.not.fyi
419328	0.3513615131378174	0.0908517837524414	E-X.not.fyi
421344	0.3542909622192383	0.09004735946655273	E-X.not.fyi
423360	0.35486316680908203	0.09024643898010254	E-X.not.fyi
425376	0.35532426834106445	0.09131503105163574	E-X.not.fyi
427392	0.3566603660583496	0.09009528160095215	E-X.not.fyi
429408	0.3557014465332031	0.09092187881469727	E-X.not.fyi
431424	0.3539915084838867	0.0910181999206543	E-X.not.fyi
433440	0.3533172607421875	0.09076642990112305	E-X.not.fyi
435456	0.3558802604675293	0.09035563468933105	E-X.not.fyi
437472	0.3548135757446289	0.09156346321105957	E-X.not.fyi
439488	0.354367733001709	0.09026074409484863	E-X.not.fyi
441504	0.3569042682647705	0.09204554557800293	E-X.not.fyi
443520	0.3782660961151123	0.08950471878051758	E-X.not.fyi
445536	0.3539419174194336	0.09002017974853516	E-X.not.fyi
447552	0.35504651069641113	0.09066367149353027	E-X.not.fyi
449568	0.3518962860107422	0.09161591529846191	E-X.not.fyi
451584	0.35621047019958496	0.0908970832824707	E-X.not.fyi
453600	0.35588765144348145	0.09188508987426758	E-X.not.fyi
455616	0.3605916500091553	0.09049415588378906	E-X.not.fyi
457632	0.3540518283843994	0.08776569366455078	E-X.not.fyi
459648	0.3540365695953369	0.08745646476745605	E-X.not.fyi
461664	0.35715556144714355	0.09024786949157715	E-X.not.fyi
463680	0.36111903190612793	0.08918237686157227	E-X.not.fyi
465696	0.3519401550292969	0.08861708641052246	E-X.not.fyi
467712	0.35382938385009766	0.08948278427124023	E-X.not.fyi
469728	0.35498714447021484	0.08984589576721191	E-X.not.fyi
471744	0.37386131286621094	0.08998703956604004	E-X.not.fyi
473760	0.3558800220489502	0.09127044677734375	E-X.not.fyi
475776	0.35413193702697754	0.0905618667602539	E-X.not.fyi
477792	0.3563852310180664	0.09065604209899902	E-X.not.fyi
479808	0.3548436164855957	0.09068012237548828	E-X.not.fyi
481824	0.35289716720581055	0.08993077278137207	E-X.not.fyi
483840	0.3562636375427246	0.08973860740661621	E-X.not.fyi
485856	0.774299144744873	0.09134817123413086	E-X.not.fyi
487872	0.5617334842681885	0.09267568588256836	E-X.not.fyi
489888	0.5420393943786621	0.09119057655334473	E-X.not.fyi
491904	0.5391550064086914	0.09112882614135742	E-X.not.fyi
493920	0.5446438789367676	0.09262704849243164	E-X.not.fyi
495936	0.5398144721984863	0.0908818244934082	E-X.not.fyi
497952	0.5418047904968262	0.09112691879272461	E-X.not.fyi
499968	0.5405471324920654	0.09239625930786133	E-X.not.fyi
501984	0.5422756671905518	0.09124541282653809	E-X.not.fyi
504000	0.5401570796966553	0.0914461612701416	E-X.not.fyi
506016	0.5416898727416992	0.09046626091003418	E-X.not.fyi
508032	0.6516942977905273	0.08959460258483887	E-X.not.fyi
510048	0.5430808067321777	0.0895693302154541	E-X.not.fyi
512064	0.5397775173187256	0.08997273445129395	E-X.not.fyi
514080	0.5395984649658203	0.09048056602478027	E-X.not.fyi
516096	0.5371267795562744	0.08936285972595215	E-X.not.fyi
518112	0.372617244720459	0.08964729309082031	E-X.not.fyi
520128	0.5415642261505127	0.08927798271179199	E-X.not.fyi
522144	0.35393857955932617	0.0897970199584961	E-X.not.fyi
524160	0.5396490097045898	0.0882728099822998	E-X.not.fyi
526176	0.357438325881958	0.08975362777709961	E-X.not.fyi
528192	0.3540310859680176	0.08910775184631348	E-X.not.fyi
530208	0.7818741798400879	0.09024190902709961	E-X.not.fyi
532224	0.3580334186553955	0.08981060981750488	E-X.not.fyi
534240	0.35912203788757324	0.09036946296691895	E-X.not.fyi
536256	0.3561584949493408	0.09081149101257324	E-X.not.fyi
538272	0.3523268699645996	0.09010457992553711	E-X.not.fyi
540288	0.35365724563598633	0.09014129638671875	E-X.not.fyi
542304	0.3551933765411377	0.09005236625671387	E-X.not.fyi
544320	0.3552887439727783	0.09109950065612793	E-X.not.fyi
546336	0.3553013801574707	0.09122729301452637	E-X.not.fyi
548352	0.3596384525299072	0.09144806861877441	E-X.not.fyi
550368	0.35738086700439453	0.09070634841918945	E-X.not.fyi
552384	0.35113024711608887	0.08981919288635254	E-X.not.fyi
554400	0.35173726081848145	0.0899496078491211	E-X.not.fyi
556416	0.35706210136413574	0.09102153778076172	E-X.not.fyi
558432	0.35381078720092773	0.09092211723327637	E-X.not.fyi
560448	0.35437583923339844	0.09032130241394043	E-X.not.fyi
562464	0.3531968593597412	0.0911722183227539	E-X.not.fyi
564481	1.986140489578247	0.08945417404174805	E-X.not.fyi
566496	1.3924071788787842	0.08975648880004883	E-X.not.fyi
568512	0.5606372356414795	0.08899736404418945	E-X.not.fyi
570528	0.2880744934082031	0.08892941474914551	E-X.not.fyi
572544	0.28606629371643066	0.08936548233032227	E-X.not.fyi
574560	0.2892029285430908	0.0923604965209961	E-X.not.fyi
576576	0.2927436828613281	0.08969354629516602	E-X.not.fyi
578592	0.28728294372558594	0.08943367004394531	E-X.not.fyi
580608	0.2885310649871826	0.08943819999694824	E-X.not.fyi
582624	0.2853982448577881	0.08933591842651367	E-X.not.fyi
584640	0.2859184741973877	0.08905959129333496	E-X.not.fyi
586656	0.2873847484588623	0.08993196487426758	E-X.not.fyi
588672	0.2855250835418701	0.09065723419189453	E-X.not.fyi
590688	0.2872297763824463	0.08987689018249512	E-X.not.fyi
592704	0.2875702381134033	0.08911871910095215	E-X.not.fyi
594720	0.2867865562438965	0.09172534942626953	E-X.not.fyi
596736	0.2920234203338623	0.09045243263244629	E-X.not.fyi
598752	0.2928323745727539	0.09169125556945801	E-X.not.fyi
600768	0.2911837100982666	0.09116268157958984	E-X.not.fyi
602784	0.28699755668640137	0.09082531929016113	E-X.not.fyi
604800	0.31847095489501953	0.09057331085205078	E-X.not.fyi
606816	0.2866690158843994	0.09075284004211426	E-X.not.fyi
608832	0.28788208961486816	0.09137129783630371	E-X.not.fyi
610848	0.28721117973327637	0.09057974815368652	E-X.not.fyi
612864	0.28819966316223145	0.0915529727935791	E-X.not.fyi
614880	0.28702831268310547	0.09168028831481934	E-X.not.fyi
616896	0.28524351119995117	0.09192466735839844	E-X.not.fyi
618912	0.2858264446258545	0.0922250747680664	E-X.not.fyi
620928	0.2840890884399414	0.09174513816833496	E-X.not.fyi
622944	0.2855050563812256	0.09228086471557617	E-X.not.fyi
624960	0.2849400043487549	0.09146332740783691	E-X.not.fyi
626976	0.2856433391571045	0.09108138084411621	E-X.not.fyi
628992	0.286069393157959	0.09162306785583496	E-X.not.fyi
631008	0.28557395935058594	0.09110808372497559	E-X.not.fyi
633024	0.2904486656188965	0.09148836135864258	E-X.not.fyi
635040	0.2846341133117676	0.09093856811523438	E-X.not.fyi
637056	0.2862229347229004	0.0900273323059082	E-X.not.fyi
639072	0.2866647243499756	0.09082579612731934	E-X.not.fyi
641088	0.28580808639526367	0.09033513069152832	E-X.not.fyi
643104	0.28511500358581543	0.09104681015014648	E-X.not.fyi
645120	0.28619980812072754	0.0907905101776123	E-X.not.fyi
647136	0.28507161140441895	0.09274458885192871	E-X.not.fyi
649152	0.2854025363922119	0.08998703956604004	E-X.not.fyi
651168	0.285752534866333	0.09056997299194336	E-X.not.fyi
653184	0.2855081558227539	0.0896604061126709	E-X.not.fyi
655200	0.2856113910675049	0.09069490432739258	E-X.not.fyi
657216	0.28233981132507324	0.05627584457397461	E-X.not.fyi
