1	2.065567970275879	0.08798027038574219	electrumx.erbium.eu
2016	2.3892924785614014	0.08840250968933105	electrumx.erbium.eu
4032	2.4298670291900635	0.17830586433410645	electrumx.erbium.eu
6048	2.467289686203003	0.08971571922302246	electrumx.erbium.eu
8064	2.505587100982666	0.08631396293640137	electrumx.erbium.eu
10080	3.035335063934326	0.08717513084411621	electrumx.erbium.eu
12096	2.5889718532562256	0.08671402931213379	electrumx.erbium.eu
14112	2.633249521255493	0.08706116676330566	electrumx.erbium.eu
16128	2.6705853939056396	0.08751702308654785	electrumx.erbium.eu
18144	2.71651554107666	0.08640098571777344	electrumx.erbium.eu
20160	2.7494118213653564	0.08640670776367188	electrumx.erbium.eu
22176	2.797532320022583	0.09022116661071777	electrumx.erbium.eu
24192	2.842454433441162	0.08826494216918945	electrumx.erbium.eu
26208	2.8952393531799316	0.08934879302978516	electrumx.erbium.eu
28224	2.9262514114379883	0.08862137794494629	electrumx.erbium.eu
30240	3.4569108486175537	0.08854246139526367	electrumx.erbium.eu
32256	3.0090630054473877	0.08915162086486816	electrumx.erbium.eu
34272	3.097011089324951	0.08840680122375488	electrumx.erbium.eu
36288	3.102083444595337	0.08884787559509277	electrumx.erbium.eu
38304	3.1465039253234863	0.08677530288696289	electrumx.erbium.eu
40320	3.2001280784606934	0.08619213104248047	electrumx.erbium.eu
42336	3.085021734237671	0.08667254447937012	electrumx.erbium.eu
44352	2.5362706184387207	0.08736038208007812	electrumx.erbium.eu
46368	2.4752228260040283	0.08777213096618652	electrumx.erbium.eu
48384	2.5308690071105957	0.08734607696533203	electrumx.erbium.eu
50400	2.46419095993042	0.08616781234741211	electrumx.erbium.eu
52416	2.389132022857666	0.08736228942871094	electrumx.erbium.eu
54432	2.414475917816162	0.08764863014221191	electrumx.erbium.eu
56448	2.322479248046875	0.08723902702331543	electrumx.erbium.eu
58464	2.3341968059539795	0.0887303352355957	electrumx.erbium.eu
60480	2.3463871479034424	0.08740997314453125	electrumx.erbium.eu
62496	2.372948408126831	0.08804035186767578	electrumx.erbium.eu
64512	2.4122209548950195	0.08880972862243652	electrumx.erbium.eu
66528	2.458434581756592	0.0904550552368164	electrumx.erbium.eu
68544	2.497448205947876	0.0893404483795166	electrumx.erbium.eu
70560	2.5245046615600586	0.08769726753234863	electrumx.erbium.eu
72576	2.561331272125244	0.08996987342834473	electrumx.erbium.eu
74592	2.5991439819335938	0.08926177024841309	electrumx.erbium.eu
76608	2.6373658180236816	0.08846378326416016	electrumx.erbium.eu
78624	2.6707215309143066	0.08940839767456055	electrumx.erbium.eu
80640	2.711045026779175	0.08966469764709473	electrumx.erbium.eu
82656	2.751004219055176	0.08976459503173828	electrumx.erbium.eu
84672	2.791337251663208	0.09064292907714844	electrumx.erbium.eu
86688	2.8290369510650635	0.08834028244018555	electrumx.erbium.eu
88704	11.721790313720703	0.08803772926330566	electrumx.erbium.eu
90720	2.967892646789551	0.0883336067199707	electrumx.erbium.eu
92736	3.014238119125366	0.08759760856628418	electrumx.erbium.eu
94752	3.059878349304199	0.08934187889099121	electrumx.erbium.eu
96769	4.944934129714966	0.08813285827636719	ex02.axalgo.com
98784	1.784003496170044	0.08809137344360352	ex02.axalgo.com
100800	0.8877873420715332	0.08832359313964844	ex02.axalgo.com
102816	0.8799030780792236	0.08815193176269531	ex02.axalgo.com
104832	2.032589912414551	0.08743572235107422	ex02.axalgo.com
106848	1.37727952003479	0.08746719360351562	ex02.axalgo.com
108864	6.836172819137573	0.0881810188293457	ex02.axalgo.com
110880	3.5438730716705322	0.0872490406036377	ex02.axalgo.com
112896	2.0566914081573486	0.08936595916748047	ex02.axalgo.com
114912	2.1525089740753174	0.08957982063293457	ex02.axalgo.com
116928	0.8759901523590088	0.08869385719299316	ex02.axalgo.com
118944	0.5993998050689697	0.08934760093688965	ex02.axalgo.com
120960	1.0009746551513672	0.08934283256530762	ex02.axalgo.com
122976	0.5999569892883301	0.08841943740844727	ex02.axalgo.com
124992	0.5738756656646729	0.08956313133239746	ex02.axalgo.com
127008	1.5362582206726074	0.08851194381713867	ex02.axalgo.com
129024	0.588437557220459	0.08867979049682617	ex02.axalgo.com
131040	0.842048168182373	0.09050679206848145	ex02.axalgo.com
133056	0.7772982120513916	0.08843183517456055	ex02.axalgo.com
135072	0.8265533447265625	0.08982586860656738	ex02.axalgo.com
137088	0.8549180030822754	0.09114599227905273	ex02.axalgo.com
139104	1.5984299182891846	0.08986330032348633	ex02.axalgo.com
141120	0.5943388938903809	0.09012651443481445	ex02.axalgo.com
143136	0.7979624271392822	0.08979415893554688	ex02.axalgo.com
145152	0.7978193759918213	0.08916878700256348	ex02.axalgo.com
147168	0.8088154792785645	0.08947610855102539	ex02.axalgo.com
149184	0.8261606693267822	0.09572601318359375	ex02.axalgo.com
151200	0.36035680770874023	0.08950018882751465	ex02.axalgo.com
153216	0.3515141010284424	0.08920526504516602	ex02.axalgo.com
155232	0.37847280502319336	0.08985662460327148	ex02.axalgo.com
157248	0.352217435836792	0.08927750587463379	ex02.axalgo.com
159264	0.7254765033721924	0.09022068977355957	ex02.axalgo.com
161280	0.860997200012207	0.08979225158691406	ex02.axalgo.com
163296	0.8648104667663574	0.08920478820800781	ex02.axalgo.com
165312	0.9207115173339844	0.08940720558166504	ex02.axalgo.com
167328	0.9085509777069092	0.09034609794616699	ex02.axalgo.com
169344	0.8754229545593262	0.08959817886352539	ex02.axalgo.com
171360	0.8161251544952393	0.08792757987976074	ex02.axalgo.com
173376	0.7918617725372314	0.09001755714416504	ex02.axalgo.com
175392	1.499119520187378	0.08965563774108887	ex02.axalgo.com
177408	1.0884242057800293	0.08801651000976562	ex02.axalgo.com
179424	0.7975296974182129	0.09026074409484863	ex02.axalgo.com
181440	0.8330614566802979	0.08864426612854004	ex02.axalgo.com
183456	0.7663164138793945	0.08815670013427734	ex02.axalgo.com
185472	0.8022284507751465	0.09259247779846191	ex02.axalgo.com
187488	0.7391560077667236	0.08780145645141602	ex02.axalgo.com
189504	0.3759129047393799	0.0888819694519043	ex02.axalgo.com
191520	0.3593313694000244	0.08831787109375	ex02.axalgo.com
193536	0.3615853786468506	0.0877532958984375	ex02.axalgo.com
195552	0.3555018901824951	0.08887457847595215	ex02.axalgo.com
197568	0.3625049591064453	0.08848404884338379	ex02.axalgo.com
199584	1.6384143829345703	0.08842587471008301	ex02.axalgo.com
201600	0.36408114433288574	0.08912467956542969	ex02.axalgo.com
203616	1.1092808246612549	0.088409423828125	ex02.axalgo.com
205632	0.7760579586029053	0.08835649490356445	ex02.axalgo.com
207648	0.8574912548065186	0.09302282333374023	ex02.axalgo.com
209664	7.625104904174805	0.08878922462463379	ex02.axalgo.com
211680	3.6071176528930664	0.0878298282623291	ex02.axalgo.com
213696	2.456313133239746	0.08857202529907227	ex02.axalgo.com
215712	1.2591116428375244	0.08699226379394531	ex02.axalgo.com
217728	1.1487150192260742	0.08959031105041504	ex02.axalgo.com
219744	1.1674723625183105	0.08891868591308594	ex02.axalgo.com
221760	0.6065449714660645	0.08941102027893066	ex02.axalgo.com
223776	0.646331787109375	0.0883030891418457	ex02.axalgo.com
225792	0.7807214260101318	0.08997392654418945	ex02.axalgo.com
227808	0.8947937488555908	0.08847212791442871	ex02.axalgo.com
229824	9.511667966842651	0.08870553970336914	ex02.axalgo.com
231840	1.5219488143920898	0.0882112979888916	ex02.axalgo.com
233856	1.7261905670166016	0.08808588981628418	ex02.axalgo.com
235872	0.6649327278137207	0.08646845817565918	ex02.axalgo.com
237888	0.8221020698547363	0.08754587173461914	ex02.axalgo.com
239904	5.514129877090454	0.08776187896728516	ex02.axalgo.com
241920	0.9643762111663818	0.08966755867004395	ex02.axalgo.com
243936	0.772252082824707	0.08830642700195312	ex02.axalgo.com
245952	2.746377944946289	0.08890652656555176	ex02.axalgo.com
247968	1.5762138366699219	0.09057283401489258	ex02.axalgo.com
249984	1.531325340270996	0.08870244026184082	ex02.axalgo.com
252000	1.5260229110717773	0.08815789222717285	ex02.axalgo.com
254016	0.3628988265991211	0.08887600898742676	ex02.axalgo.com
256032	1.5598037242889404	0.08949446678161621	ex02.axalgo.com
258048	1.7687158584594727	0.08863353729248047	ex02.axalgo.com
260064	0.6088848114013672	0.08984661102294922	ex02.axalgo.com
262080	0.7896909713745117	0.08919000625610352	ex02.axalgo.com
264096	0.7881765365600586	0.08891105651855469	ex02.axalgo.com
266112	0.8309569358825684	0.08804965019226074	ex02.axalgo.com
268128	0.8518402576446533	0.08744072914123535	ex02.axalgo.com
270144	0.8560822010040283	0.08758544921875	ex02.axalgo.com
272160	0.8593435287475586	0.0889577865600586	ex02.axalgo.com
274176	0.869328498840332	0.09000706672668457	ex02.axalgo.com
276192	0.9666860103607178	0.08934426307678223	ex02.axalgo.com
278208	0.9111194610595703	0.08909153938293457	ex02.axalgo.com
280224	0.4128289222717285	0.08918380737304688	ex02.axalgo.com
282240	0.9238851070404053	0.0882875919342041	ex02.axalgo.com
284256	0.8068876266479492	0.08864355087280273	ex02.axalgo.com
286272	0.7626974582672119	0.08945107460021973	ex02.axalgo.com
288288	0.8564229011535645	0.08824348449707031	ex02.axalgo.com
290304	0.8034989833831787	0.08684468269348145	ex02.axalgo.com
292320	1.1225695610046387	0.08934712409973145	ex02.axalgo.com
294336	0.744544506072998	0.08911991119384766	ex02.axalgo.com
296352	1.6495110988616943	0.09091782569885254	ex02.axalgo.com
298368	0.6452727317810059	0.09227681159973145	ex02.axalgo.com
300384	0.8166494369506836	0.09005999565124512	ex02.axalgo.com
302400	0.8697831630706787	0.08951902389526367	ex02.axalgo.com
304416	0.8163979053497314	0.09031796455383301	ex02.axalgo.com
306432	0.7513549327850342	0.09037041664123535	ex02.axalgo.com
308448	0.9038107395172119	0.08923768997192383	ex02.axalgo.com
310464	0.7799153327941895	0.0897665023803711	ex02.axalgo.com
312480	0.8352909088134766	0.09221458435058594	ex02.axalgo.com
314496	0.8351118564605713	0.08968448638916016	ex02.axalgo.com
316512	0.8561873435974121	0.09152364730834961	ex02.axalgo.com
318528	0.8142311573028564	0.09157419204711914	ex02.axalgo.com
320544	0.8904335498809814	0.08988189697265625	ex02.axalgo.com
322560	0.73158860206604	0.09025168418884277	ex02.axalgo.com
324576	0.8332083225250244	0.0895845890045166	ex02.axalgo.com
326592	2.0570151805877686	0.08965444564819336	ex02.axalgo.com
328608	1.6062703132629395	0.0901787281036377	ex02.axalgo.com
330624	0.7936177253723145	0.09116554260253906	ex02.axalgo.com
332640	0.8707737922668457	0.09142184257507324	ex02.axalgo.com
334656	0.7845780849456787	0.08993959426879883	ex02.axalgo.com
336672	0.8438034057617188	0.08879256248474121	ex02.axalgo.com
338688	0.7435944080352783	0.08976626396179199	ex02.axalgo.com
340704	0.7952110767364502	0.0897665023803711	ex02.axalgo.com
