1	2.02681303024292	0.08820486068725586	e2.keff.org
2016	1.692692518234253	0.08800363540649414	e2.keff.org
4032	1.649545669555664	0.08829116821289062	e2.keff.org
6048	1.6595795154571533	0.09735274314880371	e2.keff.org
8064	0.567950963973999	0.08763432502746582	e2.keff.org
10080	0.29628920555114746	0.08793783187866211	e2.keff.org
12096	0.29596519470214844	0.08849215507507324	e2.keff.org
14112	0.29994940757751465	0.0876166820526123	e2.keff.org
16128	0.29999685287475586	0.08875083923339844	e2.keff.org
18144	0.30558300018310547	0.08840608596801758	e2.keff.org
20160	0.3152432441711426	0.08811116218566895	e2.keff.org
22176	1.5901439189910889	0.08947610855102539	e2.keff.org
24192	0.3704683780670166	0.08838891983032227	e2.keff.org
26208	0.4063138961791992	0.08870506286621094	e2.keff.org
28224	0.43970751762390137	0.08774423599243164	e2.keff.org
30240	0.4728860855102539	0.08821439743041992	e2.keff.org
32256	0.49388599395751953	0.08824801445007324	e2.keff.org
34272	0.524055004119873	0.08841896057128906	e2.keff.org
36288	0.5458624362945557	0.08961868286132812	e2.keff.org
38304	0.5903253555297852	0.08855199813842773	e2.keff.org
40320	0.6208493709564209	0.0897667407989502	e2.keff.org
42336	0.6561932563781738	0.08782601356506348	e2.keff.org
44352	0.6641645431518555	0.08759713172912598	e2.keff.org
46368	0.7054040431976318	0.08804750442504883	e2.keff.org
48384	0.7200875282287598	0.08790874481201172	e2.keff.org
50400	0.8244547843933105	0.08813738822937012	e2.keff.org
52416	0.8013770580291748	0.08904457092285156	e2.keff.org
54432	0.8070106506347656	0.08763337135314941	e2.keff.org
56448	0.8326811790466309	0.08651280403137207	e2.keff.org
58464	1.1449940204620361	0.08745193481445312	e2.keff.org
60480	1.4328813552856445	0.08748555183410645	e2.keff.org
62496	2.786105155944824	0.08727717399597168	e2.keff.org
64512	1.4906189441680908	0.0877687931060791	e2.keff.org
66528	1.5280251502990723	0.08815598487854004	e2.keff.org
68544	2.896070957183838	0.0865778923034668	e2.keff.org
70560	1.5850803852081299	0.08544516563415527	e2.keff.org
72576	1.6255078315734863	0.08787417411804199	e2.keff.org
74592	1.6277165412902832	0.08816671371459961	e2.keff.org
76608	1.6632070541381836	0.0879964828491211	e2.keff.org
78624	1.6994609832763672	0.08694887161254883	e2.keff.org
80640	1.7192821502685547	0.08656907081604004	e2.keff.org
82656	1.7585723400115967	0.08735513687133789	e2.keff.org
84672	1.770944595336914	0.08760237693786621	e2.keff.org
86688	1.8065223693847656	0.08802509307861328	e2.keff.org
88704	1.8273468017578125	0.08827018737792969	e2.keff.org
90720	1.8667211532592773	0.08752584457397461	e2.keff.org
92736	1.9211230278015137	0.08782100677490234	e2.keff.org
94752	2.1968016624450684	0.08720970153808594	e2.keff.org
96768	1.967106819152832	0.08868718147277832	e2.keff.org
98784	1.978344202041626	0.08765125274658203	e2.keff.org
100800	2.283444881439209	0.08793091773986816	e2.keff.org
102816	2.384164571762085	0.08800387382507324	e2.keff.org
104832	2.341714382171631	0.08855700492858887	e2.keff.org
106848	2.3565003871917725	0.0886850357055664	e2.keff.org
108864	2.382917642593384	0.08847713470458984	e2.keff.org
110880	2.469146966934204	0.0879979133605957	e2.keff.org
112896	2.477874755859375	0.09080886840820312	e2.keff.org
114912	3.4061994552612305	0.08870720863342285	e2.keff.org
116928	3.139817953109741	0.08845210075378418	e2.keff.org
118944	2.5393693447113037	0.08993959426879883	e2.keff.org
120960	2.566110610961914	0.08867692947387695	e2.keff.org
122976	2.9145963191986084	0.09006214141845703	e2.keff.org
124992	2.924227476119995	0.08906173706054688	e2.keff.org
127008	2.923781633377075	0.0888357162475586	e2.keff.org
129024	2.9525651931762695	0.08874773979187012	e2.keff.org
131040	2.9706737995147705	0.0882120132446289	e2.keff.org
133056	3.7126758098602295	0.0884101390838623	e2.keff.org
135072	3.0278522968292236	0.08855581283569336	e2.keff.org
137088	3.0519416332244873	0.08851790428161621	e2.keff.org
139104	3.0912928581237793	0.08751630783081055	e2.keff.org
141120	3.8074238300323486	0.0890500545501709	e2.keff.org
143136	3.1856863498687744	0.08993315696716309	e2.keff.org
145152	3.1760926246643066	0.08913493156433105	e2.keff.org
147168	3.1966888904571533	0.09059405326843262	e2.keff.org
149184	3.234865665435791	0.08884501457214355	e2.keff.org
151200	3.259078025817871	0.08952879905700684	e2.keff.org
153216	3.737889289855957	0.0882713794708252	e2.keff.org
155232	3.9405012130737305	0.08761072158813477	e2.keff.org
157248	3.337371349334717	0.08964157104492188	e2.keff.org
159264	3.3667447566986084	0.08901357650756836	e2.keff.org
161280	3.4103667736053467	0.08917522430419922	e2.keff.org
163296	3.4533767700195312	0.09010839462280273	e2.keff.org
165312	3.4531447887420654	0.08900737762451172	e2.keff.org
167328	3.4924216270446777	0.08942461013793945	e2.keff.org
169344	3.6034133434295654	0.0893394947052002	e2.keff.org
171360	3.535705089569092	0.08922481536865234	e2.keff.org
173376	4.686065196990967	0.08707523345947266	e2.keff.org
175393	2.3430304527282715	0.08924460411071777	e2.keff.org
177409	4.224736452102661	0.08874249458312988	hodlers.beer
179424	4.329047918319702	0.08828997611999512	hodlers.beer
181440	4.338731288909912	0.08850431442260742	hodlers.beer
183456	4.375926971435547	0.08887815475463867	hodlers.beer
185472	4.42167329788208	0.0880270004272461	hodlers.beer
187488	6.341998815536499	0.08881711959838867	hodlers.beer
189504	3.9274790287017822	0.08928298950195312	hodlers.beer
191520	4.007986068725586	0.09001493453979492	hodlers.beer
193537	1.5850236415863037	0.08861613273620605	hodlers.beer
195552	0.5441129207611084	0.09049606323242188	hodlers.beer
197568	0.2830181121826172	0.08824706077575684	hodlers.beer
199584	0.33496713638305664	0.08865785598754883	hodlers.beer
201600	0.2794010639190674	0.08818721771240234	hodlers.beer
203616	1.2493383884429932	0.08939123153686523	hodlers.beer
205632	0.34389710426330566	0.09451723098754883	hodlers.beer
207648	0.33512139320373535	0.09349727630615234	hodlers.beer
209664	0.6853759288787842	0.08766293525695801	hodlers.beer
211680	0.35716700553894043	0.08780980110168457	hodlers.beer
213696	0.38066983222961426	0.08893704414367676	hodlers.beer
215712	0.5475907325744629	0.08885669708251953	hodlers.beer
217728	0.7500641345977783	0.08700323104858398	hodlers.beer
219744	0.7573292255401611	0.08755087852478027	hodlers.beer
221760	0.7776017189025879	0.08878564834594727	hodlers.beer
223776	0.7805030345916748	0.0874013900756836	hodlers.beer
225792	0.8090474605560303	0.08606410026550293	hodlers.beer
227808	0.9473109245300293	0.08740687370300293	hodlers.beer
229824	0.9326565265655518	0.08872151374816895	hodlers.beer
231840	0.9018909931182861	0.09531283378601074	hodlers.beer
233856	0.9348642826080322	0.08979439735412598	hodlers.beer
235872	0.9678835868835449	0.08916425704956055	hodlers.beer
237888	0.9882872104644775	0.08967256546020508	hodlers.beer
239904	1.0556740760803223	0.0892026424407959	hodlers.beer
241920	1.0968408584594727	0.09016156196594238	hodlers.beer
243936	1.0800650119781494	0.08981776237487793	hodlers.beer
245952	1.3735404014587402	0.09110307693481445	hodlers.beer
247968	1.402705430984497	0.08985018730163574	hodlers.beer
249984	1.47389817237854	0.09016895294189453	hodlers.beer
252000	1.4556570053100586	0.09044504165649414	hodlers.beer
254016	1.7503728866577148	0.08896160125732422	hodlers.beer
256032	1.7762138843536377	0.09010004997253418	hodlers.beer
258048	1.8003919124603271	0.0884549617767334	hodlers.beer
260064	1.8478364944458008	0.09334993362426758	hodlers.beer
262080	1.8686861991882324	0.08817672729492188	hodlers.beer
264096	1.8937504291534424	0.08835172653198242	hodlers.beer
266112	1.6777534484863281	0.08872365951538086	hodlers.beer
268128	1.7146413326263428	0.08895325660705566	hodlers.beer
270144	2.0522260665893555	0.0877840518951416	hodlers.beer
272160	2.1023032665252686	0.08869266510009766	hodlers.beer
274176	2.046135425567627	0.08834028244018555	hodlers.beer
276192	2.1789894104003906	0.17541098594665527	hodlers.beer
