1	0.9115982055664062	0.08837246894836426	bitcoin.aranguren.org
2016	3.2783868312835693	0.08792471885681152	bitcoin.aranguren.org
4032	3.218338966369629	0.08710718154907227	bitcoin.aranguren.org
6049	1.5018911361694336	0.08997130393981934	e2.keff.org
8065	1.6527941226959229	0.08837413787841797	electrumx.erbium.eu
10080	0.6936924457550049	0.08868551254272461	electrumx.erbium.eu
12096	0.2962198257446289	0.08927750587463379	electrumx.erbium.eu
14112	0.29639363288879395	0.08748197555541992	electrumx.erbium.eu
16128	0.2962648868560791	0.08740973472595215	electrumx.erbium.eu
18144	0.4853179454803467	0.08878397941589355	electrumx.erbium.eu
20160	1.4002110958099365	0.08833503723144531	electrumx.erbium.eu
22176	0.29721760749816895	0.08846330642700195	electrumx.erbium.eu
24192	0.2947721481323242	0.08783102035522461	electrumx.erbium.eu
26208	0.2925553321838379	0.08865785598754883	electrumx.erbium.eu
28224	0.3141610622406006	0.08776426315307617	electrumx.erbium.eu
30240	0.334514856338501	0.08751630783081055	electrumx.erbium.eu
32256	0.3774571418762207	0.08732271194458008	electrumx.erbium.eu
34272	0.3978602886199951	0.08755064010620117	electrumx.erbium.eu
36288	0.4242069721221924	0.08804059028625488	electrumx.erbium.eu
38304	0.4567222595214844	0.08814501762390137	electrumx.erbium.eu
40320	0.4855613708496094	0.0879971981048584	electrumx.erbium.eu
42336	0.5113177299499512	0.08799195289611816	electrumx.erbium.eu
44352	0.5387508869171143	0.08733105659484863	electrumx.erbium.eu
46368	0.5759263038635254	0.08759427070617676	electrumx.erbium.eu
48384	0.6048886775970459	0.08761286735534668	electrumx.erbium.eu
50400	0.7160465717315674	0.08777713775634766	electrumx.erbium.eu
52416	0.714397668838501	0.08693337440490723	electrumx.erbium.eu
54432	0.68784499168396	0.08690810203552246	electrumx.erbium.eu
56448	0.7297194004058838	0.08747744560241699	electrumx.erbium.eu
58464	0.7430760860443115	0.08859086036682129	electrumx.erbium.eu
60480	2.6764185428619385	0.08820366859436035	electrumx.erbium.eu
62496	2.230668067932129	0.08845114707946777	electrumx.erbium.eu
64512	1.0979771614074707	0.0866079330444336	electrumx.erbium.eu
66528	1.1242001056671143	0.0880284309387207	electrumx.erbium.eu
68544	1.9965498447418213	0.08750081062316895	electrumx.erbium.eu
70560	2.415412425994873	0.08818268775939941	electrumx.erbium.eu
72576	2.786660671234131	0.08953332901000977	electrumx.erbium.eu
74592	2.9117271900177	0.08933687210083008	electrumx.erbium.eu
76608	1.5481388568878174	0.08979272842407227	electrumx.erbium.eu
78624	2.6258442401885986	0.08949756622314453	electrumx.erbium.eu
80640	1.5933864116668701	0.08949565887451172	electrumx.erbium.eu
82656	3.62605881690979	0.08862137794494629	electrumx.erbium.eu
84672	4.1717915534973145	0.08866524696350098	electrumx.erbium.eu
86688	10.034647464752197	0.08822107315063477	electrumx.erbium.eu
88704	3.5170047283172607	0.08846402168273926	electrumx.erbium.eu
90720	3.7151060104370117	0.0876007080078125	electrumx.erbium.eu
92736	11.07735300064087	0.10060548782348633	electrumx.erbium.eu
94752	4.027539491653442	0.10224008560180664	electrumx.erbium.eu
96768	1.8122575283050537	0.08754301071166992	electrumx.erbium.eu
98784	1.8436527252197266	0.0879971981048584	electrumx.erbium.eu
100800	1.8746414184570312	0.08770322799682617	electrumx.erbium.eu
102816	2.4806442260742188	0.08728694915771484	electrumx.erbium.eu
104832	2.1950154304504395	0.08793187141418457	electrumx.erbium.eu
106848	2.23274564743042	0.08803701400756836	electrumx.erbium.eu
108864	2.51166033744812	0.08769083023071289	electrumx.erbium.eu
110880	2.280517101287842	0.08781170845031738	electrumx.erbium.eu
112896	2.3938984870910645	0.09032440185546875	electrumx.erbium.eu
114912	3.6867825984954834	0.09022855758666992	electrumx.erbium.eu
116928	2.3702077865600586	0.08869481086730957	electrumx.erbium.eu
118944	16.679802417755127	0.0904245376586914	electrumx.erbium.eu
120960	2.4244604110717773	0.09025812149047852	electrumx.erbium.eu
122976	2.5933926105499268	0.0886545181274414	electrumx.erbium.eu
124992	2.477353096008301	0.08885407447814941	electrumx.erbium.eu
127008	2.5077552795410156	0.08614635467529297	electrumx.erbium.eu
129024	2.546041488647461	0.08940267562866211	electrumx.erbium.eu
131040	2.564950704574585	0.17742466926574707	electrumx.erbium.eu
133056	3.5355052947998047	0.0895698070526123	electrumx.erbium.eu
135072	2.8883986473083496	0.08981537818908691	electrumx.erbium.eu
137088	2.9295971393585205	0.08946037292480469	electrumx.erbium.eu
139104	3.116511106491089	0.08991718292236328	electrumx.erbium.eu
141120	2.977494239807129	0.08825516700744629	electrumx.erbium.eu
143136	3.066873788833618	0.0889425277709961	electrumx.erbium.eu
145152	3.0343539714813232	0.08892560005187988	electrumx.erbium.eu
147168	3.059307098388672	0.09159278869628906	electrumx.erbium.eu
149184	3.090820789337158	0.0900113582611084	electrumx.erbium.eu
151200	3.1179261207580566	0.08827686309814453	electrumx.erbium.eu
153216	3.219552516937256	0.08921360969543457	electrumx.erbium.eu
155232	2.9492242336273193	0.08946657180786133	electrumx.erbium.eu
157248	2.9727704524993896	0.08929657936096191	electrumx.erbium.eu
159264	3.230703592300415	0.08997106552124023	electrumx.erbium.eu
161280	3.2594542503356934	0.09009122848510742	electrumx.erbium.eu
163296	3.3146812915802	0.09122133255004883	electrumx.erbium.eu
165312	3.312678098678589	0.08866548538208008	electrumx.erbium.eu
167328	3.3439338207244873	0.08812475204467773	electrumx.erbium.eu
169344	3.3723437786102295	0.08971023559570312	electrumx.erbium.eu
171360	3.4020726680755615	0.08978796005249023	electrumx.erbium.eu
173376	3.535978317260742	0.08976984024047852	electrumx.erbium.eu
175392	3.4575250148773193	0.08957791328430176	electrumx.erbium.eu
177408	3.4832422733306885	0.08904552459716797	electrumx.erbium.eu
179424	3.5488638877868652	0.09037661552429199	electrumx.erbium.eu
181440	3.53936505317688	0.08996105194091797	electrumx.erbium.eu
183456	5.255831718444824	0.09002518653869629	electrumx.erbium.eu
185472	5.093884468078613	0.0896751880645752	electrumx.erbium.eu
187488	3.627171754837036	0.08893847465515137	vmd63185.contaboserver.net
189504	10.377804517745972	0.08948874473571777	vmd63185.contaboserver.net
191520	4.898860454559326	0.08867168426513672	vmd63185.contaboserver.net
193536	4.8768837451934814	0.08865714073181152	vmd63185.contaboserver.net
195552	4.459275960922241	0.08967947959899902	vmd63185.contaboserver.net
197568	5.777190685272217	0.08956027030944824	vmd63185.contaboserver.net
199584	4.035780191421509	0.08980965614318848	vmd63185.contaboserver.net
201600	3.8389174938201904	0.08833527565002441	vmd63185.contaboserver.net
203616	3.845987558364868	0.08886861801147461	vmd63185.contaboserver.net
205632	3.8767189979553223	0.0890963077545166	vmd63185.contaboserver.net
207649	2.038219690322876	0.08894705772399902	vmd63185.contaboserver.net
209664	0.6496293544769287	0.0888681411743164	vmd63185.contaboserver.net
211680	0.5356447696685791	0.10018277168273926	vmd63185.contaboserver.net
213696	0.692995548248291	0.08768820762634277	vmd63185.contaboserver.net
215712	0.5507056713104248	0.08937740325927734	vmd63185.contaboserver.net
217728	0.6734952926635742	0.0882561206817627	vmd63185.contaboserver.net
219744	0.6011276245117188	0.08919930458068848	vmd63185.contaboserver.net
221760	0.5898857116699219	0.08837270736694336	vmd63185.contaboserver.net
223776	0.5926270484924316	0.08874797821044922	vmd63185.contaboserver.net
225792	0.6631324291229248	0.08818483352661133	vmd63185.contaboserver.net
227808	0.6271848678588867	0.09076833724975586	vmd63185.contaboserver.net
229824	0.6029641628265381	0.08715128898620605	vmd63185.contaboserver.net
231840	0.5909221172332764	0.08953475952148438	vmd63185.contaboserver.net
233856	0.61769700050354	0.08868956565856934	vmd63185.contaboserver.net
235872	0.8472623825073242	0.08912467956542969	vmd63185.contaboserver.net
237888	0.621140718460083	0.11591672897338867	vmd63185.contaboserver.net
239904	0.6326665878295898	0.1821303367614746	vmd63185.contaboserver.net
