1	1.4663050174713135	0.08428716659545898	e.keff.org
2016	0.5938503742218018	0.0849308967590332	e.keff.org
4032	0.3069276809692383	0.08572030067443848	e.keff.org
6048	0.30114245414733887	0.08591794967651367	e.keff.org
8064	0.30413150787353516	0.08544468879699707	e.keff.org
10080	0.3025362491607666	0.08467316627502441	e.keff.org
12096	0.30309367179870605	0.08617019653320312	e.keff.org
14112	0.3017110824584961	0.08493661880493164	e.keff.org
16128	0.30284714698791504	0.08490777015686035	e.keff.org
18144	0.3013112545013428	0.08605790138244629	e.keff.org
20160	0.30564212799072266	0.086151123046875	e.keff.org
22176	0.3037843704223633	0.08449864387512207	e.keff.org
24192	0.30419206619262695	0.08536744117736816	e.keff.org
26208	0.3061342239379883	0.1734943389892578	e.keff.org
28224	0.30611109733581543	0.17391514778137207	e.keff.org
30240	0.30643129348754883	0.08553290367126465	e.keff.org
32256	0.594494104385376	0.08638381958007812	e.keff.org
34272	0.3063786029815674	0.08587908744812012	e.keff.org
36288	0.30420422554016113	0.08618974685668945	e.keff.org
38304	0.30542659759521484	0.08656644821166992	e.keff.org
40320	0.3059346675872803	0.08518552780151367	e.keff.org
42336	0.3053915500640869	0.08642721176147461	e.keff.org
44352	0.30642271041870117	0.08594775199890137	e.keff.org
46368	0.30690741539001465	0.08545923233032227	e.keff.org
48384	0.307018518447876	0.0861809253692627	e.keff.org
50400	0.3028292655944824	0.08632493019104004	e.keff.org
52416	0.3050224781036377	0.0857541561126709	e.keff.org
54432	0.3025627136230469	0.08583784103393555	e.keff.org
56448	0.30626797676086426	0.0855255126953125	e.keff.org
58464	0.30478668212890625	0.08579277992248535	e.keff.org
60480	0.30738401412963867	0.08545494079589844	e.keff.org
62496	0.30473756790161133	0.08552145957946777	e.keff.org
64512	0.3038952350616455	0.08493781089782715	e.keff.org
66528	0.30458498001098633	0.08645033836364746	e.keff.org
68544	0.30539703369140625	0.08511662483215332	e.keff.org
70560	0.30441761016845703	0.08559823036193848	e.keff.org
72576	0.3058810234069824	0.08593559265136719	e.keff.org
74592	0.30489683151245117	0.08590459823608398	e.keff.org
76608	0.3060145378112793	0.08890724182128906	e.keff.org
78624	0.3069148063659668	0.08468794822692871	e.keff.org
80640	0.30472540855407715	0.0857236385345459	e.keff.org
82656	0.30727648735046387	0.08517098426818848	e.keff.org
84672	0.30681681632995605	0.0866236686706543	e.keff.org
86688	0.30448317527770996	0.08498764038085938	e.keff.org
88704	0.308544397354126	0.08460307121276855	e.keff.org
90720	0.3035445213317871	0.08682560920715332	e.keff.org
92736	0.3072471618652344	0.08473539352416992	e.keff.org
94752	0.30483460426330566	0.08550310134887695	e.keff.org
96768	0.30396103858947754	0.08656740188598633	e.keff.org
98784	0.3033905029296875	0.08575105667114258	e.keff.org
100800	0.30724000930786133	0.08570122718811035	e.keff.org
102816	0.3058433532714844	0.08621501922607422	e.keff.org
104832	0.304654598236084	0.08645462989807129	e.keff.org
106848	0.3034045696258545	0.08530235290527344	e.keff.org
108864	0.30518436431884766	0.08652234077453613	e.keff.org
110880	0.30538415908813477	0.0862281322479248	e.keff.org
112896	0.30411744117736816	0.08653426170349121	e.keff.org
114912	0.3089005947113037	0.08753752708435059	e.keff.org
116928	0.30691981315612793	0.08836197853088379	e.keff.org
118944	0.30727362632751465	0.0859837532043457	e.keff.org
120960	0.30375170707702637	0.08702707290649414	e.keff.org
122976	0.3043384552001953	0.08687734603881836	e.keff.org
124992	0.30397820472717285	0.08610653877258301	e.keff.org
127008	0.3060648441314697	0.08531785011291504	e.keff.org
129024	0.30556440353393555	0.08635163307189941	e.keff.org
131040	0.3055119514465332	0.0853736400604248	e.keff.org
133056	0.30733728408813477	0.08570528030395508	e.keff.org
135072	0.3055908679962158	0.08612680435180664	e.keff.org
137088	0.3049936294555664	0.0847618579864502	e.keff.org
139104	0.3041412830352783	0.08515715599060059	e.keff.org
141120	0.3052191734313965	0.08602285385131836	e.keff.org
143136	0.3087754249572754	0.09192037582397461	e.keff.org
145152	0.30556392669677734	0.08503413200378418	e.keff.org
147168	0.30498242378234863	0.11980962753295898	e.keff.org
149184	0.30349183082580566	0.08665037155151367	e.keff.org
151200	0.30605530738830566	0.08782482147216797	e.keff.org
153216	0.3083169460296631	0.0862879753112793	e.keff.org
155232	0.30420517921447754	0.08557653427124023	e.keff.org
157248	0.3080446720123291	0.08545494079589844	e.keff.org
159264	0.3053569793701172	0.08720541000366211	e.keff.org
161280	0.30678772926330566	0.08644223213195801	e.keff.org
163296	0.30361366271972656	0.08585071563720703	e.keff.org
165312	0.30399107933044434	0.08605122566223145	e.keff.org
167328	0.3061673641204834	0.0857396125793457	e.keff.org
169344	0.5952532291412354	0.08604168891906738	e.keff.org
171360	0.30918216705322266	0.08602547645568848	e.keff.org
173376	0.30917835235595703	0.08609199523925781	e.keff.org
175392	0.30501842498779297	0.08568286895751953	e.keff.org
177408	0.3053162097930908	0.08578372001647949	e.keff.org
179424	0.3071937561035156	0.08546876907348633	e.keff.org
181440	0.3065001964569092	0.08601593971252441	e.keff.org
183456	0.3075394630432129	0.08515143394470215	e.keff.org
185472	0.30881190299987793	0.08526349067687988	e.keff.org
187488	0.30573296546936035	0.08578753471374512	e.keff.org
189504	0.3062307834625244	0.08666300773620605	e.keff.org
191520	0.3046538829803467	0.08626222610473633	e.keff.org
193536	0.3067755699157715	0.08645033836364746	e.keff.org
195552	0.31043004989624023	0.08737373352050781	e.keff.org
197568	0.30663084983825684	0.08645081520080566	e.keff.org
199584	0.30741357803344727	0.08607268333435059	e.keff.org
201600	0.3052685260772705	0.08615231513977051	e.keff.org
203616	0.3058774471282959	0.08606576919555664	e.keff.org
205632	0.3059728145599365	0.08728647232055664	e.keff.org
207648	0.3088984489440918	0.08665800094604492	e.keff.org
209664	0.3066987991333008	0.08696198463439941	e.keff.org
211680	0.3061239719390869	0.08663177490234375	e.keff.org
213696	0.304523229598999	0.08660173416137695	e.keff.org
215712	0.3047163486480713	0.08646464347839355	e.keff.org
217728	0.31183314323425293	0.08792567253112793	e.keff.org
219744	0.30292654037475586	0.0872795581817627	e.keff.org
221760	0.3077995777130127	0.08700799942016602	e.keff.org
223776	0.3062593936920166	0.08754754066467285	e.keff.org
225792	0.3030080795288086	0.08660602569580078	e.keff.org
227808	0.3047313690185547	0.08665895462036133	e.keff.org
229824	0.3030550479888916	0.0866856575012207	e.keff.org
231840	0.30484795570373535	0.08710074424743652	e.keff.org
233856	0.3057394027709961	0.08722662925720215	e.keff.org
235872	0.3110332489013672	0.08797144889831543	e.keff.org
237888	0.30534887313842773	0.0877845287322998	e.keff.org
239904	0.30442118644714355	0.08668160438537598	e.keff.org
241920	0.3047494888305664	0.08888077735900879	e.keff.org
243936	0.30520153045654297	0.08822965621948242	e.keff.org
245952	0.3047974109649658	0.08689403533935547	e.keff.org
247968	0.31055521965026855	0.08766412734985352	e.keff.org
249984	0.3037149906158447	0.08673334121704102	e.keff.org
252000	0.3058640956878662	0.08566498756408691	e.keff.org
254016	0.304584264755249	0.08704304695129395	e.keff.org
256032	0.3022615909576416	0.08700084686279297	e.keff.org
258048	0.303863525390625	0.08606338500976562	e.keff.org
260064	0.30309438705444336	0.08603310585021973	e.keff.org
262080	0.30609679222106934	0.08585190773010254	e.keff.org
264096	0.3045327663421631	0.08754205703735352	e.keff.org
266112	0.30797457695007324	0.08756446838378906	e.keff.org
268128	0.30823731422424316	0.08648371696472168	e.keff.org
270144	0.3060343265533447	0.08708715438842773	e.keff.org
272160	0.3062782287597656	0.08644843101501465	e.keff.org
274176	0.3045344352722168	0.08762621879577637	e.keff.org
276192	0.307232141494751	0.0866241455078125	e.keff.org
278208	0.30475401878356934	0.08786153793334961	e.keff.org
280224	0.3065617084503174	0.08687734603881836	e.keff.org
282240	0.3048369884490967	0.08581328392028809	e.keff.org
284256	0.30635523796081543	0.08617758750915527	e.keff.org
286272	0.3072531223297119	0.08682870864868164	e.keff.org
288288	0.3062467575073242	0.0874946117401123	e.keff.org
290304	0.30808305740356445	0.08685660362243652	e.keff.org
292320	0.30510830879211426	0.08935928344726562	e.keff.org
294336	0.304703950881958	0.09098982810974121	e.keff.org
296352	0.3039729595184326	0.09068489074707031	e.keff.org
298368	0.30657100677490234	0.08763957023620605	e.keff.org
300384	0.3046414852142334	0.08812451362609863	e.keff.org
302400	0.30339980125427246	0.08766484260559082	e.keff.org
304416	0.3037552833557129	0.08669734001159668	e.keff.org
306432	0.3055245876312256	0.08672690391540527	e.keff.org
308448	0.3057136535644531	0.08738493919372559	e.keff.org
310464	0.305269718170166	0.08916330337524414	e.keff.org
312480	0.3066716194152832	0.08714842796325684	e.keff.org
314496	0.30626726150512695	0.0881953239440918	e.keff.org
316512	0.30513548851013184	0.08816766738891602	e.keff.org
318528	0.3036837577819824	0.08838891983032227	e.keff.org
320544	0.30597710609436035	0.08834290504455566	e.keff.org
322560	0.3059077262878418	0.0894320011138916	e.keff.org
324576	0.3131880760192871	0.08816361427307129	e.keff.org
326592	0.30809974670410156	0.08954787254333496	e.keff.org
328608	0.3043181896209717	0.08835268020629883	e.keff.org
330624	0.3079802989959717	0.08817672729492188	e.keff.org
332640	0.3080611228942871	0.08778738975524902	e.keff.org
334656	0.3055431842803955	0.08742189407348633	e.keff.org
336672	0.30429816246032715	0.08812999725341797	e.keff.org
338688	0.30427026748657227	0.08721208572387695	e.keff.org
340704	0.3040957450866699	0.08756065368652344	e.keff.org
342720	0.3044772148132324	0.08761239051818848	e.keff.org
344736	0.3029913902282715	0.0875847339630127	e.keff.org
346752	0.30608224868774414	0.0888967514038086	e.keff.org
348768	0.30464673042297363	0.08713555335998535	e.keff.org
350784	0.3040344715118408	0.0879361629486084	e.keff.org
352800	0.3043081760406494	0.08808445930480957	e.keff.org
354816	0.30341410636901855	0.08836174011230469	e.keff.org
356832	0.30350446701049805	0.0881800651550293	e.keff.org
358848	0.3028597831726074	0.08844876289367676	e.keff.org
360864	0.30466628074645996	0.08963990211486816	e.keff.org
362880	0.3058316707611084	0.08956289291381836	e.keff.org
364896	0.3110027313232422	0.08985781669616699	e.keff.org
366912	0.30437397956848145	0.08825492858886719	e.keff.org
368928	0.30725646018981934	0.08772778511047363	e.keff.org
370944	0.3050205707550049	0.08785367012023926	e.keff.org
372960	0.3048124313354492	0.08838486671447754	e.keff.org
374976	0.30390191078186035	0.08742308616638184	e.keff.org
376992	0.30449390411376953	0.08906173706054688	e.keff.org
379008	0.30461931228637695	0.08794188499450684	e.keff.org
381024	0.30481910705566406	0.08797717094421387	e.keff.org
383040	0.3062772750854492	0.08784341812133789	e.keff.org
385056	0.3055605888366699	0.08759307861328125	e.keff.org
387072	0.3061952590942383	0.08737444877624512	e.keff.org
389088	0.30359649658203125	0.08738374710083008	e.keff.org
391104	0.30373072624206543	0.08776068687438965	e.keff.org
393120	0.3056342601776123	0.08856463432312012	e.keff.org
395136	0.3065793514251709	0.08753752708435059	e.keff.org
397152	0.30409693717956543	0.08732128143310547	e.keff.org
399168	0.30909276008605957	0.08755946159362793	e.keff.org
401184	0.30659937858581543	0.08731389045715332	e.keff.org
403200	0.306441068649292	0.08748197555541992	e.keff.org
405216	0.30866265296936035	0.08825516700744629	e.keff.org
407232	0.3086230754852295	0.08703041076660156	e.keff.org
409248	0.30491089820861816	0.08681178092956543	e.keff.org
411264	0.30364227294921875	0.08786344528198242	e.keff.org
413280	0.3090250492095947	0.08731269836425781	e.keff.org
415296	0.30664777755737305	0.08671855926513672	e.keff.org
417312	0.30931973457336426	0.08755135536193848	e.keff.org
419328	0.30382418632507324	0.0898599624633789	e.keff.org
421344	0.3036539554595947	0.08756327629089355	e.keff.org
423360	0.3056671619415283	0.08666396141052246	e.keff.org
425376	0.3044154644012451	0.08622479438781738	e.keff.org
427392	0.3066213130950928	0.08841967582702637	e.keff.org
429408	0.30500316619873047	0.08684349060058594	e.keff.org
431424	0.3064863681793213	0.08897042274475098	e.keff.org
433440	0.3068521022796631	0.0865468978881836	e.keff.org
435456	0.30470919609069824	0.08829784393310547	e.keff.org
437472	0.30814194679260254	0.08616042137145996	e.keff.org
439488	0.3033158779144287	0.08667421340942383	e.keff.org
441504	0.30936360359191895	0.08653712272644043	e.keff.org
443520	0.3077738285064697	0.08772993087768555	e.keff.org
445536	0.30190205574035645	0.08705639839172363	e.keff.org
447552	0.30280160903930664	0.08744263648986816	e.keff.org
449568	0.30425024032592773	0.08697509765625	e.keff.org
451584	0.3123934268951416	0.08841133117675781	e.keff.org
453600	0.5969948768615723	0.08893799781799316	e.keff.org
455616	0.5930743217468262	0.08811163902282715	e.keff.org
457632	0.5915279388427734	0.08870983123779297	e.keff.org
459648	0.5919086933135986	0.08849382400512695	e.keff.org
461664	0.5936293601989746	0.08753514289855957	e.keff.org
463680	0.5928020477294922	0.08785200119018555	e.keff.org
465696	0.5913722515106201	0.08794951438903809	e.keff.org
467712	0.5920298099517822	0.12154841423034668	e.keff.org
469728	0.595405101776123	0.08701848983764648	e.keff.org
471744	0.5918745994567871	0.08826851844787598	e.keff.org
473760	0.5923573970794678	0.08916497230529785	e.keff.org
475776	0.5927727222442627	0.0873711109161377	e.keff.org
477792	0.5925750732421875	0.08817076683044434	e.keff.org
479808	0.5937058925628662	0.08765721321105957	e.keff.org
481824	0.5950717926025391	0.08875584602355957	e.keff.org
483840	0.5923233032226562	0.08842039108276367	e.keff.org
485856	0.5933225154876709	0.08956313133239746	e.keff.org
487872	0.5942642688751221	0.08933734893798828	e.keff.org
489888	0.5919189453125	0.08913564682006836	e.keff.org
491904	0.5917999744415283	0.0888512134552002	e.keff.org
493920	0.5918705463409424	0.08882308006286621	e.keff.org
495936	0.5941650867462158	0.08835530281066895	e.keff.org
497952	0.5982687473297119	0.08904170989990234	e.keff.org
499968	0.5921640396118164	0.08962273597717285	e.keff.org
501984	0.5934011936187744	0.08997106552124023	e.keff.org
504000	0.5906932353973389	0.09101343154907227	e.keff.org
506016	0.5938413143157959	0.0898590087890625	e.keff.org
508032	0.5910654067993164	0.08897709846496582	e.keff.org
510048	0.5941307544708252	0.08929157257080078	e.keff.org
512064	0.31591296195983887	0.08891677856445312	e.keff.org
514080	0.30797839164733887	0.08850812911987305	e.keff.org
516096	0.3073599338531494	0.08811593055725098	e.keff.org
518112	0.30522966384887695	0.08904290199279785	e.keff.org
520128	0.30660343170166016	0.08844923973083496	e.keff.org
522144	0.3047058582305908	0.0882565975189209	e.keff.org
524160	0.3056671619415283	0.08923649787902832	e.keff.org
526176	0.3044741153717041	0.08869409561157227	e.keff.org
528192	0.30348920822143555	0.08875441551208496	e.keff.org
530208	0.30613183975219727	0.08957934379577637	e.keff.org
532224	0.30834007263183594	0.0905618667602539	e.keff.org
534240	0.3064119815826416	0.08925294876098633	e.keff.org
536256	0.3053467273712158	0.08954286575317383	e.keff.org
538272	0.30557799339294434	0.08916258811950684	e.keff.org
540288	0.3059818744659424	0.08863592147827148	e.keff.org
542304	0.3046994209289551	0.08897709846496582	e.keff.org
544320	0.3073725700378418	0.08887672424316406	e.keff.org
546336	0.3090379238128662	0.08883285522460938	e.keff.org
548352	0.3054666519165039	0.08920073509216309	e.keff.org
550368	0.3026256561279297	0.08991432189941406	e.keff.org
552384	0.304598331451416	0.0903925895690918	e.keff.org
554400	0.3113515377044678	0.08848428726196289	e.keff.org
556416	0.3057541847229004	0.08957338333129883	e.keff.org
558432	0.3035309314727783	0.08832216262817383	e.keff.org
560448	0.30431365966796875	0.08773303031921387	e.keff.org
562464	4.299860000610352	0.09008026123046875	e.keff.org
564480	0.5961124897003174	0.08854508399963379	e.keff.org
566496	0.3064758777618408	0.08861207962036133	e.keff.org
568512	0.30675387382507324	0.0887455940246582	e.keff.org
570528	0.3099229335784912	0.08859777450561523	e.keff.org
572544	0.30370235443115234	0.08872580528259277	e.keff.org
574560	0.3055102825164795	0.08897256851196289	e.keff.org
576576	0.3054468631744385	0.08958768844604492	e.keff.org
578592	0.3039357662200928	0.0885612964630127	e.keff.org
580608	0.5953860282897949	0.08799934387207031	e.keff.org
582624	0.59391188621521	0.08833718299865723	e.keff.org
584640	0.5904660224914551	0.08875226974487305	e.keff.org
586656	0.5922501087188721	0.08851480484008789	e.keff.org
588672	0.5934832096099854	0.09038853645324707	e.keff.org
590688	0.5901713371276855	0.08933043479919434	e.keff.org
592704	0.3043076992034912	0.08935904502868652	e.keff.org
594720	0.3062121868133545	0.0884392261505127	e.keff.org
596736	0.30335021018981934	0.08768391609191895	e.keff.org
598752	0.3024404048919678	0.08946609497070312	e.keff.org
600768	0.3021247386932373	0.08861494064331055	e.keff.org
602784	0.30369043350219727	0.0878899097442627	e.keff.org
604800	0.3033456802368164	0.08820199966430664	e.keff.org
606816	0.30559802055358887	0.0879356861114502	e.keff.org
608832	0.3038511276245117	0.08740973472595215	e.keff.org
610848	0.3031618595123291	0.08799576759338379	e.keff.org
612864	0.30472302436828613	0.08939027786254883	e.keff.org
614880	0.31444358825683594	0.08895301818847656	e.keff.org
616896	0.30573034286499023	0.0879368782043457	e.keff.org
618912	0.3071904182434082	0.08997583389282227	e.keff.org
620928	0.3145103454589844	0.0886373519897461	e.keff.org
622944	0.5928568840026855	0.08871316909790039	e.keff.org
624960	0.5959014892578125	0.08943581581115723	e.keff.org
626976	0.5909075736999512	0.08832693099975586	e.keff.org
628992	0.593045711517334	0.08879685401916504	e.keff.org
631008	0.5943028926849365	0.08918285369873047	e.keff.org
633024	0.5947098731994629	0.08941650390625	e.keff.org
635040	0.5917642116546631	0.08949470520019531	e.keff.org
637056	0.5925638675689697	0.08876514434814453	e.keff.org
639072	0.5971226692199707	0.08790922164916992	e.keff.org
641088	0.5916337966918945	0.08916831016540527	e.keff.org
643104	0.5922188758850098	0.08821797370910645	e.keff.org
645120	0.5919280052185059	0.08800268173217773	e.keff.org
647136	0.591264009475708	0.08791780471801758	e.keff.org
649152	0.593846321105957	0.08881521224975586	e.keff.org
651168	0.5903604030609131	0.08819437026977539	e.keff.org
653184	0.5921084880828857	0.08789730072021484	e.keff.org
655200	0.5915632247924805	0.08824658393859863	e.keff.org
657216	0.29963135719299316	0.05657601356506348	e.keff.org
