1	1.9656562805175781	0.08715271949768066	electrum.aantonop.com
2016	1.1170566082000732	0.08739519119262695	electrum.aantonop.com
4032	0.2901432514190674	0.08706831932067871	electrum.aantonop.com
6048	0.29076623916625977	0.08843874931335449	electrum.aantonop.com
8064	0.29117560386657715	0.08721423149108887	electrum.aantonop.com
10080	0.2912106513977051	0.08626103401184082	electrum.aantonop.com
12096	0.28743457794189453	0.08648967742919922	electrum.aantonop.com
14112	0.29277825355529785	0.08641242980957031	electrum.aantonop.com
16128	0.29258251190185547	0.08664345741271973	electrum.aantonop.com
18144	0.2877779006958008	0.08742785453796387	electrum.aantonop.com
20160	0.28862619400024414	0.08682656288146973	electrum.aantonop.com
22176	0.28833699226379395	0.17550063133239746	electrum.aantonop.com
24192	0.2921900749206543	0.09352612495422363	electrum.aantonop.com
26208	0.28930211067199707	0.08614611625671387	electrum.aantonop.com
28224	0.29013681411743164	0.08639335632324219	electrum.aantonop.com
30240	0.3000171184539795	0.08661961555480957	electrum.aantonop.com
32256	0.28986525535583496	0.0865015983581543	electrum.aantonop.com
34272	0.28911733627319336	0.08677911758422852	electrum.aantonop.com
36288	0.2878282070159912	0.0857839584350586	electrum.aantonop.com
38304	0.2883310317993164	0.08622479438781738	electrum.aantonop.com
40320	0.2869749069213867	0.0849757194519043	electrum.aantonop.com
42336	0.2899794578552246	0.08631348609924316	electrum.aantonop.com
44352	0.29399633407592773	0.08578801155090332	electrum.aantonop.com
46368	0.28830885887145996	0.08559060096740723	electrum.aantonop.com
48384	0.2875218391418457	0.08584165573120117	electrum.aantonop.com
50400	0.29235315322875977	0.0850515365600586	electrum.aantonop.com
52416	0.28891658782958984	0.08498549461364746	electrum.aantonop.com
54432	0.2883763313293457	0.08663272857666016	electrum.aantonop.com
56448	0.2892904281616211	0.0863640308380127	electrum.aantonop.com
58464	0.31171727180480957	0.08683133125305176	electrum.aantonop.com
60480	0.2873668670654297	0.08589529991149902	electrum.aantonop.com
62496	0.2873680591583252	0.08776998519897461	electrum.aantonop.com
64512	0.28557801246643066	0.08597207069396973	electrum.aantonop.com
66528	0.28812336921691895	0.08610749244689941	electrum.aantonop.com
68544	0.28571319580078125	0.08542037010192871	electrum.aantonop.com
70560	0.28703856468200684	0.08565354347229004	electrum.aantonop.com
72576	0.28788065910339355	0.0861821174621582	electrum.aantonop.com
74592	0.28965067863464355	0.08720207214355469	electrum.aantonop.com
76608	0.2858421802520752	0.08579778671264648	electrum.aantonop.com
78624	0.28650426864624023	0.08571076393127441	electrum.aantonop.com
80640	0.28656935691833496	0.08624267578125	electrum.aantonop.com
82656	0.28754568099975586	0.08604955673217773	electrum.aantonop.com
84672	0.2867767810821533	0.08602499961853027	electrum.aantonop.com
86688	0.28639745712280273	0.08644819259643555	electrum.aantonop.com
88704	0.28946828842163086	0.0865781307220459	electrum.aantonop.com
90720	0.28768301010131836	0.08588743209838867	electrum.aantonop.com
92736	0.2875332832336426	0.08584451675415039	electrum.aantonop.com
94752	0.28606438636779785	0.08611869812011719	electrum.aantonop.com
96768	0.2876293659210205	0.08744406700134277	electrum.aantonop.com
98784	0.2863326072692871	0.08579373359680176	electrum.aantonop.com
100800	0.28693675994873047	0.08509540557861328	electrum.aantonop.com
102816	0.28670668601989746	0.08613872528076172	electrum.aantonop.com
104832	0.28780055046081543	0.08631539344787598	electrum.aantonop.com
106848	0.28695201873779297	0.08652544021606445	electrum.aantonop.com
108864	0.28592514991760254	0.0868830680847168	electrum.aantonop.com
110880	0.28586721420288086	0.08648562431335449	electrum.aantonop.com
112896	0.28479886054992676	0.08731412887573242	electrum.aantonop.com
114912	0.2946431636810303	0.08762383460998535	electrum.aantonop.com
116928	0.3272550106048584	0.08756136894226074	electrum.aantonop.com
118944	0.2852296829223633	0.08765387535095215	electrum.aantonop.com
120960	0.2855355739593506	0.0879964828491211	electrum.aantonop.com
122976	0.28755950927734375	0.08725619316101074	electrum.aantonop.com
124992	0.2862262725830078	0.0862874984741211	electrum.aantonop.com
127008	0.2854189872741699	0.08634328842163086	electrum.aantonop.com
129024	0.286588191986084	0.08696269989013672	electrum.aantonop.com
131040	0.28778910636901855	0.0874931812286377	electrum.aantonop.com
133056	0.287463903427124	0.08694863319396973	electrum.aantonop.com
135072	0.2847936153411865	0.08762216567993164	electrum.aantonop.com
137088	0.2902801036834717	0.08906245231628418	electrum.aantonop.com
139104	0.28580808639526367	0.08805418014526367	electrum.aantonop.com
141120	0.2883293628692627	0.08587074279785156	electrum.aantonop.com
143136	0.2861762046813965	0.0863504409790039	electrum.aantonop.com
145152	0.2869865894317627	0.08641791343688965	electrum.aantonop.com
147168	0.28593897819519043	0.08713960647583008	electrum.aantonop.com
149184	0.2982902526855469	0.08798456192016602	electrum.aantonop.com
151200	0.2876734733581543	0.08582305908203125	electrum.aantonop.com
153216	0.2888791561126709	0.08586931228637695	electrum.aantonop.com
155232	0.2863037586212158	0.08783102035522461	electrum.aantonop.com
157248	0.29193592071533203	0.0858163833618164	electrum.aantonop.com
159264	0.28821444511413574	0.08749175071716309	electrum.aantonop.com
161280	0.2889261245727539	0.08671426773071289	electrum.aantonop.com
163296	0.28785276412963867	0.0894312858581543	electrum.aantonop.com
165312	0.28643321990966797	0.08656430244445801	electrum.aantonop.com
167328	0.28887414932250977	0.08624482154846191	electrum.aantonop.com
169344	0.2938203811645508	0.08757185935974121	electrum.aantonop.com
171360	0.28990793228149414	0.08656597137451172	electrum.aantonop.com
173376	0.29496288299560547	0.08667898178100586	electrum.aantonop.com
175392	0.29251813888549805	0.08782792091369629	electrum.aantonop.com
177408	0.2905764579772949	0.08755111694335938	electrum.aantonop.com
179424	0.28759074211120605	0.08657169342041016	electrum.aantonop.com
181440	0.289217472076416	0.08632040023803711	electrum.aantonop.com
183456	0.2899515628814697	0.08769083023071289	electrum.aantonop.com
185472	0.2891232967376709	0.0867915153503418	electrum.aantonop.com
187488	0.2868218421936035	0.08637642860412598	electrum.aantonop.com
189504	0.2891550064086914	0.08667874336242676	electrum.aantonop.com
191520	0.29057860374450684	0.08673596382141113	electrum.aantonop.com
193536	0.2968769073486328	0.08587217330932617	electrum.aantonop.com
195552	0.2940554618835449	0.08675742149353027	electrum.aantonop.com
197568	0.29219985008239746	0.08645892143249512	electrum.aantonop.com
199584	0.2875521183013916	0.08663511276245117	electrum.aantonop.com
201600	0.2990734577178955	0.08722233772277832	electrum.aantonop.com
203616	0.2907414436340332	0.09640812873840332	electrum.aantonop.com
205632	0.2892324924468994	0.08688831329345703	electrum.aantonop.com
207648	0.2866199016571045	0.0874321460723877	electrum.aantonop.com
209664	0.29896998405456543	0.08682990074157715	electrum.aantonop.com
211680	0.29636096954345703	0.08781242370605469	electrum.aantonop.com
213696	0.2884328365325928	0.08768558502197266	electrum.aantonop.com
215712	0.29028773307800293	0.08786296844482422	electrum.aantonop.com
217728	0.2960197925567627	0.0871739387512207	electrum.aantonop.com
219744	0.28887033462524414	0.08746719360351562	electrum.aantonop.com
221760	0.290264368057251	0.0872952938079834	electrum.aantonop.com
223776	0.2859303951263428	0.08616852760314941	electrum.aantonop.com
225792	0.28675293922424316	0.08694791793823242	electrum.aantonop.com
227808	0.285888671875	0.08665585517883301	electrum.aantonop.com
229824	0.29851412773132324	0.08565139770507812	electrum.aantonop.com
231840	0.2883639335632324	0.0932149887084961	electrum.aantonop.com
233856	0.2885572910308838	0.08612728118896484	electrum.aantonop.com
235872	0.285841703414917	0.0873410701751709	electrum.aantonop.com
237888	0.2894442081451416	0.08585548400878906	electrum.aantonop.com
239904	0.28952956199645996	0.08641242980957031	electrum.aantonop.com
241920	0.2919447422027588	0.08812856674194336	electrum.aantonop.com
243936	0.29206180572509766	0.08769440650939941	electrum.aantonop.com
245952	0.292447566986084	0.0873713493347168	electrum.aantonop.com
247968	0.29152703285217285	0.08823800086975098	electrum.aantonop.com
249984	0.29180169105529785	0.0875241756439209	electrum.aantonop.com
252000	0.2907223701477051	0.08713507652282715	electrum.aantonop.com
254016	0.29238128662109375	0.08736157417297363	electrum.aantonop.com
256032	0.2872927188873291	0.08715295791625977	electrum.aantonop.com
258048	0.3095705509185791	0.08736896514892578	electrum.aantonop.com
260064	0.31201744079589844	0.08733367919921875	electrum.aantonop.com
262080	0.29219532012939453	0.0876924991607666	electrum.aantonop.com
264096	0.2915048599243164	0.08801126480102539	electrum.aantonop.com
266112	0.2954437732696533	0.08823156356811523	electrum.aantonop.com
268128	0.29332804679870605	0.08779549598693848	electrum.aantonop.com
270144	0.2858552932739258	0.08780694007873535	electrum.aantonop.com
272160	0.2889676094055176	0.08733415603637695	electrum.aantonop.com
274176	0.28552889823913574	0.08843827247619629	electrum.aantonop.com
276192	0.2869138717651367	0.08673524856567383	electrum.aantonop.com
278208	0.28487658500671387	0.08774399757385254	electrum.aantonop.com
280224	0.28601813316345215	0.08698773384094238	electrum.aantonop.com
282240	0.2895090579986572	0.08478426933288574	electrum.aantonop.com
284256	0.2890441417694092	0.0872354507446289	electrum.aantonop.com
286272	0.31315016746520996	0.08762979507446289	electrum.aantonop.com
288288	0.29138636589050293	0.08672618865966797	electrum.aantonop.com
290304	0.2865138053894043	0.08737540245056152	electrum.aantonop.com
292320	0.2872636318206787	0.08920860290527344	electrum.aantonop.com
294336	0.2887227535247803	0.08894729614257812	electrum.aantonop.com
296352	0.2875993251800537	0.08786559104919434	electrum.aantonop.com
298368	0.2903010845184326	0.0876765251159668	electrum.aantonop.com
300384	0.28981852531433105	0.08832025527954102	electrum.aantonop.com
302400	0.28767919540405273	0.08795046806335449	electrum.aantonop.com
304416	0.2896900177001953	0.08740019798278809	electrum.aantonop.com
306432	0.28837132453918457	0.08863568305969238	electrum.aantonop.com
308448	0.2881617546081543	0.08889412879943848	electrum.aantonop.com
310464	0.28716421127319336	0.08713126182556152	electrum.aantonop.com
312480	0.28673338890075684	0.08925771713256836	electrum.aantonop.com
314496	0.29392170906066895	0.0868840217590332	electrum.aantonop.com
316512	0.2889366149902344	0.08745241165161133	electrum.aantonop.com
318528	0.28960537910461426	0.0881192684173584	electrum.aantonop.com
320544	0.290881872177124	0.0881204605102539	electrum.aantonop.com
322560	0.289592981338501	0.08862829208374023	electrum.aantonop.com
324576	0.28929853439331055	0.08696389198303223	electrum.aantonop.com
326592	0.2870650291442871	0.08857989311218262	electrum.aantonop.com
328608	0.28664493560791016	0.08747673034667969	electrum.aantonop.com
330624	0.28656458854675293	0.08768129348754883	electrum.aantonop.com
332640	0.28798794746398926	0.08826351165771484	electrum.aantonop.com
334656	0.29010868072509766	0.08950281143188477	electrum.aantonop.com
336672	0.29193830490112305	0.08905816078186035	electrum.aantonop.com
338688	0.28760528564453125	0.08844280242919922	electrum.aantonop.com
340704	0.2900199890136719	0.08863711357116699	electrum.aantonop.com
342720	0.2879817485809326	0.08855271339416504	electrum.aantonop.com
344736	0.28998780250549316	0.08812713623046875	electrum.aantonop.com
346752	0.28614306449890137	0.08891940116882324	electrum.aantonop.com
348768	0.29963159561157227	0.08801841735839844	electrum.aantonop.com
350784	0.29035234451293945	0.0893256664276123	electrum.aantonop.com
352800	0.29146671295166016	0.08976006507873535	electrum.aantonop.com
354816	0.28905344009399414	0.08866667747497559	electrum.aantonop.com
356832	0.2857649326324463	0.08739948272705078	electrum.aantonop.com
358848	0.28679776191711426	0.08785533905029297	electrum.aantonop.com
360864	0.2895777225494385	0.08909249305725098	electrum.aantonop.com
362880	0.28798699378967285	0.08788847923278809	electrum.aantonop.com
364896	0.2861757278442383	0.08794593811035156	electrum.aantonop.com
366912	0.2968301773071289	0.08866715431213379	electrum.aantonop.com
368928	0.2880086898803711	0.08742761611938477	electrum.aantonop.com
370944	0.2870147228240967	0.08839988708496094	electrum.aantonop.com
372960	0.31262898445129395	0.08958053588867188	electrum.aantonop.com
374976	0.2882192134857178	0.08889365196228027	electrum.aantonop.com
376992	0.2882399559020996	0.08857607841491699	electrum.aantonop.com
379008	0.2887542247772217	0.08908796310424805	electrum.aantonop.com
381024	0.28730010986328125	0.08838129043579102	electrum.aantonop.com
383040	0.28740787506103516	0.08874130249023438	electrum.aantonop.com
385056	0.28575825691223145	0.08825159072875977	electrum.aantonop.com
387072	0.28640031814575195	0.08827543258666992	electrum.aantonop.com
389088	0.28626179695129395	0.08876824378967285	electrum.aantonop.com
391104	0.28766560554504395	0.08876991271972656	electrum.aantonop.com
393120	0.28945279121398926	0.0895237922668457	electrum.aantonop.com
395136	0.294081449508667	0.08827543258666992	electrum.aantonop.com
397152	0.28635621070861816	0.08849620819091797	electrum.aantonop.com
399168	0.286663293838501	0.08867716789245605	electrum.aantonop.com
401184	0.29389357566833496	0.08836007118225098	electrum.aantonop.com
403200	0.28786587715148926	0.08884048461914062	electrum.aantonop.com
405216	0.2897179126739502	0.08894133567810059	electrum.aantonop.com
407232	0.2869453430175781	0.08848857879638672	electrum.aantonop.com
409248	0.29285597801208496	0.0884103775024414	electrum.aantonop.com
411264	0.2875652313232422	0.08879756927490234	electrum.aantonop.com
413280	0.28761887550354004	0.08952927589416504	electrum.aantonop.com
415296	0.28742241859436035	0.08780646324157715	electrum.aantonop.com
417312	0.290600061416626	0.08813142776489258	electrum.aantonop.com
419328	0.2876448631286621	0.08792352676391602	electrum.aantonop.com
421344	0.2873690128326416	0.08783864974975586	electrum.aantonop.com
423360	0.2930600643157959	0.08748459815979004	electrum.aantonop.com
425376	0.28657078742980957	0.08825898170471191	electrum.aantonop.com
427392	0.28605222702026367	0.08819389343261719	electrum.aantonop.com
429408	0.2889442443847656	0.08811211585998535	electrum.aantonop.com
431424	0.2891991138458252	0.08870768547058105	electrum.aantonop.com
433440	0.2855560779571533	0.0874624252319336	electrum.aantonop.com
435456	0.2854936122894287	0.08785128593444824	electrum.aantonop.com
437472	0.292499303817749	0.08731961250305176	electrum.aantonop.com
439488	0.29132986068725586	0.08780980110168457	electrum.aantonop.com
441504	0.28890419006347656	0.08785557746887207	electrum.aantonop.com
443520	0.2882974147796631	0.08833003044128418	electrum.aantonop.com
445536	0.28710007667541504	0.08900094032287598	electrum.aantonop.com
447552	0.2857186794281006	0.08922791481018066	electrum.aantonop.com
449568	0.29602980613708496	0.08792328834533691	electrum.aantonop.com
451584	0.2908666133880615	0.08742332458496094	electrum.aantonop.com
453600	0.2914884090423584	0.08648943901062012	electrum.aantonop.com
455616	0.28978824615478516	0.09023165702819824	electrum.aantonop.com
457632	0.3817257881164551	0.08853507041931152	electrum.aantonop.com
459648	0.31183886528015137	0.08695077896118164	electrum.aantonop.com
461664	0.2981586456298828	0.08713889122009277	electrum.aantonop.com
463680	0.29102206230163574	0.08616185188293457	electrum.aantonop.com
465696	0.2993936538696289	0.08793139457702637	electrum.aantonop.com
467712	0.29889440536499023	0.12297654151916504	electrum.aantonop.com
469728	0.3172011375427246	0.08820080757141113	electrum.aantonop.com
471744	0.30237889289855957	0.08695220947265625	electrum.aantonop.com
473760	0.2960176467895508	0.08635425567626953	electrum.aantonop.com
475776	0.2917797565460205	0.08633041381835938	electrum.aantonop.com
477792	0.2981412410736084	0.0878303050994873	electrum.aantonop.com
479808	0.2858598232269287	0.08761000633239746	electrum.aantonop.com
481824	0.29697251319885254	0.08938288688659668	electrum.aantonop.com
483840	0.29137563705444336	0.08881664276123047	electrum.aantonop.com
485856	0.29134392738342285	0.0882258415222168	electrum.aantonop.com
487872	0.30011916160583496	0.08873724937438965	electrum.aantonop.com
489888	0.2936873435974121	0.08952760696411133	electrum.aantonop.com
491904	0.2905149459838867	0.08803439140319824	electrum.aantonop.com
493920	0.2879798412322998	0.08916759490966797	electrum.aantonop.com
495936	0.28965044021606445	0.08919262886047363	electrum.aantonop.com
497952	0.28752684593200684	0.09053993225097656	electrum.aantonop.com
499968	0.3428061008453369	0.08967232704162598	electrum.aantonop.com
501984	0.29362034797668457	0.0902261734008789	electrum.aantonop.com
504000	0.30022382736206055	0.0881810188293457	electrum.aantonop.com
506016	0.2969386577606201	0.08888101577758789	electrum.aantonop.com
508032	0.2896549701690674	0.08884239196777344	electrum.aantonop.com
510048	0.3053884506225586	0.08912324905395508	electrum.aantonop.com
512064	0.2979719638824463	0.08908820152282715	electrum.aantonop.com
514080	0.29795098304748535	0.08924102783203125	electrum.aantonop.com
516096	0.3162083625793457	0.08918023109436035	electrum.aantonop.com
518112	0.28739118576049805	0.08847999572753906	electrum.aantonop.com
520128	0.2879767417907715	0.08898544311523438	electrum.aantonop.com
522144	0.29007530212402344	0.08899211883544922	electrum.aantonop.com
524160	0.28918957710266113	0.08918881416320801	electrum.aantonop.com
526176	0.29218339920043945	0.0892496109008789	electrum.aantonop.com
528192	0.2901651859283447	0.08910179138183594	electrum.aantonop.com
530208	0.2859644889831543	0.08947467803955078	electrum.aantonop.com
532224	0.2877976894378662	0.08889555931091309	electrum.aantonop.com
534240	0.2906339168548584	0.08964180946350098	electrum.aantonop.com
536256	0.28762125968933105	0.08893752098083496	electrum.aantonop.com
538272	0.28761959075927734	0.08971738815307617	electrum.aantonop.com
540288	0.2870516777038574	0.08854460716247559	electrum.aantonop.com
542304	0.29241013526916504	0.08890032768249512	electrum.aantonop.com
544320	0.34247565269470215	0.08939433097839355	electrum.aantonop.com
546336	0.2931067943572998	0.08877778053283691	electrum.aantonop.com
548352	0.2939603328704834	0.0890665054321289	electrum.aantonop.com
550368	0.2875092029571533	0.08924555778503418	electrum.aantonop.com
552384	0.2876472473144531	0.08840751647949219	electrum.aantonop.com
554400	0.2894856929779053	0.08871340751647949	electrum.aantonop.com
556416	0.28861427307128906	0.0900416374206543	electrum.aantonop.com
558432	0.28830742835998535	0.08913207054138184	electrum.aantonop.com
560448	0.2941601276397705	0.09099030494689941	electrum.aantonop.com
562464	0.2902660369873047	0.0893852710723877	electrum.aantonop.com
564480	0.28998255729675293	0.08944034576416016	electrum.aantonop.com
566496	0.3009781837463379	0.08902502059936523	electrum.aantonop.com
568512	0.28976869583129883	0.08958220481872559	electrum.aantonop.com
570528	0.2940034866333008	0.08974170684814453	electrum.aantonop.com
572544	0.29338765144348145	0.0896916389465332	electrum.aantonop.com
574560	0.29052114486694336	0.0887138843536377	electrum.aantonop.com
576576	0.2894868850708008	0.08963584899902344	electrum.aantonop.com
578592	0.2891967296600342	0.08869266510009766	electrum.aantonop.com
580608	0.28894805908203125	0.0909273624420166	electrum.aantonop.com
582624	0.2903249263763428	0.08964157104492188	electrum.aantonop.com
584640	0.2892289161682129	0.08959555625915527	electrum.aantonop.com
586656	0.2914772033691406	0.08928751945495605	electrum.aantonop.com
588672	0.28948044776916504	0.08934783935546875	electrum.aantonop.com
590688	0.29001379013061523	0.09051728248596191	electrum.aantonop.com
592704	0.289475679397583	0.08821439743041992	electrum.aantonop.com
594720	0.3020753860473633	0.08959102630615234	electrum.aantonop.com
596736	0.29833269119262695	0.08812975883483887	electrum.aantonop.com
598752	0.3022291660308838	0.08873724937438965	electrum.aantonop.com
600768	0.29934239387512207	0.08887386322021484	electrum.aantonop.com
602784	0.2864203453063965	0.0897989273071289	electrum.aantonop.com
604800	0.29548096656799316	0.0891108512878418	electrum.aantonop.com
606816	0.2856884002685547	0.08907270431518555	electrum.aantonop.com
608832	0.29515528678894043	0.08940243721008301	electrum.aantonop.com
610848	0.2918679714202881	0.08922457695007324	electrum.aantonop.com
612864	0.2876865863800049	0.08867740631103516	electrum.aantonop.com
614880	0.29977917671203613	0.08939528465270996	electrum.aantonop.com
616896	0.2921907901763916	0.0942375659942627	electrum.aantonop.com
618912	0.2872638702392578	0.0883488655090332	electrum.aantonop.com
620928	0.28603100776672363	0.08825349807739258	electrum.aantonop.com
622944	0.29431939125061035	0.08710384368896484	electrum.aantonop.com
624960	0.28615880012512207	0.08758997917175293	electrum.aantonop.com
626976	0.29604625701904297	0.08703064918518066	electrum.aantonop.com
628992	0.2897329330444336	0.08681130409240723	electrum.aantonop.com
631008	0.29433631896972656	0.08646297454833984	electrum.aantonop.com
633024	0.2961142063140869	0.0883934497833252	electrum.aantonop.com
635040	0.2875022888183594	0.08918642997741699	electrum.aantonop.com
637056	0.28757309913635254	0.08829784393310547	electrum.aantonop.com
639072	0.28675198554992676	0.08894705772399902	electrum.aantonop.com
641088	0.2869746685028076	0.08821702003479004	electrum.aantonop.com
643104	0.29364538192749023	0.08675551414489746	electrum.aantonop.com
645120	0.28690385818481445	0.08738327026367188	electrum.aantonop.com
647136	0.28672313690185547	0.08919787406921387	electrum.aantonop.com
649152	0.2865278720855713	0.0883951187133789	electrum.aantonop.com
651168	0.2865872383117676	0.08703231811523438	electrum.aantonop.com
653184	0.2991175651550293	0.08828258514404297	electrum.aantonop.com
655200	0.28418612480163574	0.08849024772644043	electrum.aantonop.com
657216	0.29265308380126953	0.05510592460632324	electrum.aantonop.com
