1	1.8988173007965088	0.08486342430114746	electrum.emzy.de
2016	2.7775118350982666	0.08689308166503906	electrum.emzy.de
4032	2.820925712585449	0.08635544776916504	electrum.emzy.de
6048	2.862701654434204	0.08599162101745605	electrum.emzy.de
8064	2.9077374935150146	0.08542180061340332	electrum.emzy.de
10080	2.943290948867798	0.08519220352172852	electrum.emzy.de
12096	2.985558271408081	0.0855860710144043	electrum.emzy.de
14112	3.0281169414520264	0.08312082290649414	electrum.emzy.de
16128	3.071659564971924	0.08565115928649902	electrum.emzy.de
18144	3.1619808673858643	0.08568549156188965	electrum.emzy.de
20160	3.194571018218994	0.08438730239868164	electrum.emzy.de
22176	3.2080864906311035	0.08468031883239746	electrum.emzy.de
24192	3.2429962158203125	0.0851898193359375	electrum.emzy.de
26208	3.28051495552063	0.08568239212036133	electrum.emzy.de
28224	3.322951316833496	0.08493852615356445	electrum.emzy.de
30240	3.366255521774292	0.08482813835144043	electrum.emzy.de
32256	3.407517910003662	0.08635234832763672	electrum.emzy.de
34272	3.4511568546295166	0.08720779418945312	electrum.emzy.de
36288	3.4982621669769287	0.08654236793518066	electrum.emzy.de
38304	4.5930376052856445	0.08704614639282227	electrum.emzy.de
40320	3.590728521347046	0.08516359329223633	electrum.emzy.de
42336	3.634326696395874	0.08543777465820312	electrum.emzy.de
44352	3.6917152404785156	0.08608460426330566	electrum.emzy.de
46368	3.7795777320861816	0.08596467971801758	electrum.emzy.de
48384	3.782470941543579	0.08638143539428711	electrum.emzy.de
50400	3.8303592205047607	0.0857694149017334	electrum.emzy.de
52416	3.873140335083008	0.0871729850769043	electrum.emzy.de
54432	3.922696828842163	0.08569121360778809	electrum.emzy.de
56448	3.982152223587036	0.08394813537597656	electrum.emzy.de
58464	3.482917070388794	0.08459258079528809	electrum.emzy.de
60480	3.7250168323516846	0.08439922332763672	electrum.emzy.de
62496	3.5821478366851807	0.08442473411560059	electrum.emzy.de
64512	3.63195538520813	0.08546566963195801	electrum.emzy.de
66528	3.666425943374634	0.0850834846496582	electrum.emzy.de
68544	3.723353624343872	0.08679771423339844	electrum.emzy.de
70560	11.59582233428955	0.08671283721923828	electrum.emzy.de
72576	3.665006399154663	0.0861213207244873	electrum.emzy.de
74592	3.7176513671875	0.08746623992919922	electrum.emzy.de
76608	3.7764313220977783	0.08581876754760742	electrum.emzy.de
78624	3.7996394634246826	0.0860445499420166	electrum.emzy.de
80640	3.8542323112487793	0.08645844459533691	electrum.emzy.de
82657	4.016693353652954	0.0858299732208252	electrum.privateservers.network
84672	3.847520351409912	0.08647418022155762	electrum.privateservers.network
86688	3.9057769775390625	0.08556342124938965	electrum.privateservers.network
88704	3.905381441116333	0.08645915985107422	electrum.privateservers.network
90720	3.9318931102752686	0.0864403247833252	electrum.privateservers.network
92736	3.962467908859253	0.0863959789276123	electrum.privateservers.network
94752	3.988703966140747	0.08685159683227539	electrum.privateservers.network
96768	5.098934650421143	0.08542990684509277	electrum.privateservers.network
98784	4.067789554595947	0.0854957103729248	electrum.privateservers.network
100800	4.094425678253174	0.08569097518920898	electrum.privateservers.network
102816	4.128649473190308	0.08526372909545898	electrum.privateservers.network
104832	4.154518127441406	0.08559155464172363	electrum.privateservers.network
106848	4.184417247772217	0.08483409881591797	electrum.privateservers.network
108864	4.211582660675049	0.08490276336669922	electrum.privateservers.network
110880	4.239593982696533	0.08712601661682129	electrum.privateservers.network
112896	4.2791948318481445	0.08627796173095703	electrum.privateservers.network
114912	4.3008105754852295	0.0867769718170166	electrum.privateservers.network
116928	4.337343454360962	0.08666372299194336	electrum.privateservers.network
118944	4.353172779083252	0.08721590042114258	electrum.privateservers.network
120960	4.739405155181885	0.08702898025512695	electrum.privateservers.network
122977	2.4627676010131836	0.08790278434753418	electrum.privateservers.network
124992	0.6699557304382324	0.08702659606933594	electrum.privateservers.network
127008	0.6717469692230225	0.08620214462280273	electrum.privateservers.network
129024	0.3462965488433838	0.08728623390197754	electrum.privateservers.network
131040	0.673335075378418	0.0877838134765625	electrum.privateservers.network
133056	0.358992338180542	0.08653116226196289	electrum.privateservers.network
135072	0.34229135513305664	0.08707427978515625	electrum.privateservers.network
137088	0.3439195156097412	0.08710837364196777	electrum.privateservers.network
139104	0.34111571311950684	0.0856773853302002	electrum.privateservers.network
141120	0.34601330757141113	0.08558177947998047	electrum.privateservers.network
143136	0.34670519828796387	0.08642792701721191	electrum.privateservers.network
145152	0.3428959846496582	0.08736586570739746	electrum.privateservers.network
147168	0.34012603759765625	0.0865168571472168	electrum.privateservers.network
149184	0.6967558860778809	0.0858309268951416	electrum.privateservers.network
151200	0.344480037689209	0.08782577514648438	electrum.privateservers.network
153216	0.3502929210662842	0.08627653121948242	electrum.privateservers.network
155232	0.34549951553344727	0.08615660667419434	electrum.privateservers.network
157248	0.34465813636779785	0.0861201286315918	electrum.privateservers.network
159264	0.35703039169311523	0.08571553230285645	electrum.privateservers.network
161280	0.3537747859954834	0.08580636978149414	electrum.privateservers.network
163296	0.3477764129638672	0.08620691299438477	electrum.privateservers.network
165312	0.6736776828765869	0.08424091339111328	electrum.privateservers.network
167328	0.3429982662200928	0.0853271484375	electrum.privateservers.network
169345	1.693695306777954	0.08650898933410645	electrum.privateservers.network
171360	0.5387823581695557	0.08669590950012207	electrum.privateservers.network
173376	1.010040044784546	0.08543729782104492	electrum.privateservers.network
175392	3.629077911376953	0.0866234302520752	electrum.privateservers.network
177408	0.28668785095214844	0.0863194465637207	electrum.privateservers.network
179424	0.9015192985534668	0.08580183982849121	electrum.privateservers.network
181440	1.1068623065948486	0.08613705635070801	electrum.privateservers.network
183456	0.7533173561096191	0.08589839935302734	electrum.privateservers.network
185472	0.3404247760772705	0.08590221405029297	electrum.privateservers.network
187488	0.6645984649658203	0.08574557304382324	electrum.privateservers.network
189504	0.8811550140380859	0.08607172966003418	electrum.privateservers.network
191520	0.7557978630065918	0.08608174324035645	electrum.privateservers.network
193536	1.093308925628662	0.08627867698669434	electrum.privateservers.network
195552	1.40317964553833	0.0859978199005127	electrum.privateservers.network
197568	2.0017502307891846	0.08693265914916992	electrum.privateservers.network
199584	1.7786095142364502	0.08704662322998047	electrum.privateservers.network
201600	2.6092021465301514	0.08717942237854004	electrum.privateservers.network
203616	1.428295373916626	0.08661842346191406	electrum.privateservers.network
205632	0.9260509014129639	0.08661937713623047	electrum.privateservers.network
207648	1.5040836334228516	0.08741068840026855	electrum.privateservers.network
209664	1.077946424484253	0.08640933036804199	electrum.privateservers.network
211680	0.9764022827148438	0.0866231918334961	electrum.privateservers.network
213696	1.446415901184082	0.08699917793273926	electrum.privateservers.network
215712	1.2221252918243408	0.0869443416595459	electrum.privateservers.network
217728	1.2589411735534668	0.08658790588378906	electrum.privateservers.network
219744	1.872753381729126	0.0873265266418457	electrum.privateservers.network
221760	2.123218059539795	0.0872344970703125	electrum.privateservers.network
223776	1.5477614402770996	0.08701467514038086	electrum.privateservers.network
225792	1.4332070350646973	0.08726644515991211	electrum.privateservers.network
227808	1.683408260345459	0.08744502067565918	electrum.privateservers.network
229824	1.9107098579406738	0.08755135536193848	electrum.privateservers.network
231840	1.655259132385254	0.08759450912475586	electrum.privateservers.network
233856	1.7131989002227783	0.08683156967163086	electrum.privateservers.network
235872	1.8852286338806152	0.08793878555297852	electrum.privateservers.network
237888	1.8572444915771484	0.17560982704162598	electrum.privateservers.network
