1	0.6925675868988037	0.08590030670166016	blockstream.info
2016	0.31272363662719727	0.08628010749816895	blockstream.info
4032	0.22065424919128418	0.08608841896057129	blockstream.info
6048	0.2190248966217041	0.0855412483215332	blockstream.info
8064	0.2185652256011963	0.0863339900970459	blockstream.info
10080	0.21838998794555664	0.0863945484161377	blockstream.info
12096	0.21789097785949707	0.08648467063903809	blockstream.info
14112	0.2184586524963379	0.08550667762756348	blockstream.info
16128	0.21850252151489258	0.08674430847167969	blockstream.info
18144	0.21851277351379395	0.08700442314147949	blockstream.info
20160	0.21841812133789062	0.08562374114990234	blockstream.info
22176	0.21897006034851074	0.08650374412536621	blockstream.info
24192	0.2184007167816162	0.08783769607543945	blockstream.info
26208	0.21826601028442383	0.08695220947265625	blockstream.info
28224	0.21866798400878906	0.0875709056854248	blockstream.info
30240	0.21851420402526855	0.08666634559631348	blockstream.info
32256	0.22020339965820312	0.08718204498291016	blockstream.info
34272	0.21893596649169922	0.08695363998413086	blockstream.info
36288	0.2186586856842041	0.08658552169799805	blockstream.info
38304	0.2186110019683838	0.08795022964477539	blockstream.info
40320	0.21831035614013672	0.08659029006958008	blockstream.info
42336	0.2183818817138672	0.08654952049255371	blockstream.info
44352	0.21902132034301758	0.08584403991699219	blockstream.info
46368	0.21848464012145996	0.08657431602478027	blockstream.info
48384	0.21957015991210938	0.08516192436218262	blockstream.info
50400	0.21821951866149902	0.08526420593261719	blockstream.info
52416	0.2210073471069336	0.1431734561920166	blockstream.info
54432	0.21949076652526855	0.17628788948059082	blockstream.info
56448	0.21842169761657715	0.10039377212524414	blockstream.info
58464	0.21880841255187988	0.08786177635192871	blockstream.info
60480	0.21906542778015137	0.08632063865661621	blockstream.info
62496	0.2188117504119873	0.08683323860168457	blockstream.info
64512	0.21844983100891113	0.0881962776184082	blockstream.info
66528	0.21818041801452637	0.08622097969055176	blockstream.info
68544	0.21833109855651855	0.08685779571533203	blockstream.info
70560	0.21869421005249023	0.08687996864318848	blockstream.info
72576	0.21881508827209473	0.08753442764282227	blockstream.info
74592	0.21871209144592285	0.08745789527893066	blockstream.info
76608	0.2190113067626953	0.0874338150024414	blockstream.info
78624	0.21823573112487793	0.08715415000915527	blockstream.info
80640	0.21828603744506836	0.08739995956420898	blockstream.info
82656	0.21824955940246582	0.08736491203308105	blockstream.info
84672	0.22017908096313477	0.08735132217407227	blockstream.info
86688	0.2190113067626953	0.08722352981567383	blockstream.info
88704	0.2183380126953125	0.08685946464538574	blockstream.info
90720	0.21871185302734375	0.08713126182556152	blockstream.info
92736	0.21848297119140625	0.08639383316040039	blockstream.info
94752	0.21834111213684082	0.08653378486633301	blockstream.info
96768	0.21948671340942383	0.08741474151611328	blockstream.info
98784	0.22021722793579102	0.08678269386291504	blockstream.info
100800	0.21833491325378418	0.08695435523986816	blockstream.info
102816	0.21930265426635742	0.08711886405944824	blockstream.info
104832	0.2211158275604248	0.08711957931518555	blockstream.info
106848	0.21849799156188965	0.08690190315246582	blockstream.info
108864	0.2196803092956543	0.08712387084960938	blockstream.info
110880	0.22008776664733887	0.08724451065063477	blockstream.info
112896	0.21870803833007812	0.08803796768188477	blockstream.info
114912	0.21912407875061035	0.08864879608154297	blockstream.info
116928	0.2182915210723877	0.08798456192016602	blockstream.info
118944	0.21889591217041016	0.08759880065917969	blockstream.info
120960	0.21852970123291016	0.08823394775390625	blockstream.info
122976	0.21879220008850098	0.08785462379455566	blockstream.info
124992	0.2189500331878662	0.08780765533447266	blockstream.info
127008	0.21860194206237793	0.08656001091003418	blockstream.info
129024	0.21890521049499512	0.08684182167053223	blockstream.info
131040	0.2187938690185547	0.08829975128173828	blockstream.info
133056	0.21885943412780762	0.08757591247558594	blockstream.info
135072	0.21874570846557617	0.08763742446899414	blockstream.info
137088	0.21846389770507812	0.08793163299560547	blockstream.info
139104	0.21842026710510254	0.08759498596191406	blockstream.info
141120	0.2184288501739502	0.0870819091796875	blockstream.info
143136	0.21811795234680176	0.08765697479248047	blockstream.info
145152	0.2184314727783203	0.08749747276306152	blockstream.info
147168	0.21885919570922852	0.08762502670288086	blockstream.info
149184	0.21869230270385742	0.08780169486999512	blockstream.info
151200	0.21832633018493652	0.0883488655090332	blockstream.info
153216	0.22052621841430664	0.08832502365112305	blockstream.info
155232	0.2185671329498291	0.08781027793884277	blockstream.info
157248	0.2188408374786377	0.08820080757141113	blockstream.info
159264	0.21885418891906738	0.0882272720336914	blockstream.info
161280	0.21836376190185547	0.08840060234069824	blockstream.info
163296	0.21882128715515137	0.08776307106018066	blockstream.info
165312	0.21893024444580078	0.08757615089416504	blockstream.info
167328	0.21835970878601074	0.08650875091552734	blockstream.info
169344	0.21814465522766113	0.08725142478942871	blockstream.info
171360	0.21830272674560547	0.0866861343383789	blockstream.info
173376	0.21878719329833984	0.08648896217346191	blockstream.info
175392	0.21998286247253418	0.08691620826721191	blockstream.info
177408	0.21817493438720703	0.0871281623840332	blockstream.info
179424	0.21875214576721191	0.08718752861022949	blockstream.info
181440	0.21886897087097168	0.08674263954162598	blockstream.info
183456	0.21834182739257812	0.0865175724029541	blockstream.info
185472	0.21828913688659668	0.08548426628112793	blockstream.info
187488	0.2206556797027588	0.0863790512084961	blockstream.info
189504	0.22081875801086426	0.0858924388885498	blockstream.info
191520	0.2205040454864502	0.0853731632232666	blockstream.info
193536	0.22053766250610352	0.08523416519165039	blockstream.info
195552	0.22063088417053223	0.08628177642822266	blockstream.info
197568	0.22096586227416992	0.08517599105834961	blockstream.info
199584	0.2217729091644287	0.08620333671569824	blockstream.info
201600	0.22061467170715332	0.08595132827758789	blockstream.info
203616	0.22048020362854004	0.08600139617919922	blockstream.info
205632	0.22073721885681152	0.08707308769226074	blockstream.info
207648	0.22043871879577637	0.08520340919494629	blockstream.info
209664	0.2216200828552246	0.08582401275634766	blockstream.info
211680	0.22034859657287598	0.08844351768493652	blockstream.info
213696	0.22100234031677246	0.08675217628479004	blockstream.info
215712	0.21842336654663086	0.08670878410339355	blockstream.info
217728	0.2193753719329834	0.08528399467468262	blockstream.info
219744	0.2187204360961914	0.08708786964416504	blockstream.info
221760	0.2208089828491211	0.08677172660827637	blockstream.info
223776	0.22098064422607422	0.08559393882751465	blockstream.info
225792	0.21977472305297852	0.08652377128601074	blockstream.info
227808	0.2186424732208252	0.08624076843261719	blockstream.info
229824	0.21897411346435547	0.08577799797058105	blockstream.info
231840	0.2183244228363037	0.08628249168395996	blockstream.info
233856	0.2184751033782959	0.08531665802001953	blockstream.info
235872	0.21854233741760254	0.0867927074432373	blockstream.info
237888	0.21833372116088867	0.08632302284240723	blockstream.info
239904	0.21864986419677734	0.0856013298034668	blockstream.info
241920	0.21851325035095215	0.08712220191955566	blockstream.info
243936	0.21826934814453125	0.0878744125366211	blockstream.info
245952	0.2231283187866211	0.08752870559692383	blockstream.info
247968	0.21854925155639648	0.08728528022766113	blockstream.info
249984	0.2182464599609375	0.08763432502746582	blockstream.info
252000	0.21854114532470703	0.08739280700683594	blockstream.info
254016	0.2185688018798828	0.08788776397705078	blockstream.info
256032	0.2201824188232422	0.08820700645446777	blockstream.info
258048	0.2182784080505371	0.08830547332763672	blockstream.info
260064	0.21909332275390625	0.08782410621643066	blockstream.info
262080	0.2184464931488037	0.08667707443237305	blockstream.info
264096	0.218397855758667	0.08637452125549316	blockstream.info
266112	0.21807360649108887	0.08632659912109375	blockstream.info
268128	0.21933555603027344	0.08722305297851562	blockstream.info
270144	0.22077703475952148	0.08644771575927734	blockstream.info
272160	0.2204136848449707	0.08686447143554688	blockstream.info
274176	0.2190721035003662	0.0865328311920166	blockstream.info
276192	0.21872377395629883	0.08592057228088379	blockstream.info
278208	0.21824264526367188	0.08611226081848145	blockstream.info
280224	0.21895408630371094	0.08757472038269043	blockstream.info
282240	0.21831560134887695	0.08687663078308105	blockstream.info
284256	0.2184147834777832	0.08615398406982422	blockstream.info
286272	0.22067666053771973	0.08587908744812012	blockstream.info
288288	0.218353271484375	0.08643841743469238	blockstream.info
290304	0.22058725357055664	0.08708477020263672	blockstream.info
292320	0.22083044052124023	0.08770942687988281	blockstream.info
294336	0.21867012977600098	0.08767580986022949	blockstream.info
296352	0.21836400032043457	0.08777666091918945	blockstream.info
298368	0.21855688095092773	0.08776569366455078	blockstream.info
300384	0.21910929679870605	0.08791780471801758	blockstream.info
302400	0.21803522109985352	0.08763360977172852	blockstream.info
304416	0.21978068351745605	0.08693337440490723	blockstream.info
306432	0.21755385398864746	0.0877687931060791	blockstream.info
308448	0.21802210807800293	0.08935165405273438	blockstream.info
310464	0.21820402145385742	0.08730673789978027	blockstream.info
312480	0.2176220417022705	0.08988761901855469	blockstream.info
314496	0.21748089790344238	0.08783459663391113	blockstream.info
316512	0.21758437156677246	0.09218096733093262	blockstream.info
318528	0.21759963035583496	0.08767271041870117	blockstream.info
320544	0.21754097938537598	0.08809804916381836	blockstream.info
322560	0.21744942665100098	0.08666300773620605	blockstream.info
324576	0.2202770709991455	0.0870521068572998	blockstream.info
326592	0.2183396816253662	0.08650994300842285	blockstream.info
328608	0.2185075283050537	0.0878305435180664	blockstream.info
330624	0.2175445556640625	0.08784341812133789	blockstream.info
332640	0.21839141845703125	0.08703017234802246	blockstream.info
334656	0.21748065948486328	0.08660411834716797	blockstream.info
336672	0.2179126739501953	0.08704710006713867	blockstream.info
338688	0.21800613403320312	0.08730268478393555	blockstream.info
340704	0.21768426895141602	0.08706021308898926	blockstream.info
342720	0.21742844581604004	0.08729934692382812	blockstream.info
344736	0.2183065414428711	0.08910036087036133	blockstream.info
346752	0.2178504467010498	0.0872647762298584	blockstream.info
348768	0.2175121307373047	0.09110808372497559	blockstream.info
350784	0.21802020072937012	0.0868990421295166	blockstream.info
352800	0.21693038940429688	0.08748960494995117	blockstream.info
354816	0.21830177307128906	0.08774685859680176	blockstream.info
356832	0.21755051612854004	0.08753585815429688	blockstream.info
358848	0.2199714183807373	0.08715677261352539	blockstream.info
360864	0.21943902969360352	0.0876164436340332	blockstream.info
362880	0.21811294555664062	0.08732867240905762	blockstream.info
364896	0.2175002098083496	0.0872504711151123	blockstream.info
366912	0.21752285957336426	0.08686017990112305	blockstream.info
368928	0.21751904487609863	0.08708739280700684	blockstream.info
370944	0.21809768676757812	0.08681273460388184	blockstream.info
372960	0.21808123588562012	0.08690214157104492	blockstream.info
374976	0.21740341186523438	0.08710241317749023	blockstream.info
376992	0.2175912857055664	0.08722066879272461	blockstream.info
379008	0.2176380157470703	0.08772563934326172	blockstream.info
381024	0.21763896942138672	0.08695149421691895	blockstream.info
383040	0.21826839447021484	0.08668851852416992	blockstream.info
385056	0.21750903129577637	0.08900761604309082	blockstream.info
387072	0.21822810173034668	0.08721756935119629	blockstream.info
389088	0.21790075302124023	0.08826661109924316	blockstream.info
391104	0.21755123138427734	0.08786296844482422	blockstream.info
393120	0.21944928169250488	0.08894062042236328	blockstream.info
395136	0.21802687644958496	0.08896923065185547	blockstream.info
397152	0.2178647518157959	0.08801507949829102	blockstream.info
399168	0.21761465072631836	0.08787798881530762	blockstream.info
401184	0.21746492385864258	0.08751416206359863	blockstream.info
403200	0.21877765655517578	0.08887839317321777	blockstream.info
405216	0.21793556213378906	0.08796238899230957	blockstream.info
407232	0.2192227840423584	0.08762598037719727	blockstream.info
409248	0.2179882526397705	0.08651137351989746	blockstream.info
411264	0.21982550621032715	0.08731603622436523	blockstream.info
413280	0.2187039852142334	0.08603453636169434	blockstream.info
415296	0.21754860877990723	0.08663296699523926	blockstream.info
417312	0.2180469036102295	0.08702230453491211	blockstream.info
419328	0.21742582321166992	0.08744525909423828	blockstream.info
421344	0.21768450736999512	0.08714509010314941	blockstream.info
423360	0.21779847145080566	0.08694648742675781	blockstream.info
425376	0.21726202964782715	0.08704733848571777	blockstream.info
427392	0.21969056129455566	0.08777141571044922	blockstream.info
429408	0.21994519233703613	0.08815693855285645	blockstream.info
431424	0.22088885307312012	0.08774375915527344	blockstream.info
433440	0.21965694427490234	0.0875551700592041	blockstream.info
435456	0.22026681900024414	0.08803200721740723	blockstream.info
437472	0.21995854377746582	0.0875704288482666	blockstream.info
439488	0.22040081024169922	0.0867772102355957	blockstream.info
441504	0.2194514274597168	0.08716034889221191	blockstream.info
443520	0.21915078163146973	0.08748650550842285	blockstream.info
445536	0.2198467254638672	0.08881402015686035	blockstream.info
447552	0.21962857246398926	0.08768916130065918	blockstream.info
449568	0.21969962120056152	0.08626341819763184	blockstream.info
451584	0.21935820579528809	0.08705377578735352	blockstream.info
453600	0.22057080268859863	0.08645892143249512	blockstream.info
455616	0.22253990173339844	0.08629918098449707	blockstream.info
457632	0.21944975852966309	0.08568882942199707	blockstream.info
459648	0.21898818016052246	0.08705425262451172	blockstream.info
461664	0.21881461143493652	0.08605146408081055	blockstream.info
463680	0.21749424934387207	0.0880885124206543	blockstream.info
465696	0.2175002098083496	0.0859990119934082	blockstream.info
467712	0.2175767421722412	0.08803033828735352	blockstream.info
469728	0.21802496910095215	0.08666515350341797	blockstream.info
471744	0.21747374534606934	0.0877525806427002	blockstream.info
473760	0.21760988235473633	0.08675408363342285	blockstream.info
475776	0.21756267547607422	0.08734846115112305	blockstream.info
477792	0.21784758567810059	0.08678388595581055	blockstream.info
479808	0.21794581413269043	0.08695220947265625	blockstream.info
481824	0.21799588203430176	0.08738327026367188	blockstream.info
483840	0.21735715866088867	0.0879056453704834	blockstream.info
485856	0.21787381172180176	0.08843612670898438	blockstream.info
487872	0.21755051612854004	0.08880352973937988	blockstream.info
489888	0.2174510955810547	0.08912873268127441	blockstream.info
491904	0.21774625778198242	0.08892631530761719	blockstream.info
493920	0.21936607360839844	0.08857297897338867	blockstream.info
495936	0.21925783157348633	0.08951425552368164	blockstream.info
497952	0.21973109245300293	0.08925414085388184	blockstream.info
499968	0.21889257431030273	0.08882427215576172	blockstream.info
501984	0.21751809120178223	0.0894784927368164	blockstream.info
504000	0.21799492835998535	0.08887314796447754	blockstream.info
506016	0.21789002418518066	0.0882420539855957	blockstream.info
508032	0.21797966957092285	0.08793377876281738	blockstream.info
510048	0.21746349334716797	0.08932948112487793	blockstream.info
512064	0.21759390830993652	0.08829116821289062	blockstream.info
514080	0.21748900413513184	0.0888221263885498	blockstream.info
516096	0.21831083297729492	0.08839678764343262	blockstream.info
518112	0.21771764755249023	0.08864545822143555	blockstream.info
520128	0.2174365520477295	0.08900690078735352	blockstream.info
522144	0.21749281883239746	0.08837199211120605	blockstream.info
524160	0.21784281730651855	0.08923006057739258	blockstream.info
526176	0.21751856803894043	0.08841538429260254	blockstream.info
528192	0.2179725170135498	0.08896780014038086	blockstream.info
530208	0.22220301628112793	0.0882272720336914	blockstream.info
532224	0.21751666069030762	0.08846759796142578	blockstream.info
534240	0.21812772750854492	0.08813643455505371	blockstream.info
536256	0.21738672256469727	0.08857274055480957	blockstream.info
538272	0.21783947944641113	0.08825516700744629	blockstream.info
540288	0.21743369102478027	0.08811402320861816	blockstream.info
542304	0.21759700775146484	0.08953070640563965	blockstream.info
544320	0.21931123733520508	0.08982491493225098	blockstream.info
546336	0.21755003929138184	0.08855032920837402	blockstream.info
548352	0.2183067798614502	0.0884852409362793	blockstream.info
550368	0.2180171012878418	0.08913731575012207	blockstream.info
552384	0.21810150146484375	0.08872246742248535	blockstream.info
554400	0.21773719787597656	0.09054923057556152	blockstream.info
556416	0.21847105026245117	0.08716940879821777	blockstream.info
558432	0.21759819984436035	0.08877205848693848	blockstream.info
560448	0.21769094467163086	0.0877676010131836	blockstream.info
562464	0.21736574172973633	0.08780431747436523	blockstream.info
564480	0.2194209098815918	0.0874338150024414	blockstream.info
566496	0.21791839599609375	0.08727550506591797	blockstream.info
568512	0.21721267700195312	0.08832216262817383	blockstream.info
570528	0.21773290634155273	0.08782196044921875	blockstream.info
572544	0.21813583374023438	0.08891129493713379	blockstream.info
574560	0.2177414894104004	0.08758234977722168	blockstream.info
576576	0.21743321418762207	0.08957099914550781	blockstream.info
578592	0.21749067306518555	0.08838796615600586	blockstream.info
580608	0.2180311679840088	0.08735942840576172	blockstream.info
582624	0.21751189231872559	0.08893609046936035	blockstream.info
584640	0.21808815002441406	0.08821868896484375	blockstream.info
586656	0.21766042709350586	0.08869528770446777	blockstream.info
588672	0.2189009189605713	0.08774113655090332	blockstream.info
590688	0.21805548667907715	0.08807802200317383	blockstream.info
592704	0.2174990177154541	0.0892643928527832	blockstream.info
594720	0.21805405616760254	0.08810091018676758	blockstream.info
596736	0.21766209602355957	0.0891411304473877	blockstream.info
598752	0.21937155723571777	0.08793926239013672	blockstream.info
600768	0.21741914749145508	0.08923983573913574	blockstream.info
602784	0.21747088432312012	0.09094715118408203	blockstream.info
604800	0.2179415225982666	0.08966827392578125	blockstream.info
606816	0.2192397117614746	0.08885788917541504	blockstream.info
608832	0.2178335189819336	0.08856320381164551	blockstream.info
610848	0.22089886665344238	0.11079216003417969	blockstream.info
612864	0.2173755168914795	0.09703850746154785	blockstream.info
614880	0.21785879135131836	0.08832311630249023	blockstream.info
616896	0.21779894828796387	0.08684635162353516	blockstream.info
618912	0.21821188926696777	0.08746695518493652	blockstream.info
620928	0.21828150749206543	0.0882871150970459	blockstream.info
622944	0.21754908561706543	0.08791875839233398	blockstream.info
624960	0.21821045875549316	0.08778595924377441	blockstream.info
626976	0.21796679496765137	0.08836483955383301	blockstream.info
628992	0.2181861400604248	0.08884143829345703	blockstream.info
631008	0.21821379661560059	0.08826041221618652	blockstream.info
633024	0.21993064880371094	0.0890653133392334	blockstream.info
635040	0.2197117805480957	0.09103035926818848	blockstream.info
637056	0.21966075897216797	0.0892181396484375	blockstream.info
639072	0.21832776069641113	0.08945250511169434	blockstream.info
641088	0.22033905982971191	0.08946537971496582	blockstream.info
643104	0.21782374382019043	0.08937931060791016	blockstream.info
645120	0.2174668312072754	0.08936214447021484	blockstream.info
647136	0.21835756301879883	0.08872103691101074	blockstream.info
649152	0.21771550178527832	0.08951354026794434	blockstream.info
651168	0.21831583976745605	0.08953213691711426	blockstream.info
653184	0.21738338470458984	0.08899283409118652	blockstream.info
655200	0.21772289276123047	0.08911657333374023	blockstream.info
657216	0.19634175300598145	0.05602002143859863	blockstream.info
