1	1.0961565971374512	0.10138678550720215	tardis.bauerj.eu
2016	0.47115373611450195	0.08425545692443848	tardis.bauerj.eu
4032	0.3173980712890625	0.08590435981750488	tardis.bauerj.eu
6048	0.31824398040771484	0.08554220199584961	tardis.bauerj.eu
8064	0.31707334518432617	0.08498167991638184	tardis.bauerj.eu
10080	0.3187263011932373	0.09079456329345703	tardis.bauerj.eu
12096	0.3182365894317627	0.08603334426879883	tardis.bauerj.eu
14112	0.31694698333740234	0.08570599555969238	tardis.bauerj.eu
16128	0.47505974769592285	0.08438277244567871	tardis.bauerj.eu
18144	0.3187294006347656	0.08499932289123535	tardis.bauerj.eu
20160	0.31771063804626465	0.08455657958984375	tardis.bauerj.eu
22176	0.31952357292175293	0.08489465713500977	tardis.bauerj.eu
24192	0.3184196949005127	0.08547663688659668	tardis.bauerj.eu
26208	0.3185386657714844	0.0840296745300293	tardis.bauerj.eu
28224	0.31702518463134766	0.0838325023651123	tardis.bauerj.eu
30240	0.31774401664733887	0.0841975212097168	tardis.bauerj.eu
32256	0.31681227684020996	0.08457136154174805	tardis.bauerj.eu
34272	0.32020115852355957	0.08465909957885742	tardis.bauerj.eu
36288	0.3198230266571045	0.17162871360778809	tardis.bauerj.eu
38304	0.32018280029296875	0.08602476119995117	tardis.bauerj.eu
40320	0.31683945655822754	0.08466053009033203	tardis.bauerj.eu
42336	0.3176584243774414	0.08444404602050781	tardis.bauerj.eu
44352	0.31743597984313965	0.08406424522399902	tardis.bauerj.eu
46368	0.3192110061645508	0.08364272117614746	tardis.bauerj.eu
48384	0.47818684577941895	0.08584046363830566	tardis.bauerj.eu
50400	0.32036566734313965	0.08331441879272461	tardis.bauerj.eu
52416	0.3206198215484619	0.08345675468444824	tardis.bauerj.eu
54432	0.31945013999938965	0.0832984447479248	tardis.bauerj.eu
56448	0.32111597061157227	0.08407187461853027	tardis.bauerj.eu
58464	0.32278871536254883	0.08403444290161133	tardis.bauerj.eu
60480	0.3192148208618164	0.0852353572845459	tardis.bauerj.eu
62496	0.3201017379760742	0.08347606658935547	tardis.bauerj.eu
64512	0.319974422454834	0.0833899974822998	tardis.bauerj.eu
66528	0.3196089267730713	0.08366513252258301	tardis.bauerj.eu
68544	0.3219180107116699	0.08519911766052246	tardis.bauerj.eu
70560	0.3215348720550537	0.08465313911437988	tardis.bauerj.eu
72576	0.3203139305114746	0.08535933494567871	tardis.bauerj.eu
74592	0.47471094131469727	0.08510899543762207	tardis.bauerj.eu
76608	0.47468066215515137	0.08450841903686523	tardis.bauerj.eu
78624	0.320728063583374	0.08311700820922852	tardis.bauerj.eu
80640	0.3226022720336914	0.08296585083007812	tardis.bauerj.eu
82656	0.32287049293518066	0.08410906791687012	tardis.bauerj.eu
84672	0.321469783782959	0.08670854568481445	tardis.bauerj.eu
86688	0.3237745761871338	0.08498382568359375	tardis.bauerj.eu
88704	0.3208272457122803	0.08481693267822266	tardis.bauerj.eu
90720	0.32189345359802246	0.0833280086517334	tardis.bauerj.eu
92736	0.322174072265625	0.08342599868774414	tardis.bauerj.eu
94752	0.32170701026916504	0.08394813537597656	tardis.bauerj.eu
96768	0.3198204040527344	0.08419561386108398	tardis.bauerj.eu
98784	0.32090330123901367	0.08403611183166504	tardis.bauerj.eu
100800	0.3202173709869385	0.08362579345703125	tardis.bauerj.eu
102816	0.3201324939727783	0.08361244201660156	tardis.bauerj.eu
104832	0.31996989250183105	0.08497810363769531	tardis.bauerj.eu
106848	0.32000136375427246	0.0823817253112793	tardis.bauerj.eu
108864	0.3219616413116455	0.08375167846679688	tardis.bauerj.eu
110880	0.3210732936859131	0.08396577835083008	tardis.bauerj.eu
112896	0.32005929946899414	0.08784866333007812	tardis.bauerj.eu
114912	0.32138895988464355	0.08447957038879395	tardis.bauerj.eu
116928	0.32036709785461426	0.08568310737609863	tardis.bauerj.eu
118944	0.31972837448120117	0.08599996566772461	tardis.bauerj.eu
120960	0.31937718391418457	0.08496952056884766	tardis.bauerj.eu
122976	0.3204691410064697	0.0854642391204834	tardis.bauerj.eu
124992	0.322035551071167	0.08434772491455078	tardis.bauerj.eu
127008	0.3211514949798584	0.0858006477355957	tardis.bauerj.eu
129024	0.3211402893066406	0.08473420143127441	tardis.bauerj.eu
131040	0.32063865661621094	0.08519148826599121	tardis.bauerj.eu
133056	0.32024431228637695	0.08675622940063477	tardis.bauerj.eu
135072	0.3225245475769043	0.08625078201293945	tardis.bauerj.eu
137088	0.32082295417785645	0.0872652530670166	tardis.bauerj.eu
139104	0.3213019371032715	0.08619880676269531	tardis.bauerj.eu
141120	0.3216135501861572	0.08641648292541504	tardis.bauerj.eu
143136	0.3211526870727539	0.08582353591918945	tardis.bauerj.eu
145152	0.3211681842803955	0.08649230003356934	tardis.bauerj.eu
147168	0.47533631324768066	0.08587121963500977	tardis.bauerj.eu
149184	0.47556209564208984	0.08687233924865723	tardis.bauerj.eu
151200	0.4743001461029053	0.0866096019744873	tardis.bauerj.eu
153216	0.3210713863372803	0.08578252792358398	tardis.bauerj.eu
155232	0.3217203617095947	0.08626723289489746	tardis.bauerj.eu
157248	0.3205685615539551	0.08655309677124023	tardis.bauerj.eu
159264	0.32274961471557617	0.08544635772705078	tardis.bauerj.eu
161280	0.32226109504699707	0.08645963668823242	tardis.bauerj.eu
163296	0.32383155822753906	0.08606314659118652	tardis.bauerj.eu
165312	0.32273364067077637	0.08411097526550293	tardis.bauerj.eu
167328	0.3206050395965576	0.08532118797302246	tardis.bauerj.eu
169344	0.3213038444519043	0.08713531494140625	tardis.bauerj.eu
171360	0.3202321529388428	0.08485078811645508	tardis.bauerj.eu
173376	0.3215963840484619	0.08709049224853516	tardis.bauerj.eu
175392	0.31983137130737305	0.08572530746459961	tardis.bauerj.eu
177408	0.3202643394470215	0.08529806137084961	tardis.bauerj.eu
179424	0.32020115852355957	0.08641481399536133	tardis.bauerj.eu
181440	0.32184696197509766	0.0857686996459961	tardis.bauerj.eu
183456	0.32147216796875	0.08566617965698242	tardis.bauerj.eu
185472	0.32182765007019043	0.08545374870300293	tardis.bauerj.eu
187488	0.32004547119140625	0.08641171455383301	tardis.bauerj.eu
189504	0.3218870162963867	0.08602738380432129	tardis.bauerj.eu
191520	0.3217282295227051	0.08578205108642578	tardis.bauerj.eu
193536	0.3198812007904053	0.08573222160339355	tardis.bauerj.eu
195552	0.320354700088501	0.08524942398071289	tardis.bauerj.eu
197568	0.3197968006134033	0.08503460884094238	tardis.bauerj.eu
199584	0.3207111358642578	0.08539152145385742	tardis.bauerj.eu
201600	0.31976795196533203	0.08566427230834961	tardis.bauerj.eu
203616	0.3202626705169678	0.0853273868560791	tardis.bauerj.eu
205632	0.32153987884521484	0.08570671081542969	tardis.bauerj.eu
207648	0.32326650619506836	0.08548259735107422	tardis.bauerj.eu
209664	0.3233473300933838	0.08552765846252441	tardis.bauerj.eu
211680	0.32085752487182617	0.0858314037322998	tardis.bauerj.eu
213696	0.3211643695831299	0.08554768562316895	tardis.bauerj.eu
215712	0.32048869132995605	0.08552837371826172	tardis.bauerj.eu
217728	0.319835901260376	0.08619427680969238	tardis.bauerj.eu
219744	0.32050061225891113	0.0858924388885498	tardis.bauerj.eu
221760	0.32039928436279297	0.08812451362609863	tardis.bauerj.eu
223776	0.32185816764831543	0.08582162857055664	tardis.bauerj.eu
225792	0.3200697898864746	0.08572745323181152	tardis.bauerj.eu
227808	0.32008981704711914	0.08561849594116211	tardis.bauerj.eu
229824	0.32031965255737305	0.08638453483581543	tardis.bauerj.eu
231840	0.3217151165008545	0.08507752418518066	tardis.bauerj.eu
233856	0.3197963237762451	0.08490800857543945	tardis.bauerj.eu
235872	0.3247828483581543	0.08701705932617188	tardis.bauerj.eu
237888	0.32322049140930176	0.08583784103393555	tardis.bauerj.eu
239904	0.32335567474365234	0.08570051193237305	tardis.bauerj.eu
241920	0.32297277450561523	0.08762192726135254	tardis.bauerj.eu
243936	0.32877349853515625	0.08588957786560059	tardis.bauerj.eu
245952	0.31958794593811035	0.08679986000061035	tardis.bauerj.eu
247968	0.321087121963501	0.0879204273223877	tardis.bauerj.eu
249984	0.31954288482666016	0.08569002151489258	tardis.bauerj.eu
252000	0.3206312656402588	0.08558344841003418	tardis.bauerj.eu
254016	0.31954526901245117	0.08689475059509277	tardis.bauerj.eu
256032	0.32039713859558105	0.08577561378479004	tardis.bauerj.eu
258048	0.47597384452819824	0.08582663536071777	tardis.bauerj.eu
260064	0.32137537002563477	0.0861358642578125	tardis.bauerj.eu
262080	0.3202643394470215	0.08609318733215332	tardis.bauerj.eu
264096	0.3197038173675537	0.08506393432617188	tardis.bauerj.eu
266112	0.3225898742675781	0.08654356002807617	tardis.bauerj.eu
268128	0.3205230236053467	0.08526062965393066	tardis.bauerj.eu
270144	0.3204233646392822	0.08594489097595215	tardis.bauerj.eu
272160	0.3213202953338623	0.08693528175354004	tardis.bauerj.eu
274176	0.47433900833129883	0.08656859397888184	tardis.bauerj.eu
276192	0.47366833686828613	0.08524274826049805	tardis.bauerj.eu
278208	0.3212764263153076	0.08711981773376465	tardis.bauerj.eu
280224	0.3200559616088867	0.08659529685974121	tardis.bauerj.eu
282240	0.32016587257385254	0.08588695526123047	tardis.bauerj.eu
284256	0.3212559223175049	0.08484745025634766	tardis.bauerj.eu
286272	0.32228779792785645	0.08662056922912598	tardis.bauerj.eu
288288	0.3208928108215332	0.08646726608276367	tardis.bauerj.eu
290304	0.3200216293334961	0.08555150032043457	tardis.bauerj.eu
292320	0.32042646408081055	0.08716106414794922	tardis.bauerj.eu
294336	0.3292422294616699	0.08727550506591797	tardis.bauerj.eu
296352	0.31957268714904785	0.08812093734741211	tardis.bauerj.eu
298368	0.31945252418518066	0.0875847339630127	tardis.bauerj.eu
300384	0.3195211887359619	0.08660149574279785	tardis.bauerj.eu
302400	0.321429967880249	0.08651113510131836	tardis.bauerj.eu
304416	0.32174038887023926	0.08619213104248047	tardis.bauerj.eu
306432	0.32109975814819336	0.08755040168762207	tardis.bauerj.eu
308448	0.3204658031463623	0.12042093276977539	tardis.bauerj.eu
310464	0.32572126388549805	0.08518218994140625	tardis.bauerj.eu
312480	0.3206930160522461	0.08521604537963867	tardis.bauerj.eu
314496	0.32016611099243164	0.08513498306274414	tardis.bauerj.eu
316512	0.3205235004425049	0.08508038520812988	tardis.bauerj.eu
318528	0.3206334114074707	0.08558225631713867	tardis.bauerj.eu
320544	0.3210184574127197	0.08601665496826172	tardis.bauerj.eu
322560	0.3227102756500244	0.0848696231842041	tardis.bauerj.eu
324576	0.3198432922363281	0.08492541313171387	tardis.bauerj.eu
326592	0.3190891742706299	0.0857553482055664	tardis.bauerj.eu
328608	0.32028818130493164	0.08519506454467773	tardis.bauerj.eu
330624	0.3211324214935303	0.0850687026977539	tardis.bauerj.eu
332640	0.3198685646057129	0.08579111099243164	tardis.bauerj.eu
334656	0.320725679397583	0.08376812934875488	tardis.bauerj.eu
336672	0.3198096752166748	0.08453559875488281	tardis.bauerj.eu
338688	0.3204538822174072	0.08650374412536621	tardis.bauerj.eu
340704	0.3208932876586914	0.08719825744628906	tardis.bauerj.eu
342720	0.3199019432067871	0.08500552177429199	tardis.bauerj.eu
344736	0.3198237419128418	0.084747314453125	tardis.bauerj.eu
346752	0.32057690620422363	0.08621644973754883	tardis.bauerj.eu
348768	0.3200256824493408	0.08603882789611816	tardis.bauerj.eu
350784	0.32010555267333984	0.0861213207244873	tardis.bauerj.eu
352800	0.3200244903564453	0.0861515998840332	tardis.bauerj.eu
354816	0.32161760330200195	0.0858151912689209	tardis.bauerj.eu
356832	0.3212852478027344	0.08447432518005371	tardis.bauerj.eu
358848	0.32037782669067383	0.08763861656188965	tardis.bauerj.eu
360864	0.3197903633117676	0.0844733715057373	tardis.bauerj.eu
362880	0.32193946838378906	0.08623600006103516	tardis.bauerj.eu
364896	0.3229250907897949	0.08678078651428223	tardis.bauerj.eu
366912	0.32286691665649414	0.08758091926574707	tardis.bauerj.eu
368928	0.47609496116638184	0.08427572250366211	tardis.bauerj.eu
370944	0.47556257247924805	0.08565330505371094	tardis.bauerj.eu
372960	0.3216829299926758	0.08600783348083496	tardis.bauerj.eu
374976	0.32183361053466797	0.08527565002441406	tardis.bauerj.eu
376992	0.32103395462036133	0.08725094795227051	tardis.bauerj.eu
379008	0.3211989402770996	0.08561062812805176	tardis.bauerj.eu
381024	0.3210628032684326	0.08735990524291992	tardis.bauerj.eu
383040	0.3208773136138916	0.08638525009155273	tardis.bauerj.eu
385056	0.320939302444458	0.08760261535644531	tardis.bauerj.eu
387072	0.32257723808288574	0.08623266220092773	tardis.bauerj.eu
389088	0.32308483123779297	0.08623051643371582	tardis.bauerj.eu
391104	0.32081055641174316	0.08526849746704102	tardis.bauerj.eu
393120	0.3199043273925781	0.08552384376525879	tardis.bauerj.eu
395136	0.3218994140625	0.08464431762695312	tardis.bauerj.eu
397152	0.32081031799316406	0.08665895462036133	tardis.bauerj.eu
399168	0.32084155082702637	0.08644866943359375	tardis.bauerj.eu
401184	0.4763004779815674	0.0865020751953125	tardis.bauerj.eu
403200	0.47448134422302246	0.1533520221710205	tardis.bauerj.eu
405216	0.3225889205932617	0.1539933681488037	tardis.bauerj.eu
407232	0.32082104682922363	0.15493011474609375	tardis.bauerj.eu
409248	0.32107067108154297	0.15308213233947754	tardis.bauerj.eu
411264	0.32308173179626465	0.15309786796569824	tardis.bauerj.eu
413280	0.32131218910217285	0.154160737991333	tardis.bauerj.eu
415296	0.3220977783203125	0.1545867919921875	tardis.bauerj.eu
417312	0.3210008144378662	0.15425539016723633	tardis.bauerj.eu
419328	0.32080817222595215	0.15564465522766113	tardis.bauerj.eu
421344	0.32128143310546875	0.1608879566192627	tardis.bauerj.eu
423360	0.32065296173095703	0.1621246337890625	tardis.bauerj.eu
425376	0.3221926689147949	0.16048192977905273	tardis.bauerj.eu
427392	0.32112669944763184	0.16296935081481934	tardis.bauerj.eu
429408	0.3201286792755127	0.16277742385864258	tardis.bauerj.eu
431424	0.32073450088500977	0.08708333969116211	tardis.bauerj.eu
433440	0.3216121196746826	0.08677935600280762	tardis.bauerj.eu
435456	0.32059693336486816	0.08728718757629395	tardis.bauerj.eu
437472	0.32158946990966797	0.08768439292907715	tardis.bauerj.eu
439488	0.3213536739349365	0.08678245544433594	tardis.bauerj.eu
441504	0.32146620750427246	0.08675575256347656	tardis.bauerj.eu
443520	0.32097458839416504	0.08672356605529785	tardis.bauerj.eu
445536	0.3224163055419922	0.0877981185913086	tardis.bauerj.eu
447552	0.32143187522888184	0.08850359916687012	tardis.bauerj.eu
449568	0.3246912956237793	0.08561420440673828	tardis.bauerj.eu
451584	0.32128143310546875	0.08814239501953125	tardis.bauerj.eu
453600	0.32057833671569824	0.08742499351501465	tardis.bauerj.eu
455616	0.3210418224334717	0.08710861206054688	tardis.bauerj.eu
457632	0.32018208503723145	0.08746051788330078	tardis.bauerj.eu
459648	0.32102370262145996	0.08766794204711914	tardis.bauerj.eu
461664	0.32007646560668945	0.08665299415588379	tardis.bauerj.eu
463680	0.3214704990386963	0.0871129035949707	tardis.bauerj.eu
465696	0.32171034812927246	0.08659505844116211	tardis.bauerj.eu
467712	0.31943774223327637	0.08593559265136719	tardis.bauerj.eu
469728	0.3217897415161133	0.08680462837219238	tardis.bauerj.eu
471744	0.32040929794311523	0.08626103401184082	tardis.bauerj.eu
473760	0.3202784061431885	0.0847783088684082	tardis.bauerj.eu
475776	0.32039785385131836	0.08444786071777344	tardis.bauerj.eu
477792	0.32040977478027344	0.08722949028015137	tardis.bauerj.eu
479808	0.32227253913879395	0.0868079662322998	tardis.bauerj.eu
481824	0.32097673416137695	0.08570265769958496	tardis.bauerj.eu
483840	0.31995129585266113	0.08576822280883789	tardis.bauerj.eu
485856	0.321425199508667	0.08578062057495117	tardis.bauerj.eu
487872	0.320218563079834	0.08617091178894043	tardis.bauerj.eu
489888	0.32044124603271484	0.08710765838623047	tardis.bauerj.eu
491904	0.3195827007293701	0.08595585823059082	tardis.bauerj.eu
493920	0.32045483589172363	0.08653759956359863	tardis.bauerj.eu
495936	0.321272611618042	0.08864331245422363	tardis.bauerj.eu
497952	0.3199162483215332	0.08828330039978027	tardis.bauerj.eu
499968	0.3212621212005615	0.08747577667236328	tardis.bauerj.eu
501984	0.47373437881469727	0.08830952644348145	tardis.bauerj.eu
504000	0.320587158203125	0.08774423599243164	tardis.bauerj.eu
506016	0.32056593894958496	0.0866246223449707	tardis.bauerj.eu
508032	0.32032036781311035	0.08697676658630371	tardis.bauerj.eu
510048	0.3204457759857178	0.08737993240356445	tardis.bauerj.eu
512064	0.32020139694213867	0.08811426162719727	tardis.bauerj.eu
514080	0.3207073211669922	0.08807587623596191	tardis.bauerj.eu
516096	0.32034850120544434	0.08765387535095215	tardis.bauerj.eu
518112	0.3211095333099365	0.08838844299316406	tardis.bauerj.eu
520128	0.3216133117675781	0.0878443717956543	tardis.bauerj.eu
522144	0.32082152366638184	0.0871126651763916	tardis.bauerj.eu
524160	0.3204808235168457	0.08781194686889648	tardis.bauerj.eu
526176	0.3223245143890381	0.08797121047973633	tardis.bauerj.eu
528192	0.3223249912261963	0.0874335765838623	tardis.bauerj.eu
530208	0.32184362411499023	0.08828306198120117	tardis.bauerj.eu
532224	0.3214075565338135	0.08797001838684082	tardis.bauerj.eu
534240	0.3214719295501709	0.08797335624694824	tardis.bauerj.eu
536256	0.4761512279510498	0.08913183212280273	tardis.bauerj.eu
538272	0.4762139320373535	0.08961129188537598	tardis.bauerj.eu
540288	0.3209807872772217	0.08741164207458496	tardis.bauerj.eu
542304	0.3225834369659424	0.08803772926330566	tardis.bauerj.eu
544320	0.3206782341003418	0.08771038055419922	tardis.bauerj.eu
546336	0.3212010860443115	0.08733558654785156	tardis.bauerj.eu
548352	0.3214836120605469	0.08836627006530762	tardis.bauerj.eu
550368	0.32128453254699707	0.0885009765625	tardis.bauerj.eu
552384	0.3205125331878662	0.08805537223815918	tardis.bauerj.eu
554400	0.32140445709228516	0.0880279541015625	tardis.bauerj.eu
556416	0.32993316650390625	0.08719396591186523	tardis.bauerj.eu
558432	0.3216404914855957	0.08806633949279785	tardis.bauerj.eu
560448	0.3200545310974121	0.08725762367248535	tardis.bauerj.eu
562464	0.32138967514038086	0.08790206909179688	tardis.bauerj.eu
564480	0.32068896293640137	0.08613991737365723	tardis.bauerj.eu
566496	0.3201875686645508	0.08759546279907227	tardis.bauerj.eu
568512	0.32082462310791016	0.08580780029296875	tardis.bauerj.eu
570528	0.3265101909637451	0.09125542640686035	tardis.bauerj.eu
572544	0.32025623321533203	0.08578944206237793	tardis.bauerj.eu
574560	0.32134032249450684	0.08754420280456543	tardis.bauerj.eu
576576	0.3197050094604492	0.08724761009216309	tardis.bauerj.eu
578592	0.32169222831726074	0.0879373550415039	tardis.bauerj.eu
580608	0.32068490982055664	0.08754730224609375	tardis.bauerj.eu
582624	0.319622278213501	0.08717799186706543	tardis.bauerj.eu
584640	0.32019877433776855	0.0882112979888916	tardis.bauerj.eu
586656	0.31937146186828613	0.08779501914978027	tardis.bauerj.eu
588672	0.32086801528930664	0.08893656730651855	tardis.bauerj.eu
590688	0.3207221031188965	0.08574223518371582	tardis.bauerj.eu
592704	0.32068753242492676	0.08814096450805664	tardis.bauerj.eu
594720	0.3203599452972412	0.08507323265075684	tardis.bauerj.eu
596736	0.32053065299987793	0.08640027046203613	tardis.bauerj.eu
598752	0.3210763931274414	0.0860128402709961	tardis.bauerj.eu
600768	0.31928467750549316	0.08731293678283691	tardis.bauerj.eu
602784	0.3194887638092041	0.0869605541229248	tardis.bauerj.eu
604800	0.3199954032897949	0.08570384979248047	tardis.bauerj.eu
606816	0.32085227966308594	0.08724570274353027	tardis.bauerj.eu
608832	0.31972455978393555	0.08594989776611328	tardis.bauerj.eu
610848	0.319091796875	0.08703732490539551	tardis.bauerj.eu
612864	0.32291483879089355	0.08573627471923828	tardis.bauerj.eu
614880	0.3220508098602295	0.08682632446289062	tardis.bauerj.eu
616896	0.3207862377166748	0.08716750144958496	tardis.bauerj.eu
618912	0.3208503723144531	0.08764457702636719	tardis.bauerj.eu
620928	0.3198237419128418	0.08574438095092773	tardis.bauerj.eu
622944	0.32013392448425293	0.0866696834564209	tardis.bauerj.eu
624960	0.319718599319458	0.08622956275939941	tardis.bauerj.eu
626976	0.3206775188446045	0.08728408813476562	tardis.bauerj.eu
628992	0.32001495361328125	0.08759808540344238	tardis.bauerj.eu
631008	0.3250772953033447	0.08693075180053711	tardis.bauerj.eu
633024	0.3197300434112549	0.08657407760620117	tardis.bauerj.eu
635040	0.31969285011291504	0.08795690536499023	tardis.bauerj.eu
637056	0.32693958282470703	0.08820843696594238	tardis.bauerj.eu
639072	0.47446632385253906	0.08778882026672363	tardis.bauerj.eu
641088	0.3231675624847412	0.08743929862976074	tardis.bauerj.eu
643104	0.3221750259399414	0.08747458457946777	tardis.bauerj.eu
645120	0.32323384284973145	0.08799529075622559	tardis.bauerj.eu
647136	0.32075929641723633	0.08797621726989746	tardis.bauerj.eu
649152	0.32108354568481445	0.08708834648132324	tardis.bauerj.eu
651168	0.31957268714904785	0.08762192726135254	tardis.bauerj.eu
653184	0.3202095031738281	0.08823728561401367	tardis.bauerj.eu
655200	0.3197751045227051	0.08740353584289551	tardis.bauerj.eu
657216	0.16327953338623047	0.05581784248352051	tardis.bauerj.eu
