1	1.95778226852417	0.08462834358215332	E-X.not.fyi
2016	0.665290355682373	0.08564138412475586	E-X.not.fyi
4032	0.6576991081237793	0.08530378341674805	E-X.not.fyi
6048	0.9535293579101562	0.0849909782409668	E-X.not.fyi
8064	0.3401522636413574	0.08553624153137207	E-X.not.fyi
10080	0.3500185012817383	0.08684086799621582	E-X.not.fyi
12096	0.35311460494995117	0.08424615859985352	E-X.not.fyi
14112	0.3432955741882324	0.08503150939941406	E-X.not.fyi
16128	0.33645057678222656	0.08521914482116699	E-X.not.fyi
18144	0.3381025791168213	0.08476400375366211	E-X.not.fyi
20160	0.34474635124206543	0.08470273017883301	E-X.not.fyi
22176	0.3408389091491699	0.0855555534362793	E-X.not.fyi
24192	0.34745264053344727	0.08475184440612793	E-X.not.fyi
26208	0.33719420433044434	0.08492469787597656	E-X.not.fyi
28224	0.3381314277648926	0.08443236351013184	E-X.not.fyi
30240	0.42038917541503906	0.08576107025146484	E-X.not.fyi
32256	0.33818483352661133	0.08499813079833984	E-X.not.fyi
34272	0.3415498733520508	0.08514142036437988	E-X.not.fyi
36288	0.360856294631958	0.08572268486022949	E-X.not.fyi
38304	0.6612522602081299	0.08541297912597656	E-X.not.fyi
40320	0.6611294746398926	0.08373546600341797	E-X.not.fyi
42336	0.36243700981140137	0.08454465866088867	E-X.not.fyi
44352	0.3385009765625	0.08494973182678223	E-X.not.fyi
46368	0.6750490665435791	0.08464813232421875	E-X.not.fyi
48384	0.36186861991882324	0.08476734161376953	E-X.not.fyi
50400	0.4489481449127197	0.08430957794189453	E-X.not.fyi
52416	0.3432164192199707	0.08482551574707031	E-X.not.fyi
54432	0.3423879146575928	0.08457493782043457	E-X.not.fyi
56448	0.34295058250427246	0.08399152755737305	E-X.not.fyi
58464	0.34278035163879395	0.0863637924194336	E-X.not.fyi
60480	0.36414194107055664	0.08467364311218262	E-X.not.fyi
62496	0.33951902389526367	0.08489799499511719	E-X.not.fyi
64512	0.33792662620544434	0.08508968353271484	E-X.not.fyi
66528	0.34006524085998535	0.08712506294250488	E-X.not.fyi
68544	0.3382303714752197	0.0850224494934082	E-X.not.fyi
70560	0.6642324924468994	0.08554792404174805	E-X.not.fyi
72576	0.6607587337493896	0.0851438045501709	E-X.not.fyi
74592	0.3444328308105469	0.08523082733154297	E-X.not.fyi
76608	0.34017229080200195	0.08529233932495117	E-X.not.fyi
78624	0.3443307876586914	0.08454489707946777	E-X.not.fyi
80640	0.33989572525024414	0.08495426177978516	E-X.not.fyi
82656	0.68076491355896	0.08481073379516602	E-X.not.fyi
84672	0.3396923542022705	0.08501911163330078	E-X.not.fyi
86688	0.34052348136901855	0.08474993705749512	E-X.not.fyi
88704	0.35000157356262207	0.08526825904846191	E-X.not.fyi
90720	0.3418846130371094	0.08501172065734863	E-X.not.fyi
92736	0.6727795600891113	0.08477163314819336	E-X.not.fyi
94752	0.3539292812347412	0.08476829528808594	E-X.not.fyi
96768	0.3426551818847656	0.08487844467163086	E-X.not.fyi
98784	0.3410978317260742	0.08500099182128906	E-X.not.fyi
100800	0.6681997776031494	0.08507800102233887	E-X.not.fyi
102816	0.3398871421813965	0.08524370193481445	E-X.not.fyi
104832	0.34015965461730957	0.08684492111206055	E-X.not.fyi
106848	0.33995866775512695	0.08662891387939453	E-X.not.fyi
108864	0.3692309856414795	0.08481121063232422	E-X.not.fyi
110880	0.34079480171203613	0.08651423454284668	E-X.not.fyi
112896	0.3448178768157959	0.08778572082519531	E-X.not.fyi
114912	0.3380415439605713	0.08627796173095703	E-X.not.fyi
116928	0.3428499698638916	0.0866694450378418	E-X.not.fyi
118944	0.3373994827270508	0.08870720863342285	E-X.not.fyi
120960	0.35616421699523926	0.0879204273223877	E-X.not.fyi
122976	0.3395841121673584	0.08817720413208008	E-X.not.fyi
124992	0.3447384834289551	0.08622360229492188	E-X.not.fyi
127008	0.3394341468811035	0.0868377685546875	E-X.not.fyi
129024	0.33783769607543945	0.08690094947814941	E-X.not.fyi
131040	0.3439781665802002	0.08767151832580566	E-X.not.fyi
133056	0.3406689167022705	0.08693075180053711	E-X.not.fyi
135072	0.34746384620666504	0.08666181564331055	ecdsa.net
137088	0.34137988090515137	0.08658146858215332	ecdsa.net
139104	0.3594980239868164	0.0866694450378418	ecdsa.net
141120	0.33874082565307617	0.08575892448425293	ecdsa.net
143136	0.3402104377746582	0.08632993698120117	ecdsa.net
145152	0.3499283790588379	0.08645486831665039	ecdsa.net
147168	0.3405017852783203	0.08614921569824219	ecdsa.net
149184	0.3510899543762207	0.08681344985961914	ecdsa.net
151200	0.8064820766448975	0.08617138862609863	ecdsa.net
153216	0.6715385913848877	0.08577156066894531	ecdsa.net
155232	0.35515928268432617	0.0854794979095459	ecdsa.net
157248	0.3499736785888672	0.08535146713256836	ecdsa.net
159264	0.33912038803100586	0.08614659309387207	ecdsa.net
161280	0.33611536026000977	0.08494305610656738	ecdsa.net
163296	0.34156179428100586	0.08548498153686523	ecdsa.net
165312	0.6998419761657715	0.08600902557373047	ecdsa.net
167328	0.33817625045776367	0.0865170955657959	ecdsa.net
169344	0.3392624855041504	0.08640217781066895	ecdsa.net
171360	0.33812999725341797	0.08584785461425781	ecdsa.net
173376	0.34437131881713867	0.08738160133361816	ecdsa.net
175392	0.33885622024536133	0.08606815338134766	ecdsa.net
177408	0.3394432067871094	0.08607697486877441	ecdsa.net
179424	0.3445470333099365	0.0863037109375	ecdsa.net
181440	0.3448326587677002	0.08598589897155762	ecdsa.net
183456	0.6572232246398926	0.08524894714355469	ecdsa.net
185472	0.3392467498779297	0.08563232421875	ecdsa.net
187488	0.658757209777832	0.0851736068725586	ecdsa.net
189504	0.3417813777923584	0.08599185943603516	ecdsa.net
191520	0.3393290042877197	0.08544039726257324	ecdsa.net
193536	0.3438687324523926	0.08626985549926758	ecdsa.net
195552	0.3544039726257324	0.08510422706604004	ecdsa.net
197568	0.3368360996246338	0.08508682250976562	ecdsa.net
199584	0.34082603454589844	0.08544111251831055	ecdsa.net
201601	3.0346689224243164	0.0884246826171875	ecdsa.net
203616	3.0754079818725586	0.08620262145996094	ecdsa.net
205632	3.1202988624572754	0.0855553150177002	ecdsa.net
207648	3.162147045135498	0.08693814277648926	ecdsa.net
209664	3.2002322673797607	0.08671283721923828	ecdsa.net
211680	3.2487056255340576	0.08703088760375977	ecdsa.net
213696	3.291339159011841	0.08673620223999023	ecdsa.net
215712	3.332444906234741	0.08756184577941895	ecdsa.net
217728	3.8665595054626465	0.08679604530334473	ecdsa.net
219744	3.4213385581970215	0.08726072311401367	ecdsa.net
221760	3.8317408561706543	0.08650708198547363	ecdsa.net
223776	3.5171797275543213	0.08711624145507812	ecdsa.net
225792	3.5608904361724854	0.08709907531738281	ecdsa.net
227808	3.61199688911438	0.08709931373596191	ecdsa.net
229824	3.654405117034912	0.08805990219116211	ecdsa.net
231840	3.701550006866455	0.08579492568969727	ecdsa.net
233856	3.760915756225586	0.08759236335754395	ecdsa.net
235872	4.052869081497192	0.0882422924041748	ecdsa.net
237888	3.848646879196167	0.08668971061706543	ecdsa.net
239904	3.8999106884002686	0.08643841743469238	ecdsa.net
241920	3.995131731033325	0.08847427368164062	ecdsa.net
243936	3.9909019470214844	0.08786892890930176	ecdsa.net
245952	4.492661714553833	0.08715128898620605	ecdsa.net
247968	4.08283805847168	0.08794593811035156	ecdsa.net
249984	4.137210369110107	0.08788657188415527	ecdsa.net
252000	4.18086314201355	0.0877072811126709	ecdsa.net
254016	4.223537445068359	0.0885000228881836	ecdsa.net
256032	4.27458930015564	0.0882883071899414	ecdsa.net
258048	4.32192063331604	0.08781290054321289	ecdsa.net
260064	4.368073225021362	0.08782482147216797	ecdsa.net
262081	3.3582677841186523	0.08944916725158691	ecdsa.net
264096	3.339174747467041	0.08818912506103516	ecdsa.net
266112	3.374608039855957	0.08820509910583496	ecdsa.net
268128	3.3756184577941895	0.08943915367126465	ecdsa.net
270144	3.4412503242492676	0.0879518985748291	ecdsa.net
272160	3.42956805229187	0.08757853507995605	ecdsa.net
274176	3.4658827781677246	0.08816337585449219	ecdsa.net
276192	4.0875279903411865	0.09470820426940918	ecdsa.net
278208	2.974813461303711	0.08695292472839355	ecdsa.net
280224	3.001817464828491	0.08841681480407715	ecdsa.net
282240	3.0287468433380127	0.08698129653930664	ecdsa.net
284256	3.0567774772644043	0.08700013160705566	ecdsa.net
286272	3.1024162769317627	0.08781099319458008	ecdsa.net
288288	3.20094895362854	0.08793401718139648	ecdsa.net
290304	3.1426920890808105	0.08636856079101562	ecdsa.net
292320	3.8022851943969727	0.08969759941101074	ecdsa.net
294336	3.202178478240967	0.09063243865966797	ecdsa.net
296352	3.26301646232605	0.08855104446411133	ecdsa.net
298368	3.259200096130371	0.08852052688598633	ecdsa.net
300384	3.28265118598938	0.09071683883666992	ecdsa.net
302400	3.3261117935180664	0.08719587326049805	ecdsa.net
304416	3.9204907417297363	0.08707928657531738	ecdsa.net
306432	3.3986237049102783	0.08780932426452637	ecdsa.net
308448	3.3954968452453613	0.08718323707580566	ecdsa.net
310464	5.997089385986328	0.08831548690795898	ecdsa.net
312480	3.452996253967285	0.0878908634185791	ecdsa.net
314496	3.4769749641418457	0.087432861328125	ecdsa.net
316512	3.5211808681488037	0.08737468719482422	ecdsa.net
318528	3.5393495559692383	0.08687138557434082	ecdsa.net
320544	3.565877676010132	0.0885612964630127	ecdsa.net
