1	0.6299641132354736	0.09325051307678223	blockstream.info
2016	0.26302528381347656	0.09252095222473145	blockstream.info
4032	0.24242615699768066	0.096527099609375	blockstream.info
6048	0.2363135814666748	0.09330177307128906	blockstream.info
8064	0.23852324485778809	0.0951690673828125	blockstream.info
10080	0.23443126678466797	0.09520244598388672	blockstream.info
12096	0.23374080657958984	0.09653282165527344	blockstream.info
14112	0.2343308925628662	0.09536051750183105	blockstream.info
16128	0.23426222801208496	0.09482526779174805	blockstream.info
18144	0.233137845993042	0.0924677848815918	blockstream.info
20160	0.23260045051574707	0.09478902816772461	blockstream.info
22176	0.23470640182495117	0.09420061111450195	blockstream.info
24192	0.2332594394683838	0.09401750564575195	blockstream.info
26208	0.23323297500610352	0.09286069869995117	blockstream.info
28224	0.23539948463439941	0.09316802024841309	blockstream.info
30240	0.23254728317260742	0.09595441818237305	blockstream.info
32256	0.2332630157470703	0.09465694427490234	blockstream.info
34272	0.23415422439575195	0.0951547622680664	blockstream.info
36288	0.2327868938446045	0.09481382369995117	blockstream.info
38304	0.2335524559020996	0.09545326232910156	blockstream.info
40320	0.23308992385864258	0.09474778175354004	blockstream.info
42336	0.2326812744140625	0.09455013275146484	blockstream.info
44352	0.2337961196899414	0.0955040454864502	blockstream.info
46368	0.23304224014282227	0.09624385833740234	blockstream.info
48384	0.23311257362365723	0.0945284366607666	blockstream.info
50400	0.23325037956237793	0.19652175903320312	blockstream.info
52416	0.23321962356567383	0.1774446964263916	blockstream.info
54432	0.23317599296569824	0.09460854530334473	blockstream.info
56448	0.2327127456665039	0.09511899948120117	blockstream.info
58464	0.23535823822021484	0.09599423408508301	blockstream.info
60480	0.2329244613647461	0.09408998489379883	blockstream.info
62496	0.2348620891571045	0.09505081176757812	blockstream.info
64512	0.23323845863342285	0.0943903923034668	blockstream.info
66528	0.23349571228027344	0.09365367889404297	blockstream.info
68544	0.24640798568725586	0.0948035717010498	blockstream.info
70560	0.23316431045532227	0.09530353546142578	blockstream.info
72576	0.23296308517456055	0.0955049991607666	blockstream.info
74592	0.23326587677001953	0.09662795066833496	blockstream.info
76608	0.23313379287719727	0.09486174583435059	blockstream.info
78624	0.23389101028442383	0.0947103500366211	blockstream.info
80640	0.2333230972290039	0.09497308731079102	blockstream.info
82656	0.23400592803955078	0.09513139724731445	blockstream.info
84672	0.23334383964538574	0.0950927734375	blockstream.info
86688	0.2329862117767334	0.09471583366394043	blockstream.info
88704	0.23453807830810547	0.09462594985961914	blockstream.info
90720	0.23495125770568848	0.09486150741577148	blockstream.info
92736	0.23344087600708008	0.09399199485778809	blockstream.info
94752	0.2335984706878662	0.09275555610656738	blockstream.info
96768	0.23351764678955078	0.0957486629486084	blockstream.info
98784	0.23269891738891602	0.09476184844970703	blockstream.info
100800	0.23293209075927734	0.09403038024902344	blockstream.info
102816	0.2334308624267578	0.09399557113647461	blockstream.info
104832	0.23267006874084473	0.09417939186096191	blockstream.info
106848	0.23334741592407227	0.09432482719421387	blockstream.info
108864	0.23249173164367676	0.09524989128112793	blockstream.info
110880	0.23303651809692383	0.09517145156860352	blockstream.info
112896	0.23306775093078613	0.0960085391998291	blockstream.info
114912	0.23391175270080566	0.0960245132446289	blockstream.info
116928	0.23297548294067383	0.09638762474060059	blockstream.info
118944	0.23290538787841797	0.09641337394714355	blockstream.info
120960	0.23286676406860352	0.09584283828735352	blockstream.info
122976	0.23471689224243164	0.09610962867736816	blockstream.info
124992	0.23536086082458496	0.09559750556945801	blockstream.info
127008	0.2336902618408203	0.09488368034362793	blockstream.info
129024	0.23323416709899902	0.0955655574798584	blockstream.info
131040	0.2341756820678711	0.09473609924316406	blockstream.info
133056	0.33896374702453613	0.09566068649291992	blockstream.info
135072	0.23273658752441406	0.09594082832336426	blockstream.info
137088	0.23239707946777344	0.09549379348754883	blockstream.info
139104	0.2333545684814453	0.09903693199157715	blockstream.info
141120	0.2348017692565918	0.09546852111816406	blockstream.info
143136	0.23387598991394043	0.0956566333770752	blockstream.info
145152	0.23241162300109863	0.09552550315856934	blockstream.info
147168	0.2335047721862793	0.0951225757598877	blockstream.info
149184	0.23526263236999512	0.09732675552368164	blockstream.info
151200	0.23244285583496094	0.09517478942871094	blockstream.info
153216	0.2344503402709961	0.09544897079467773	blockstream.info
155232	0.23407649993896484	0.09539628028869629	blockstream.info
157248	0.23354768753051758	0.09558892250061035	blockstream.info
159264	0.23522448539733887	0.09591841697692871	blockstream.info
161280	0.23312926292419434	0.09523963928222656	blockstream.info
163296	0.2331991195678711	0.0967097282409668	blockstream.info
165312	0.23336243629455566	0.09643387794494629	blockstream.info
167328	0.2338716983795166	0.09476923942565918	blockstream.info
169344	0.2342848777770996	0.09586930274963379	blockstream.info
171360	0.2331080436706543	0.09451937675476074	blockstream.info
173376	0.23290109634399414	0.09496474266052246	blockstream.info
175392	0.2324204444885254	0.09462571144104004	blockstream.info
177408	0.2337203025817871	0.09368896484375	blockstream.info
179424	0.23313474655151367	0.09540867805480957	blockstream.info
181440	0.2329847812652588	0.09447908401489258	blockstream.info
183456	0.23405671119689941	0.09451913833618164	blockstream.info
185472	0.23344755172729492	0.09274649620056152	blockstream.info
187488	0.23572301864624023	0.09522581100463867	blockstream.info
189504	0.2337019443511963	0.09418582916259766	blockstream.info
191520	0.23264050483703613	0.09503960609436035	blockstream.info
193536	0.23234128952026367	0.0930635929107666	blockstream.info
195552	0.23372197151184082	0.09395241737365723	blockstream.info
197568	0.23350095748901367	0.09308767318725586	blockstream.info
199584	0.23322653770446777	0.09400820732116699	blockstream.info
201600	0.23280048370361328	0.09428715705871582	blockstream.info
203616	0.2323627471923828	0.0940709114074707	blockstream.info
205632	0.23354363441467285	0.09441161155700684	blockstream.info
207648	0.23266220092773438	0.09555459022521973	blockstream.info
209664	0.23319029808044434	0.09805417060852051	blockstream.info
211680	0.23406386375427246	0.09621977806091309	blockstream.info
213696	0.2327282428741455	0.09567403793334961	blockstream.info
215712	0.23332619667053223	0.09469866752624512	blockstream.info
217728	0.23333048820495605	0.09348773956298828	blockstream.info
219744	0.23536419868469238	0.09473156929016113	blockstream.info
221760	0.2329559326171875	0.09462785720825195	blockstream.info
223776	0.2330334186553955	0.0943446159362793	blockstream.info
225792	0.2338705062866211	0.09459686279296875	blockstream.info
227808	0.2334575653076172	0.09502410888671875	blockstream.info
229824	0.2332766056060791	0.09510064125061035	blockstream.info
231840	0.2325291633605957	0.09503555297851562	blockstream.info
233856	0.23336195945739746	0.09546613693237305	blockstream.info
235872	0.23283863067626953	0.09498381614685059	blockstream.info
237888	0.2328031063079834	0.09469461441040039	blockstream.info
239904	0.2339620590209961	0.0955193042755127	blockstream.info
241920	0.23279190063476562	0.09657120704650879	blockstream.info
243936	0.23418045043945312	0.096099853515625	blockstream.info
245952	0.23512578010559082	0.09651851654052734	blockstream.info
247968	0.23301410675048828	0.09894847869873047	blockstream.info
249984	0.23283839225769043	0.09628796577453613	blockstream.info
252000	0.2347245216369629	0.0960686206817627	blockstream.info
254016	0.2352886199951172	0.09552979469299316	blockstream.info
256032	0.235947847366333	0.09514617919921875	blockstream.info
258048	0.23402142524719238	0.09516048431396484	blockstream.info
260064	0.23331761360168457	0.0960850715637207	blockstream.info
262080	0.23273158073425293	0.0949561595916748	blockstream.info
264096	0.2331981658935547	0.09607553482055664	blockstream.info
266112	0.23705506324768066	0.0964055061340332	blockstream.info
268128	0.23297572135925293	0.09528136253356934	blockstream.info
270144	0.23287200927734375	0.09518599510192871	blockstream.info
272160	0.234055757522583	0.09549188613891602	blockstream.info
274176	0.2330152988433838	0.09555602073669434	blockstream.info
276192	0.23421669006347656	0.09666919708251953	blockstream.info
278208	0.23618459701538086	0.09561777114868164	blockstream.info
280224	0.2334270477294922	0.09602236747741699	blockstream.info
282240	0.23259568214416504	0.09565186500549316	blockstream.info
284256	0.23275113105773926	0.0950615406036377	blockstream.info
286272	0.23318815231323242	0.09498739242553711	blockstream.info
288288	0.2326946258544922	0.09609365463256836	blockstream.info
290304	0.2345116138458252	0.0961153507232666	blockstream.info
292320	0.23281073570251465	0.09567642211914062	blockstream.info
294336	0.23351502418518066	0.0956566333770752	blockstream.info
296352	0.23347854614257812	0.09678006172180176	blockstream.info
298368	0.2333536148071289	0.09604978561401367	blockstream.info
300384	0.23313689231872559	0.09697723388671875	blockstream.info
302400	0.23272418975830078	0.09520792961120605	blockstream.info
304416	0.2333240509033203	0.09592008590698242	blockstream.info
306432	0.23424386978149414	0.09552335739135742	blockstream.info
308448	0.23323392868041992	0.09645771980285645	blockstream.info
310464	0.23507452011108398	0.09599924087524414	blockstream.info
312480	0.23282885551452637	0.09524798393249512	blockstream.info
314496	0.23369455337524414	0.09552574157714844	blockstream.info
316512	0.23619890213012695	0.09549546241760254	blockstream.info
318528	0.23284029960632324	0.0961003303527832	blockstream.info
320544	0.23343944549560547	0.09578800201416016	blockstream.info
322560	0.23323988914489746	0.09508490562438965	blockstream.info
324576	0.23276424407958984	0.09697937965393066	blockstream.info
326592	0.23354196548461914	0.0956568717956543	blockstream.info
328608	0.23345685005187988	0.0959923267364502	blockstream.info
330624	0.2325279712677002	0.09568405151367188	blockstream.info
332640	0.2330772876739502	0.09631848335266113	blockstream.info
334656	0.2333841323852539	0.09583926200866699	blockstream.info
336672	0.23348069190979004	0.09589314460754395	blockstream.info
338688	0.23370695114135742	0.09536123275756836	blockstream.info
340704	0.23311948776245117	0.09701657295227051	blockstream.info
342720	0.2333390712738037	0.09666252136230469	blockstream.info
344736	0.23256635665893555	0.09680056571960449	blockstream.info
346752	0.2328050136566162	0.09732174873352051	blockstream.info
348768	0.23329591751098633	0.09633207321166992	blockstream.info
350784	0.23528218269348145	0.09676170349121094	blockstream.info
352800	0.2333986759185791	0.09679365158081055	blockstream.info
354816	0.23265480995178223	0.09597492218017578	blockstream.info
356832	0.2344651222229004	0.09634780883789062	blockstream.info
358848	0.23296117782592773	0.09574270248413086	blockstream.info
360864	0.23671817779541016	0.09596061706542969	blockstream.info
362880	0.23133325576782227	0.0971376895904541	blockstream.info
364896	0.23258233070373535	0.09560012817382812	blockstream.info
366912	0.2318575382232666	0.09827351570129395	blockstream.info
368928	0.23293542861938477	0.09717607498168945	blockstream.info
370944	0.23264336585998535	0.09661030769348145	blockstream.info
372960	0.23218345642089844	0.09753775596618652	blockstream.info
374976	0.23253631591796875	0.09644079208374023	blockstream.info
376992	0.23201990127563477	0.09699010848999023	blockstream.info
379008	0.23230886459350586	0.09645724296569824	blockstream.info
381024	0.23749899864196777	0.09669208526611328	blockstream.info
383040	0.23449420928955078	0.0976262092590332	blockstream.info
385056	0.24389052391052246	0.09820270538330078	blockstream.info
387072	0.2333667278289795	0.09965085983276367	blockstream.info
389088	0.23122596740722656	0.09601163864135742	blockstream.info
391104	0.23134541511535645	0.09598922729492188	blockstream.info
393120	0.23298263549804688	0.09481620788574219	blockstream.info
395136	0.2323148250579834	0.09612584114074707	blockstream.info
397152	0.2309894561767578	0.09398198127746582	blockstream.info
399168	0.23221302032470703	0.09641289710998535	blockstream.info
401184	0.233198881149292	0.0956106185913086	blockstream.info
403200	0.23209738731384277	0.0954127311706543	blockstream.info
405216	0.23232483863830566	0.09723496437072754	blockstream.info
407232	0.23261690139770508	0.0969400405883789	blockstream.info
409248	0.2320549488067627	0.09675931930541992	blockstream.info
411264	0.23204302787780762	0.0981450080871582	blockstream.info
413280	0.23392724990844727	0.0964207649230957	blockstream.info
415296	0.23181843757629395	0.09752988815307617	blockstream.info
417312	0.23158526420593262	0.09587931632995605	blockstream.info
419328	0.23235106468200684	0.09645700454711914	blockstream.info
421344	0.23197126388549805	0.09678435325622559	blockstream.info
423360	0.23213958740234375	0.09657931327819824	blockstream.info
425376	0.2315058708190918	0.0980072021484375	blockstream.info
427392	0.2321183681488037	0.0969858169555664	blockstream.info
429408	0.23156213760375977	0.09596514701843262	blockstream.info
431424	0.23175740242004395	0.0963139533996582	blockstream.info
433440	0.23109793663024902	0.09794282913208008	blockstream.info
435456	0.23237872123718262	0.09662628173828125	blockstream.info
437472	0.23250889778137207	0.09636330604553223	blockstream.info
439488	0.23182010650634766	0.09621262550354004	blockstream.info
441504	0.23205852508544922	0.09382009506225586	blockstream.info
443520	0.2318110466003418	0.09496092796325684	blockstream.info
445536	0.2316274642944336	0.09633827209472656	blockstream.info
447552	0.233428955078125	0.09798812866210938	blockstream.info
449568	0.232421875	0.09764885902404785	blockstream.info
451584	0.23223471641540527	0.09717941284179688	blockstream.info
453600	0.23169565200805664	0.09691143035888672	blockstream.info
455616	0.2332921028137207	0.09540486335754395	blockstream.info
457632	0.23198986053466797	0.09556341171264648	blockstream.info
459648	0.23236989974975586	0.09598803520202637	blockstream.info
461664	0.23276114463806152	0.09612059593200684	blockstream.info
463680	0.23177862167358398	0.09657597541809082	blockstream.info
465696	0.23166155815124512	0.09583234786987305	blockstream.info
467712	0.23218679428100586	0.09555745124816895	blockstream.info
469728	0.23192477226257324	0.0964362621307373	blockstream.info
471744	0.23117303848266602	0.09683895111083984	blockstream.info
473760	0.23348093032836914	0.09568572044372559	blockstream.info
475776	0.2323143482208252	0.09579348564147949	blockstream.info
477792	0.23240041732788086	0.09571337699890137	blockstream.info
479808	0.2334444522857666	0.09682559967041016	blockstream.info
481824	0.23207950592041016	0.0973806381225586	blockstream.info
483840	0.23189139366149902	0.09673762321472168	blockstream.info
485856	0.23198866844177246	0.09940409660339355	blockstream.info
487872	0.23191332817077637	0.09961557388305664	blockstream.info
489888	0.23132705688476562	0.09952998161315918	blockstream.info
491904	0.23190927505493164	0.09933161735534668	blockstream.info
493920	0.23222017288208008	0.10030484199523926	blockstream.info
495936	0.2321934700012207	0.09959125518798828	blockstream.info
497952	0.23207426071166992	0.09925389289855957	blockstream.info
499968	0.23117995262145996	0.10038137435913086	blockstream.info
501984	0.2327110767364502	0.09995913505554199	blockstream.info
504000	0.23162198066711426	0.09852981567382812	blockstream.info
506016	0.23185181617736816	0.09814572334289551	blockstream.info
508032	0.23169469833374023	0.09917831420898438	blockstream.info
510048	0.2316601276397705	0.09872245788574219	blockstream.info
512064	0.2334892749786377	0.09915900230407715	blockstream.info
514080	0.23322534561157227	0.09722518920898438	blockstream.info
516096	0.2321615219116211	0.09777593612670898	blockstream.info
518112	0.23152995109558105	0.09853863716125488	blockstream.info
520128	0.23158574104309082	0.09820175170898438	blockstream.info
522144	0.23354816436767578	0.09789323806762695	blockstream.info
524160	0.2315349578857422	0.09795308113098145	blockstream.info
526176	0.2337653636932373	0.09827446937561035	blockstream.info
528192	0.23174166679382324	0.09811711311340332	blockstream.info
530208	0.23208975791931152	0.0986473560333252	blockstream.info
532224	0.2320411205291748	0.09983420372009277	blockstream.info
534240	0.2329702377319336	0.09730243682861328	blockstream.info
536256	0.23222613334655762	0.0986337661743164	blockstream.info
538272	0.23241066932678223	0.09757351875305176	blockstream.info
540288	0.23140811920166016	0.09765625	blockstream.info
542304	0.23403382301330566	0.09902000427246094	blockstream.info
544320	0.23151087760925293	0.0980536937713623	blockstream.info
546336	0.2315082550048828	0.09798097610473633	blockstream.info
548352	0.2312760353088379	0.09986448287963867	blockstream.info
550368	0.23234319686889648	0.09843993186950684	blockstream.info
552384	0.23227214813232422	0.0972750186920166	blockstream.info
554400	0.23220205307006836	0.09791231155395508	blockstream.info
556416	0.23254132270812988	0.09936308860778809	blockstream.info
558432	0.2323307991027832	0.09855532646179199	blockstream.info
560448	0.23421430587768555	0.09804034233093262	blockstream.info
562464	0.23121213912963867	0.09719395637512207	blockstream.info
564480	0.23104643821716309	0.09789705276489258	blockstream.info
566496	0.2316446304321289	0.09856200218200684	blockstream.info
568512	0.23186588287353516	0.09816384315490723	blockstream.info
570528	0.23196983337402344	0.09706521034240723	blockstream.info
572544	0.23133230209350586	0.09760475158691406	blockstream.info
574560	0.23405885696411133	0.09664630889892578	blockstream.info
576576	0.23121333122253418	0.09714770317077637	blockstream.info
578592	0.2324211597442627	0.09807395935058594	blockstream.info
580608	0.23436284065246582	0.09801816940307617	blockstream.info
582624	0.2323627471923828	0.09835076332092285	blockstream.info
584640	0.23173832893371582	0.09858250617980957	blockstream.info
586656	0.23151254653930664	0.09961819648742676	blockstream.info
588672	0.23263025283813477	0.09950017929077148	blockstream.info
590688	0.23194026947021484	0.11009359359741211	blockstream.info
592704	0.2335371971130371	0.09737086296081543	blockstream.info
594720	0.23105454444885254	0.09632706642150879	blockstream.info
596736	0.2325732707977295	0.09891986846923828	blockstream.info
598752	0.23151397705078125	0.09767627716064453	blockstream.info
600768	0.2345280647277832	0.09780550003051758	blockstream.info
602784	0.23136615753173828	0.09798073768615723	blockstream.info
604800	0.23201584815979004	0.09657692909240723	blockstream.info
606816	0.23380637168884277	0.0980386734008789	blockstream.info
608832	0.23102617263793945	0.09837627410888672	blockstream.info
610848	0.2320270538330078	0.09943437576293945	blockstream.info
612864	0.23161578178405762	0.09721636772155762	blockstream.info
614880	0.23226594924926758	0.09967517852783203	blockstream.info
616896	0.23178434371948242	0.09951305389404297	blockstream.info
618912	0.23186492919921875	0.09812259674072266	blockstream.info
620928	0.23163890838623047	0.0980069637298584	blockstream.info
622944	0.23131322860717773	0.09829878807067871	blockstream.info
624960	0.23219609260559082	0.09825992584228516	blockstream.info
626976	0.23168158531188965	0.09794807434082031	blockstream.info
628992	0.2321467399597168	0.0969545841217041	blockstream.info
631008	0.23187732696533203	0.09682679176330566	blockstream.info
633024	0.2322225570678711	0.09852194786071777	blockstream.info
635040	0.23204946517944336	0.0965890884399414	blockstream.info
637056	0.23523998260498047	0.09772300720214844	blockstream.info
639072	0.23348069190979004	0.0980825424194336	blockstream.info
641088	0.2315371036529541	0.09724235534667969	blockstream.info
643104	0.231215238571167	0.09693002700805664	blockstream.info
645120	0.23167729377746582	0.09656929969787598	blockstream.info
647136	0.23216962814331055	0.09703469276428223	blockstream.info
649152	0.23159575462341309	0.09668922424316406	blockstream.info
651168	0.23195242881774902	0.09774184226989746	blockstream.info
653184	0.23125672340393066	0.0974123477935791	blockstream.info
655200	0.23233699798583984	0.09705162048339844	blockstream.info
657216	0.2049422264099121	0.06020832061767578	blockstream.info
