1	0.5802488327026367	0.08621954917907715	blockstream.info
2016	0.3224039077758789	0.08546948432922363	blockstream.info
4032	0.3276946544647217	0.08681297302246094	blockstream.info
6048	0.32615017890930176	0.08610105514526367	blockstream.info
8064	0.32779526710510254	0.0880889892578125	blockstream.info
10080	0.3272511959075928	0.08726167678833008	blockstream.info
12096	0.3298020362854004	0.0864408016204834	blockstream.info
14112	0.32736873626708984	0.08600354194641113	blockstream.info
16128	0.3335292339324951	0.08569097518920898	blockstream.info
18144	0.3309311866760254	0.0853586196899414	blockstream.info
20160	0.3326547145843506	0.09220194816589355	blockstream.info
22176	0.33045220375061035	0.08665800094604492	blockstream.info
24192	0.33089494705200195	0.08675408363342285	blockstream.info
26208	0.33249831199645996	0.08561968803405762	blockstream.info
28224	0.3327047824859619	0.08603191375732422	blockstream.info
30240	0.3288266658782959	0.08554363250732422	blockstream.info
32256	0.3274543285369873	0.08547687530517578	blockstream.info
34272	0.3309967517852783	0.08617115020751953	blockstream.info
36288	0.32726335525512695	0.08615493774414062	blockstream.info
38304	0.3274824619293213	0.08783388137817383	blockstream.info
40320	0.33132457733154297	0.1729736328125	blockstream.info
42336	0.3324470520019531	0.08795857429504395	blockstream.info
44352	0.33255910873413086	0.08557915687561035	blockstream.info
46368	0.3307681083679199	0.08553552627563477	blockstream.info
48384	0.32953572273254395	0.08491873741149902	blockstream.info
50400	0.3280503749847412	0.08463120460510254	blockstream.info
52416	0.3305020332336426	0.08527827262878418	blockstream.info
54432	0.3324768543243408	0.08525204658508301	blockstream.info
56448	0.3299989700317383	0.08509588241577148	blockstream.info
58464	0.32860875129699707	0.0855560302734375	blockstream.info
60480	0.32572054862976074	0.08554768562316895	blockstream.info
62496	0.3267507553100586	0.08560752868652344	blockstream.info
64512	0.3331284523010254	0.08653092384338379	blockstream.info
66528	0.32915258407592773	0.08614015579223633	blockstream.info
68544	0.32915163040161133	0.08484435081481934	blockstream.info
70560	0.32872509956359863	0.0859980583190918	blockstream.info
72576	0.3311727046966553	0.08699250221252441	blockstream.info
74592	0.33031558990478516	0.08942770957946777	blockstream.info
76608	0.32948923110961914	0.08608603477478027	blockstream.info
78624	0.32876062393188477	0.0865936279296875	blockstream.info
80640	0.3308393955230713	0.08663439750671387	blockstream.info
82656	0.32671451568603516	0.08573436737060547	blockstream.info
84672	0.3279075622558594	0.08572793006896973	blockstream.info
86688	0.32773661613464355	0.08547568321228027	blockstream.info
88704	0.33053112030029297	0.08496546745300293	blockstream.info
90720	0.33034324645996094	0.08503890037536621	blockstream.info
92736	0.33054113388061523	0.0857546329498291	blockstream.info
94752	0.33347630500793457	0.08535003662109375	blockstream.info
96768	0.3292868137359619	0.08612608909606934	blockstream.info
98784	0.33037757873535156	0.08671045303344727	blockstream.info
100800	0.33179593086242676	0.08631682395935059	blockstream.info
102816	0.3320448398590088	0.086334228515625	blockstream.info
104832	0.3311183452606201	0.08620023727416992	blockstream.info
106848	0.33109211921691895	0.08475923538208008	blockstream.info
108864	0.332857608795166	0.08546304702758789	blockstream.info
110880	0.3540823459625244	0.0862128734588623	blockstream.info
112896	0.33045268058776855	0.08637166023254395	blockstream.info
114912	0.3329441547393799	0.08636593818664551	blockstream.info
116928	0.3329043388366699	0.0876913070678711	blockstream.info
118944	0.32701992988586426	0.08677077293395996	blockstream.info
120960	0.32568979263305664	0.08697342872619629	blockstream.info
122976	0.3317539691925049	0.08586668968200684	blockstream.info
124992	0.3310434818267822	0.08583426475524902	blockstream.info
127008	0.33327198028564453	0.08600354194641113	blockstream.info
129024	0.3275890350341797	0.08649826049804688	blockstream.info
131040	0.3272995948791504	0.08658647537231445	blockstream.info
133056	0.32642507553100586	0.0864412784576416	blockstream.info
135072	0.3295726776123047	0.08560943603515625	blockstream.info
137088	0.3301820755004883	0.08506083488464355	blockstream.info
139104	0.32866644859313965	0.08616328239440918	blockstream.info
141120	0.3279876708984375	0.08514285087585449	blockstream.info
143136	0.32887935638427734	0.08593583106994629	blockstream.info
145152	0.32758474349975586	0.08619475364685059	blockstream.info
147168	0.32895684242248535	0.08465909957885742	blockstream.info
149184	0.3311026096343994	0.08636736869812012	blockstream.info
151200	0.32881617546081543	0.08585071563720703	blockstream.info
153216	0.3301076889038086	0.08588480949401855	blockstream.info
155232	0.33060741424560547	0.0850059986114502	blockstream.info
157248	0.3359720706939697	0.08610939979553223	blockstream.info
159264	0.3331112861633301	0.08540105819702148	blockstream.info
161280	0.33147740364074707	0.08499622344970703	blockstream.info
163296	0.32837891578674316	0.08542203903198242	blockstream.info
165312	0.326984167098999	0.08627700805664062	blockstream.info
167328	0.32768821716308594	0.08594012260437012	blockstream.info
169344	0.3296334743499756	0.08643841743469238	blockstream.info
171360	0.32991957664489746	0.08564972877502441	blockstream.info
173376	0.33070921897888184	0.08673906326293945	blockstream.info
175392	0.33193159103393555	0.08573436737060547	blockstream.info
177408	0.32841920852661133	0.09940385818481445	blockstream.info
179424	0.3268899917602539	0.08735013008117676	blockstream.info
181440	0.3266274929046631	0.08637046813964844	blockstream.info
183456	0.3266458511352539	0.08646082878112793	blockstream.info
185472	0.33025455474853516	0.08638525009155273	blockstream.info
187488	0.3305649757385254	0.08577895164489746	blockstream.info
189504	0.3297429084777832	0.08975338935852051	blockstream.info
191520	0.3261837959289551	0.08572697639465332	blockstream.info
193536	0.3264651298522949	0.08613324165344238	blockstream.info
195552	0.3317584991455078	0.08740496635437012	blockstream.info
197568	0.33240771293640137	0.08632373809814453	blockstream.info
199584	0.32889604568481445	0.08557724952697754	blockstream.info
201600	0.3328518867492676	0.08678984642028809	blockstream.info
203616	0.32953381538391113	0.08603048324584961	blockstream.info
205632	0.42827820777893066	0.08661818504333496	blockstream.info
207648	0.3271005153656006	0.08593583106994629	blockstream.info
209664	0.3298637866973877	0.08750343322753906	blockstream.info
211680	0.3265659809112549	0.08733987808227539	blockstream.info
213696	0.32666945457458496	0.0877218246459961	blockstream.info
215712	0.3301694393157959	0.08828496932983398	blockstream.info
217728	0.3302583694458008	0.08826684951782227	blockstream.info
219744	0.3283991813659668	0.08675289154052734	blockstream.info
221760	0.3318297863006592	0.08801484107971191	blockstream.info
223776	0.325610876083374	0.08711409568786621	blockstream.info
225792	0.3278822898864746	0.08708667755126953	blockstream.info
227808	0.3297383785247803	0.08754968643188477	blockstream.info
229824	0.32623910903930664	0.08707475662231445	blockstream.info
231840	0.33020997047424316	0.08682131767272949	blockstream.info
233856	0.33358097076416016	0.08692336082458496	blockstream.info
235872	0.3271803855895996	0.08649086952209473	blockstream.info
237888	0.3309793472290039	0.08717703819274902	blockstream.info
239904	0.3268425464630127	0.0873727798461914	blockstream.info
241920	0.32831811904907227	0.08841395378112793	blockstream.info
243936	0.3298008441925049	0.08834671974182129	blockstream.info
245952	0.32693028450012207	0.08733272552490234	blockstream.info
247968	0.3304131031036377	0.08761978149414062	blockstream.info
249984	0.3270854949951172	0.08717060089111328	blockstream.info
252000	0.32708191871643066	0.08688616752624512	blockstream.info
254016	0.3275790214538574	0.0861966609954834	blockstream.info
256032	0.3268394470214844	0.0857079029083252	blockstream.info
258048	0.3308591842651367	0.08730483055114746	blockstream.info
260064	0.33102917671203613	0.08731865882873535	blockstream.info
262080	0.329479455947876	0.08711814880371094	blockstream.info
264096	0.3313727378845215	0.08693122863769531	blockstream.info
266112	0.33152079582214355	0.08730626106262207	blockstream.info
268128	0.3323018550872803	0.08837366104125977	blockstream.info
270144	0.3328385353088379	0.08687877655029297	blockstream.info
272160	0.3316175937652588	0.08681607246398926	blockstream.info
274176	0.3325374126434326	0.08719396591186523	blockstream.info
276192	0.33062005043029785	0.08674049377441406	blockstream.info
278208	0.3293795585632324	0.08654570579528809	blockstream.info
280224	0.33099913597106934	0.08705520629882812	blockstream.info
282240	0.330610990524292	0.0853419303894043	blockstream.info
284256	0.3267979621887207	0.08664917945861816	blockstream.info
286272	0.3274500370025635	0.08606576919555664	blockstream.info
288288	0.3336942195892334	0.0885152816772461	blockstream.info
290304	0.33635401725769043	0.08795475959777832	blockstream.info
292320	0.3313271999359131	0.08819365501403809	blockstream.info
294336	0.32904553413391113	0.0875852108001709	blockstream.info
296352	0.33066701889038086	0.08780765533447266	blockstream.info
298368	0.3260831832885742	0.08817887306213379	blockstream.info
300384	0.3294863700866699	0.0874631404876709	blockstream.info
302400	0.5690052509307861	0.0868678092956543	blockstream.info
304416	0.32857632637023926	0.08911871910095215	blockstream.info
306432	0.32840919494628906	0.08822321891784668	blockstream.info
308448	0.33454442024230957	0.08747506141662598	blockstream.info
310464	0.33282971382141113	0.08690142631530762	blockstream.info
312480	0.33492350578308105	0.08663606643676758	blockstream.info
314496	0.3306999206542969	0.08636760711669922	blockstream.info
316512	0.33127689361572266	0.08845400810241699	blockstream.info
318528	0.3304307460784912	0.08647584915161133	blockstream.info
320544	0.33377623558044434	0.08794116973876953	blockstream.info
322560	0.3283846378326416	0.08815932273864746	blockstream.info
324576	0.33436083793640137	0.08786535263061523	blockstream.info
326592	0.32765650749206543	0.08772110939025879	blockstream.info
328608	0.3325326442718506	0.08775472640991211	blockstream.info
330624	0.3268158435821533	0.08771491050720215	blockstream.info
332640	0.32989025115966797	0.08788442611694336	blockstream.info
334656	0.3260328769683838	0.08830451965332031	blockstream.info
336672	0.33106541633605957	0.08760595321655273	blockstream.info
338688	0.3308899402618408	0.08708381652832031	blockstream.info
340704	0.3281679153442383	0.08876204490661621	blockstream.info
342720	0.3308532238006592	0.08755350112915039	blockstream.info
344736	0.3271453380584717	0.08713078498840332	blockstream.info
346752	0.32878804206848145	0.08860301971435547	blockstream.info
348768	0.32857537269592285	0.0877084732055664	blockstream.info
350784	0.3283407688140869	0.08724379539489746	blockstream.info
352800	0.32717370986938477	0.08754324913024902	blockstream.info
354816	0.5518193244934082	0.08701944351196289	blockstream.info
356832	0.32761049270629883	0.08797693252563477	blockstream.info
358848	0.3308899402618408	0.08973979949951172	blockstream.info
360864	0.329693078994751	0.08908677101135254	blockstream.info
362880	0.3309938907623291	0.08858442306518555	blockstream.info
364896	0.32872819900512695	0.08878970146179199	blockstream.info
366912	0.3290245532989502	0.08739972114562988	blockstream.info
368928	0.327120304107666	0.08755707740783691	blockstream.info
370944	0.3263421058654785	0.08744668960571289	blockstream.info
372960	0.33356642723083496	0.08743047714233398	blockstream.info
374976	0.3301858901977539	0.08860325813293457	blockstream.info
376992	0.3276655673980713	0.08809685707092285	blockstream.info
379008	0.32674622535705566	0.0889439582824707	blockstream.info
381024	0.3312399387359619	0.08911514282226562	blockstream.info
383040	0.3322880268096924	0.08739924430847168	blockstream.info
385056	0.32770752906799316	0.08744549751281738	blockstream.info
387072	0.32856178283691406	0.08725929260253906	blockstream.info
389088	0.32856059074401855	0.08733844757080078	blockstream.info
391104	0.3285388946533203	0.08712244033813477	blockstream.info
393120	0.3334023952484131	0.08774757385253906	blockstream.info
395136	0.32694029808044434	0.08807182312011719	blockstream.info
397152	0.3299245834350586	0.08700346946716309	blockstream.info
399168	0.3260781764984131	0.08743858337402344	blockstream.info
401184	0.3292384147644043	0.08838605880737305	blockstream.info
403200	0.3350377082824707	0.08764243125915527	blockstream.info
405216	0.3315439224243164	0.08851408958435059	blockstream.info
407232	0.3329339027404785	0.08818364143371582	blockstream.info
409248	0.32979297637939453	0.0893104076385498	blockstream.info
411264	0.3275020122528076	0.08849024772644043	blockstream.info
413280	0.3256409168243408	0.08887076377868652	blockstream.info
415296	0.33810949325561523	0.08641719818115234	blockstream.info
417312	0.3280465602874756	0.08714866638183594	blockstream.info
419328	0.33046770095825195	0.0885612964630127	blockstream.info
421344	0.32629966735839844	0.08854842185974121	blockstream.info
423360	0.3279280662536621	0.08757877349853516	blockstream.info
425376	0.32843780517578125	0.0864100456237793	blockstream.info
427392	0.33216309547424316	0.08695602416992188	blockstream.info
429408	0.33075785636901855	0.08561348915100098	blockstream.info
431424	0.32775259017944336	0.08654260635375977	blockstream.info
433440	0.32956838607788086	0.08665156364440918	blockstream.info
435456	0.3278343677520752	0.08739161491394043	blockstream.info
437472	0.32981014251708984	0.08885693550109863	blockstream.info
439488	0.3298616409301758	0.08755683898925781	blockstream.info
441504	0.3273279666900635	0.08719277381896973	blockstream.info
443520	0.3283050060272217	0.08760857582092285	blockstream.info
445536	0.3316352367401123	0.08819031715393066	blockstream.info
447552	0.33257102966308594	0.08654212951660156	blockstream.info
449568	0.3372931480407715	0.08742904663085938	blockstream.info
451584	0.32725048065185547	0.08732342720031738	blockstream.info
453600	0.3301403522491455	0.08752632141113281	blockstream.info
455616	0.33144450187683105	0.08789348602294922	blockstream.info
457632	0.3288559913635254	0.08737039566040039	blockstream.info
459648	0.3268392086029053	0.08971452713012695	blockstream.info
461664	0.3298192024230957	0.08602094650268555	blockstream.info
463680	0.33748626708984375	0.08756589889526367	blockstream.info
465696	0.32822132110595703	0.08800506591796875	blockstream.info
467712	0.331953763961792	0.08897924423217773	blockstream.info
469728	0.327852725982666	0.08747482299804688	blockstream.info
471744	0.3271205425262451	0.08945536613464355	blockstream.info
473760	0.33101630210876465	0.08847832679748535	blockstream.info
475776	0.32827329635620117	0.08766722679138184	blockstream.info
477792	0.33110737800598145	0.08859610557556152	blockstream.info
479808	0.3298065662384033	0.08834648132324219	blockstream.info
481824	0.3283052444458008	0.08758234977722168	blockstream.info
483840	0.3284733295440674	0.087066650390625	blockstream.info
485856	0.3320317268371582	0.08904075622558594	blockstream.info
487872	0.3314704895019531	0.0890648365020752	blockstream.info
489888	0.32768964767456055	0.08972716331481934	blockstream.info
491904	0.3303225040435791	0.08899140357971191	blockstream.info
493920	0.32813024520874023	0.0883638858795166	blockstream.info
495936	0.3305690288543701	0.08695769309997559	blockstream.info
497952	0.3303670883178711	0.08943796157836914	blockstream.info
499968	0.32957983016967773	0.08823943138122559	blockstream.info
501984	0.32753896713256836	0.08818244934082031	blockstream.info
504000	0.33031606674194336	0.08780241012573242	blockstream.info
506016	0.32903552055358887	0.08819055557250977	blockstream.info
508032	0.3306105136871338	0.08896827697753906	blockstream.info
510048	0.33051419258117676	0.08808207511901855	blockstream.info
512064	0.3275899887084961	0.08824801445007324	blockstream.info
514080	0.3268918991088867	0.0883169174194336	blockstream.info
516096	0.3288133144378662	0.08947300910949707	blockstream.info
518112	0.3292348384857178	0.08773684501647949	blockstream.info
520128	0.3271217346191406	0.08731937408447266	blockstream.info
522144	0.3290109634399414	0.08854269981384277	blockstream.info
524160	0.3294944763183594	0.0887598991394043	blockstream.info
526176	0.33299684524536133	0.08833909034729004	blockstream.info
528192	0.32553577423095703	0.08716154098510742	blockstream.info
530208	0.3284742832183838	0.08750605583190918	blockstream.info
532224	0.3273134231567383	0.08718729019165039	blockstream.info
534240	0.3268158435821533	0.08839774131774902	blockstream.info
536256	0.32700681686401367	0.08916687965393066	blockstream.info
538272	0.3269057273864746	0.08809137344360352	blockstream.info
540288	0.32976675033569336	0.08716654777526855	blockstream.info
542304	0.3274533748626709	0.08729434013366699	blockstream.info
544320	0.3297748565673828	0.08854818344116211	blockstream.info
546336	0.32624006271362305	0.08766794204711914	blockstream.info
548352	0.330859899520874	0.08699989318847656	blockstream.info
550368	0.3324110507965088	0.08891582489013672	blockstream.info
552384	0.32736778259277344	0.08810973167419434	blockstream.info
554400	0.3298349380493164	0.08859610557556152	blockstream.info
556416	0.3297560214996338	0.08796453475952148	blockstream.info
558432	0.3273618221282959	0.08804965019226074	blockstream.info
560448	0.326709508895874	0.14300107955932617	blockstream.info
562464	0.3300654888153076	0.14460253715515137	blockstream.info
564480	0.3310976028442383	0.14426755905151367	blockstream.info
566496	0.331890344619751	0.1457047462463379	blockstream.info
568512	0.3276839256286621	0.08826231956481934	blockstream.info
570528	0.3283870220184326	0.08832645416259766	blockstream.info
572544	0.3279907703399658	0.08807921409606934	blockstream.info
574560	0.3310587406158447	0.08760476112365723	blockstream.info
576576	0.3306910991668701	0.08958935737609863	blockstream.info
578592	0.3321342468261719	0.08809733390808105	blockstream.info
580608	0.33013153076171875	0.08835172653198242	blockstream.info
582624	0.33162879943847656	0.09501194953918457	blockstream.info
584640	0.3279910087585449	0.09845900535583496	blockstream.info
586656	0.32695960998535156	0.08901214599609375	blockstream.info
588672	0.33017921447753906	0.09014558792114258	blockstream.info
590688	0.3292224407196045	0.0889592170715332	blockstream.info
592704	0.33188390731811523	0.09004831314086914	blockstream.info
594720	0.33112549781799316	0.08989953994750977	blockstream.info
596736	0.3303718566894531	0.08878159523010254	blockstream.info
598752	0.32936930656433105	0.08791518211364746	blockstream.info
600768	0.3269071578979492	0.08921599388122559	blockstream.info
602784	0.329972505569458	0.09002327919006348	blockstream.info
604800	0.3316466808319092	0.08744645118713379	blockstream.info
606816	0.3272433280944824	0.08979249000549316	blockstream.info
608832	0.32860732078552246	0.08916950225830078	blockstream.info
610848	0.32662320137023926	0.0882117748260498	blockstream.info
612864	0.32658839225769043	0.08701801300048828	blockstream.info
614880	0.3281993865966797	0.0890345573425293	blockstream.info
616896	0.33080196380615234	0.08773517608642578	blockstream.info
618912	0.32855677604675293	0.08711886405944824	blockstream.info
620928	0.3286001682281494	0.08727550506591797	blockstream.info
622944	0.3290109634399414	0.08736228942871094	blockstream.info
624960	0.33799195289611816	0.08872771263122559	blockstream.info
626976	0.3342468738555908	0.0880131721496582	blockstream.info
628992	0.32912135124206543	0.08809208869934082	blockstream.info
631008	0.3269369602203369	0.08864665031433105	blockstream.info
633024	0.327038049697876	0.08817720413208008	blockstream.info
635040	0.3261566162109375	0.08906388282775879	blockstream.info
637056	0.33008456230163574	0.08759522438049316	blockstream.info
639072	0.32823896408081055	0.08963489532470703	blockstream.info
641088	0.32977747917175293	0.08839249610900879	blockstream.info
643104	0.32755398750305176	0.08773493766784668	blockstream.info
645120	0.3277709484100342	0.08847856521606445	blockstream.info
647136	0.32610058784484863	0.08792614936828613	blockstream.info
649152	0.3279697895050049	0.08827781677246094	blockstream.info
651168	0.5522799491882324	0.08896589279174805	blockstream.info
653184	0.32976865768432617	0.08925652503967285	blockstream.info
655200	0.3313262462615967	0.08944129943847656	blockstream.info
657216	0.2669107913970947	0.05667901039123535	blockstream.info
