1	1.4505746364593506	0.08775997161865234	e2.keff.org
2016	0.5840423107147217	0.08693718910217285	e2.keff.org
4032	0.2961583137512207	0.08865880966186523	e2.keff.org
6048	0.2940096855163574	0.08806109428405762	e2.keff.org
8064	0.2958672046661377	0.0871896743774414	e2.keff.org
10081	1.4514977931976318	0.0869913101196289	fortress.qtornado.com
12096	0.5783393383026123	0.08698153495788574	fortress.qtornado.com
14112	0.2940680980682373	0.08539462089538574	fortress.qtornado.com
16128	0.29349732398986816	0.1596386432647705	fortress.qtornado.com
18144	0.2960245609283447	0.1754159927368164	fortress.qtornado.com
20160	0.2936370372772217	0.08767342567443848	fortress.qtornado.com
22176	0.29363560676574707	0.08659052848815918	fortress.qtornado.com
24192	0.2941110134124756	0.08698129653930664	fortress.qtornado.com
26208	0.2935047149658203	0.0876014232635498	fortress.qtornado.com
28224	0.2934539318084717	0.08683609962463379	fortress.qtornado.com
30240	0.2932572364807129	0.0866694450378418	fortress.qtornado.com
32256	0.2934761047363281	0.08758783340454102	fortress.qtornado.com
34272	0.2938532829284668	0.08777165412902832	fortress.qtornado.com
36288	0.293459415435791	0.08714985847473145	fortress.qtornado.com
38304	0.29326534271240234	0.08687853813171387	fortress.qtornado.com
40320	0.2935819625854492	0.08701038360595703	fortress.qtornado.com
42336	0.29566311836242676	0.08684301376342773	fortress.qtornado.com
44352	0.29422736167907715	0.08707976341247559	fortress.qtornado.com
46368	0.29358625411987305	0.08632659912109375	fortress.qtornado.com
48384	0.2936551570892334	0.08755373954772949	fortress.qtornado.com
50400	0.2934272289276123	0.08743906021118164	fortress.qtornado.com
52416	0.2936544418334961	0.08699321746826172	fortress.qtornado.com
54432	0.29385876655578613	0.08580660820007324	fortress.qtornado.com
56448	0.29337549209594727	0.08910989761352539	fortress.qtornado.com
58464	0.2934262752532959	0.08700037002563477	fortress.qtornado.com
60480	0.293961763381958	0.08684825897216797	fortress.qtornado.com
62496	0.29321861267089844	0.08654332160949707	fortress.qtornado.com
64512	0.2936704158782959	0.08657002449035645	fortress.qtornado.com
66528	0.29324865341186523	0.08603644371032715	fortress.qtornado.com
68544	0.30170321464538574	0.08599281311035156	fortress.qtornado.com
70560	0.29335451126098633	0.08733510971069336	fortress.qtornado.com
72576	0.2933776378631592	0.0887291431427002	fortress.qtornado.com
74592	0.2938835620880127	0.1477053165435791	fortress.qtornado.com
76608	0.29374265670776367	0.1445465087890625	fortress.qtornado.com
78624	0.29404568672180176	0.14591717720031738	fortress.qtornado.com
80640	0.29379844665527344	0.14552640914916992	fortress.qtornado.com
82656	0.29497694969177246	0.14500737190246582	fortress.qtornado.com
84672	0.29518795013427734	0.14543604850769043	fortress.qtornado.com
86688	0.2948627471923828	0.14488911628723145	fortress.qtornado.com
88704	0.2940380573272705	0.14442658424377441	fortress.qtornado.com
90720	0.29363465309143066	0.14540958404541016	fortress.qtornado.com
92736	0.29372644424438477	0.14404034614562988	fortress.qtornado.com
94752	0.29520344734191895	0.14368128776550293	fortress.qtornado.com
96768	0.29642343521118164	0.1441197395324707	fortress.qtornado.com
98784	0.2936527729034424	0.1447288990020752	fortress.qtornado.com
100800	0.3041386604309082	0.14396309852600098	fortress.qtornado.com
102816	0.34868693351745605	0.14608526229858398	fortress.qtornado.com
104832	0.2942373752593994	0.1455068588256836	fortress.qtornado.com
106848	0.2939133644104004	0.14656329154968262	fortress.qtornado.com
108864	0.2936375141143799	0.14551687240600586	fortress.qtornado.com
110880	0.293745756149292	0.1475670337677002	fortress.qtornado.com
112896	0.29363131523132324	0.14928841590881348	fortress.qtornado.com
114912	0.2940232753753662	0.09014463424682617	fortress.qtornado.com
116928	0.2941932678222656	0.08930826187133789	fortress.qtornado.com
118944	0.29418301582336426	0.09034276008605957	fortress.qtornado.com
120960	0.29514551162719727	0.0878753662109375	fortress.qtornado.com
122976	0.29407429695129395	0.08836102485656738	fortress.qtornado.com
124992	0.2948472499847412	0.08829379081726074	fortress.qtornado.com
127008	0.2958366870880127	0.08785486221313477	fortress.qtornado.com
129024	0.29381608963012695	0.0872657299041748	fortress.qtornado.com
131040	0.29385900497436523	0.08753514289855957	fortress.qtornado.com
133056	0.29364562034606934	0.08666038513183594	fortress.qtornado.com
135072	0.29471564292907715	0.08788466453552246	fortress.qtornado.com
137088	0.29378414154052734	0.0881965160369873	fortress.qtornado.com
139104	0.29601573944091797	0.08749032020568848	fortress.qtornado.com
141120	0.296766996383667	0.08697700500488281	fortress.qtornado.com
143136	0.29377269744873047	0.08669734001159668	fortress.qtornado.com
145152	0.29578685760498047	0.08714604377746582	fortress.qtornado.com
147168	0.29374051094055176	0.08652281761169434	fortress.qtornado.com
149184	0.29590582847595215	0.08745622634887695	fortress.qtornado.com
151200	0.29546022415161133	0.08694124221801758	fortress.qtornado.com
153216	0.2967512607574463	0.08762431144714355	fortress.qtornado.com
155232	0.29615092277526855	0.08627152442932129	fortress.qtornado.com
157248	0.2939136028289795	0.08689451217651367	fortress.qtornado.com
159264	0.2940061092376709	0.0876915454864502	fortress.qtornado.com
161280	0.2936396598815918	0.08640551567077637	fortress.qtornado.com
163296	0.2938845157623291	0.08802485466003418	fortress.qtornado.com
165312	0.29425477981567383	0.08693218231201172	fortress.qtornado.com
167328	0.2932000160217285	0.0876314640045166	fortress.qtornado.com
169344	0.2937612533569336	0.0878443717956543	fortress.qtornado.com
171360	0.2942187786102295	0.08781099319458008	fortress.qtornado.com
173376	0.29517030715942383	0.08794355392456055	fortress.qtornado.com
175392	0.2946197986602783	0.08785867691040039	fortress.qtornado.com
177408	0.29491639137268066	0.08724069595336914	fortress.qtornado.com
179424	0.2938716411590576	0.08711433410644531	fortress.qtornado.com
181440	0.293595552444458	0.08709263801574707	fortress.qtornado.com
183456	0.29341816902160645	0.08765840530395508	fortress.qtornado.com
185472	0.42017078399658203	0.08648300170898438	fortress.qtornado.com
187488	0.2935001850128174	0.08676409721374512	fortress.qtornado.com
189504	0.29443907737731934	0.08691859245300293	fortress.qtornado.com
191520	0.29418015480041504	0.0865333080291748	fortress.qtornado.com
193536	0.29696178436279297	0.0869438648223877	fortress.qtornado.com
195552	0.2943134307861328	0.0898439884185791	fortress.qtornado.com
197568	0.295072078704834	0.08579182624816895	fortress.qtornado.com
199584	0.2968173027038574	0.0871272087097168	fortress.qtornado.com
201600	0.2954230308532715	0.08696579933166504	fortress.qtornado.com
203616	0.29618358612060547	0.08671045303344727	fortress.qtornado.com
205632	0.2940511703491211	0.08662033081054688	fortress.qtornado.com
207648	0.29831361770629883	0.08692193031311035	fortress.qtornado.com
209664	0.293795108795166	0.08686637878417969	fortress.qtornado.com
211680	0.3631923198699951	0.08694744110107422	fortress.qtornado.com
213696	0.2934443950653076	0.0864112377166748	fortress.qtornado.com
215712	0.29743027687072754	0.08704376220703125	fortress.qtornado.com
217728	0.2933509349822998	0.08632302284240723	fortress.qtornado.com
219744	0.29329562187194824	0.08662247657775879	fortress.qtornado.com
221760	0.2955467700958252	0.08721470832824707	fortress.qtornado.com
223776	0.3162088394165039	0.08746027946472168	fortress.qtornado.com
225792	0.29361891746520996	0.08719277381896973	fortress.qtornado.com
227808	0.2952456474304199	0.08801078796386719	fortress.qtornado.com
229824	0.2941257953643799	0.08740568161010742	fortress.qtornado.com
231840	0.3031470775604248	0.08749556541442871	fortress.qtornado.com
233856	0.29321718215942383	0.08739590644836426	fortress.qtornado.com
235872	0.29349851608276367	0.0882875919342041	fortress.qtornado.com
237888	0.29317450523376465	0.08637118339538574	fortress.qtornado.com
239904	1.5707643032073975	0.08752274513244629	fortress.qtornado.com
241920	0.29572081565856934	0.0888054370880127	fortress.qtornado.com
243936	0.2935831546783447	0.08987307548522949	fortress.qtornado.com
245952	0.29366374015808105	0.08874177932739258	fortress.qtornado.com
247968	0.2948117256164551	0.08899998664855957	fortress.qtornado.com
249984	0.29595088958740234	0.08792591094970703	fortress.qtornado.com
252000	0.29608678817749023	0.08830714225769043	fortress.qtornado.com
254016	0.2969825267791748	0.08797478675842285	fortress.qtornado.com
256032	0.3010988235473633	0.08852410316467285	fortress.qtornado.com
258048	0.29386305809020996	0.0878150463104248	fortress.qtornado.com
260064	0.29994726181030273	0.0877845287322998	fortress.qtornado.com
262080	0.29538559913635254	0.08805537223815918	fortress.qtornado.com
264096	0.29555320739746094	0.08751511573791504	fortress.qtornado.com
266112	0.2934434413909912	0.08736515045166016	fortress.qtornado.com
268128	0.29355478286743164	0.08820629119873047	fortress.qtornado.com
270144	0.2932732105255127	0.08746862411499023	fortress.qtornado.com
272160	0.2938547134399414	0.08792495727539062	fortress.qtornado.com
274176	0.29407572746276855	0.08688855171203613	fortress.qtornado.com
276192	0.29331183433532715	0.08667874336242676	fortress.qtornado.com
278208	0.2933778762817383	0.08685779571533203	fortress.qtornado.com
280224	0.29502248764038086	0.0881199836730957	fortress.qtornado.com
282240	0.2943403720855713	0.09091544151306152	fortress.qtornado.com
284256	0.2943708896636963	0.08867716789245605	fortress.qtornado.com
286272	0.2943532466888428	0.09003376960754395	fortress.qtornado.com
288288	0.29361939430236816	0.08865475654602051	fortress.qtornado.com
290304	0.29383111000061035	0.08822321891784668	fortress.qtornado.com
292320	0.2947709560394287	0.08930158615112305	fortress.qtornado.com
294336	0.2939949035644531	0.09052515029907227	fortress.qtornado.com
296352	0.2938976287841797	0.09080958366394043	fortress.qtornado.com
298368	0.29488039016723633	0.09017825126647949	fortress.qtornado.com
300384	0.30660438537597656	0.08899354934692383	fortress.qtornado.com
302400	0.29513072967529297	0.08887004852294922	fortress.qtornado.com
304416	0.29335975646972656	0.08952164649963379	fortress.qtornado.com
306432	0.2947561740875244	0.08977413177490234	fortress.qtornado.com
308448	0.2954387664794922	0.08886289596557617	fortress.qtornado.com
310464	0.29651904106140137	0.08927249908447266	fortress.qtornado.com
312480	0.30694103240966797	0.08933186531066895	fortress.qtornado.com
314496	0.303328275680542	0.08818387985229492	fortress.qtornado.com
316512	0.29498744010925293	0.0893251895904541	fortress.qtornado.com
318528	0.29500293731689453	0.08844757080078125	fortress.qtornado.com
320544	0.2938504219055176	0.08951973915100098	fortress.qtornado.com
322560	0.2944812774658203	0.08892631530761719	fortress.qtornado.com
324576	0.293595552444458	0.0885918140411377	fortress.qtornado.com
326592	0.293867826461792	0.08949780464172363	fortress.qtornado.com
328608	0.293506383895874	0.08864355087280273	fortress.qtornado.com
330624	0.29410719871520996	0.08905386924743652	fortress.qtornado.com
332640	0.29368019104003906	0.08910799026489258	fortress.qtornado.com
334656	0.2933964729309082	0.08906149864196777	fortress.qtornado.com
336672	0.2937009334564209	0.08937811851501465	fortress.qtornado.com
338688	0.29341793060302734	0.08924007415771484	fortress.qtornado.com
340704	0.29339098930358887	0.08866381645202637	fortress.qtornado.com
342720	0.293853759765625	0.08845853805541992	fortress.qtornado.com
344736	0.2934730052947998	0.08916854858398438	fortress.qtornado.com
346752	0.2936537265777588	0.0889739990234375	fortress.qtornado.com
348768	0.2935299873352051	0.0883488655090332	fortress.qtornado.com
350784	0.29345273971557617	0.08987617492675781	fortress.qtornado.com
352800	0.29446983337402344	0.08946752548217773	fortress.qtornado.com
354816	0.2939798831939697	0.08874034881591797	fortress.qtornado.com
356832	0.2933487892150879	0.08825397491455078	fortress.qtornado.com
358848	0.29448938369750977	0.08978724479675293	fortress.qtornado.com
360864	0.29502248764038086	0.089141845703125	fortress.qtornado.com
362880	0.29730796813964844	0.08896780014038086	fortress.qtornado.com
364896	0.2948601245880127	0.08938956260681152	fortress.qtornado.com
366912	0.295623779296875	0.08926224708557129	fortress.qtornado.com
368928	0.2958352565765381	0.08939146995544434	fortress.qtornado.com
370944	0.2946012020111084	0.08848237991333008	fortress.qtornado.com
372960	0.29537510871887207	0.09054970741271973	fortress.qtornado.com
374976	0.29694223403930664	0.08996129035949707	fortress.qtornado.com
376992	0.2942545413970947	0.08876848220825195	fortress.qtornado.com
379008	0.29558396339416504	0.08962464332580566	fortress.qtornado.com
381024	0.32574939727783203	0.08883047103881836	fortress.qtornado.com
383040	0.34127306938171387	0.08965587615966797	fortress.qtornado.com
385056	0.2935025691986084	0.0890953540802002	fortress.qtornado.com
387072	0.2933316230773926	0.08926939964294434	fortress.qtornado.com
389088	0.29338884353637695	0.08898377418518066	fortress.qtornado.com
391104	0.293337345123291	0.08865046501159668	fortress.qtornado.com
393120	0.2938392162322998	0.08859467506408691	fortress.qtornado.com
395136	0.2933199405670166	0.08889317512512207	fortress.qtornado.com
397152	0.29362964630126953	0.08914732933044434	fortress.qtornado.com
399168	0.2940540313720703	0.08967399597167969	fortress.qtornado.com
401184	0.29334473609924316	0.08896708488464355	fortress.qtornado.com
403200	0.29595208168029785	0.08874940872192383	fortress.qtornado.com
405216	0.29370546340942383	0.0894618034362793	fortress.qtornado.com
407232	0.2940516471862793	0.08878016471862793	fortress.qtornado.com
409248	0.2932016849517822	0.08996319770812988	fortress.qtornado.com
411264	0.2950730323791504	0.08959460258483887	fortress.qtornado.com
413280	0.2973203659057617	0.08785080909729004	fortress.qtornado.com
415296	0.2951788902282715	0.087799072265625	fortress.qtornado.com
417312	0.293720006942749	0.08765506744384766	fortress.qtornado.com
419328	0.2940642833709717	0.08880043029785156	fortress.qtornado.com
421344	0.2945871353149414	0.08910441398620605	fortress.qtornado.com
423360	0.2951505184173584	0.08792996406555176	fortress.qtornado.com
425376	0.29351329803466797	0.08834099769592285	fortress.qtornado.com
427392	0.29332828521728516	0.08842802047729492	fortress.qtornado.com
429408	0.3077230453491211	0.08965682983398438	fortress.qtornado.com
431424	0.29511094093322754	0.09191107749938965	fortress.qtornado.com
433440	0.29575109481811523	0.08888792991638184	fortress.qtornado.com
435456	0.3155512809753418	0.08866167068481445	fortress.qtornado.com
437472	0.2931995391845703	0.08971881866455078	fortress.qtornado.com
439488	0.2932286262512207	0.0883185863494873	fortress.qtornado.com
441504	0.29343724250793457	0.08903789520263672	fortress.qtornado.com
443520	0.29398202896118164	0.08826851844787598	fortress.qtornado.com
445536	0.29401469230651855	0.08949804306030273	fortress.qtornado.com
447552	0.29343199729919434	0.08862686157226562	fortress.qtornado.com
449568	0.2933192253112793	0.08889341354370117	fortress.qtornado.com
451584	0.2933084964752197	0.08917617797851562	fortress.qtornado.com
453600	0.2939915657043457	0.08811330795288086	fortress.qtornado.com
455616	0.2936067581176758	0.090240478515625	fortress.qtornado.com
457632	0.2938053607940674	0.09000945091247559	fortress.qtornado.com
459648	0.2934105396270752	0.0888521671295166	fortress.qtornado.com
461664	0.2934107780456543	0.088531494140625	fortress.qtornado.com
463680	0.2942197322845459	0.08770346641540527	fortress.qtornado.com
465696	0.2933528423309326	0.08816146850585938	fortress.qtornado.com
467712	0.293853759765625	0.08948874473571777	fortress.qtornado.com
469728	0.2942466735839844	0.08978271484375	fortress.qtornado.com
471744	0.2951834201812744	0.08846259117126465	fortress.qtornado.com
473760	0.2974088191986084	0.08844661712646484	fortress.qtornado.com
475776	0.2963380813598633	0.08905601501464844	fortress.qtornado.com
477792	0.2984340190887451	0.09228849411010742	fortress.qtornado.com
479808	0.29541802406311035	0.08901166915893555	fortress.qtornado.com
481824	0.29630565643310547	0.08892464637756348	fortress.qtornado.com
483840	0.2949044704437256	0.0885324478149414	fortress.qtornado.com
485856	0.297821044921875	0.0906221866607666	fortress.qtornado.com
487872	0.294757604598999	0.09016871452331543	fortress.qtornado.com
489888	0.2938077449798584	0.09024429321289062	fortress.qtornado.com
491904	0.36060118675231934	0.08918571472167969	fortress.qtornado.com
493920	0.30058836936950684	0.09079670906066895	fortress.qtornado.com
495936	0.29338598251342773	0.09041857719421387	fortress.qtornado.com
497952	0.2935214042663574	0.09033989906311035	fortress.qtornado.com
499968	0.293398380279541	0.08939886093139648	fortress.qtornado.com
501984	0.2934081554412842	0.08986806869506836	fortress.qtornado.com
504000	0.29393887519836426	0.0897822380065918	fortress.qtornado.com
506016	0.2935335636138916	0.08989405632019043	fortress.qtornado.com
508032	0.29342126846313477	0.09009075164794922	fortress.qtornado.com
510048	0.2934603691101074	0.08980894088745117	fortress.qtornado.com
512064	0.293914794921875	0.09070897102355957	fortress.qtornado.com
514080	0.3483881950378418	0.09005951881408691	fortress.qtornado.com
516096	0.2935302257537842	0.08872818946838379	fortress.qtornado.com
518112	0.2934455871582031	0.09002923965454102	fortress.qtornado.com
520128	0.29346394538879395	0.0892496109008789	fortress.qtornado.com
522144	0.2945079803466797	0.08818697929382324	fortress.qtornado.com
524160	0.30416297912597656	0.08988142013549805	fortress.qtornado.com
526176	0.2983582019805908	0.08909177780151367	fortress.qtornado.com
528192	0.29637765884399414	0.08920717239379883	fortress.qtornado.com
530208	0.2971618175506592	0.0900869369506836	fortress.qtornado.com
532224	0.2946317195892334	0.089447021484375	fortress.qtornado.com
534240	0.2961587905883789	0.08893752098083496	fortress.qtornado.com
536256	0.29458093643188477	0.09133386611938477	fortress.qtornado.com
538272	0.2944223880767822	0.09093594551086426	fortress.qtornado.com
540288	0.2960488796234131	0.09013867378234863	fortress.qtornado.com
542304	0.2955615520477295	0.09133648872375488	fortress.qtornado.com
544320	0.2936899662017822	0.08954882621765137	fortress.qtornado.com
546336	0.2937908172607422	0.08889913558959961	fortress.qtornado.com
548352	0.29331040382385254	0.0895085334777832	fortress.qtornado.com
550368	0.2938551902770996	0.09010577201843262	fortress.qtornado.com
552384	0.29343652725219727	0.08933281898498535	fortress.qtornado.com
554400	0.2941915988922119	0.08972811698913574	fortress.qtornado.com
556416	0.30612707138061523	0.08948159217834473	fortress.qtornado.com
558432	0.29357290267944336	0.08901405334472656	fortress.qtornado.com
560448	0.2942836284637451	0.0893087387084961	fortress.qtornado.com
562464	0.2935793399810791	0.09009313583374023	fortress.qtornado.com
564480	0.2947249412536621	0.08921217918395996	fortress.qtornado.com
566496	0.29491424560546875	0.08992624282836914	fortress.qtornado.com
568512	0.2933964729309082	0.08943057060241699	fortress.qtornado.com
570528	0.2935469150543213	0.08960914611816406	fortress.qtornado.com
572544	0.29337334632873535	0.08939480781555176	fortress.qtornado.com
574560	0.3069024085998535	0.0899503231048584	fortress.qtornado.com
576576	0.31036806106567383	0.09053635597229004	fortress.qtornado.com
578592	0.29339599609375	0.08907318115234375	fortress.qtornado.com
580608	0.2999837398529053	0.08999061584472656	fortress.qtornado.com
582624	0.2933955192565918	0.08992433547973633	fortress.qtornado.com
584640	0.2946937084197998	0.09013152122497559	fortress.qtornado.com
586656	0.3581204414367676	0.09051275253295898	fortress.qtornado.com
588672	0.2935984134674072	0.09004521369934082	fortress.qtornado.com
590688	0.29372310638427734	0.08991551399230957	fortress.qtornado.com
592704	0.2933974266052246	0.08984708786010742	fortress.qtornado.com
594720	0.29334497451782227	0.08850288391113281	fortress.qtornado.com
596736	0.3455483913421631	0.08958292007446289	fortress.qtornado.com
598752	0.2936675548553467	0.08879709243774414	fortress.qtornado.com
600768	0.29383063316345215	0.08940577507019043	fortress.qtornado.com
602784	0.29456138610839844	0.08928680419921875	fortress.qtornado.com
604800	0.2935187816619873	0.08856797218322754	fortress.qtornado.com
606816	1.278254508972168	0.08769440650939941	fortress.qtornado.com
608832	0.29346346855163574	0.08979463577270508	fortress.qtornado.com
610848	0.29411888122558594	0.08941817283630371	fortress.qtornado.com
612864	0.29395413398742676	0.0886237621307373	fortress.qtornado.com
614880	0.2935521602630615	0.08874297142028809	fortress.qtornado.com
616896	0.29327392578125	0.08814001083374023	fortress.qtornado.com
618912	0.2933616638183594	0.09028458595275879	fortress.qtornado.com
620928	0.2933967113494873	0.08940768241882324	fortress.qtornado.com
622944	0.2980637550354004	0.08964276313781738	fortress.qtornado.com
624960	0.2942781448364258	0.08904337882995605	fortress.qtornado.com
626976	0.2933475971221924	0.09070277214050293	fortress.qtornado.com
628992	0.2933530807495117	0.09003520011901855	fortress.qtornado.com
631008	0.29445672035217285	0.09041976928710938	fortress.qtornado.com
633024	0.2934601306915283	0.08919525146484375	fortress.qtornado.com
635040	0.29328417778015137	0.09122490882873535	fortress.qtornado.com
637056	0.2933039665222168	0.08940720558166504	fortress.qtornado.com
639072	0.2931630611419678	0.08832788467407227	fortress.qtornado.com
641088	0.2935011386871338	0.08880257606506348	fortress.qtornado.com
643104	0.2975592613220215	0.09134364128112793	fortress.qtornado.com
645120	0.2935054302215576	0.09177517890930176	fortress.qtornado.com
647136	0.293285608291626	0.09047269821166992	fortress.qtornado.com
649152	0.29335689544677734	0.09089422225952148	fortress.qtornado.com
651168	0.29329633712768555	0.09115743637084961	fortress.qtornado.com
653184	0.29337263107299805	0.0890505313873291	fortress.qtornado.com
655200	0.29337573051452637	0.09340238571166992	fortress.qtornado.com
657216	0.2914266586303711	0.0563654899597168	fortress.qtornado.com
