1	1.7402334213256836	0.08701229095458984	e2.keff.org
2017	1.9807064533233643	0.08607745170593262	electrum.emzy.de
4032	3.5283141136169434	0.08944129943847656	electrum.emzy.de
6048	3.5739567279815674	0.0875556468963623	electrum.emzy.de
8064	3.6233084201812744	0.08769392967224121	electrum.emzy.de
10080	3.6805918216705322	0.08853936195373535	electrum.emzy.de
12096	3.726194143295288	0.08575630187988281	electrum.emzy.de
14112	3.772277355194092	0.0873868465423584	electrum.emzy.de
16128	3.8192389011383057	0.08768558502197266	electrum.emzy.de
18144	3.86891770362854	0.08697772026062012	electrum.emzy.de
20160	3.9085910320281982	0.08677458763122559	electrum.emzy.de
22176	4.004358768463135	0.08562564849853516	electrum.emzy.de
24192	4.011260032653809	0.086090087890625	electrum.emzy.de
26208	4.063796043395996	0.08755826950073242	electrum.emzy.de
28224	4.112092018127441	0.08613729476928711	electrum.emzy.de
30240	4.165429353713989	0.08624505996704102	electrum.emzy.de
32256	4.217807054519653	0.08792495727539062	electrum.emzy.de
34272	11.403873920440674	0.08611845970153809	electrum.emzy.de
36288	4.359643936157227	0.08667492866516113	electrum.emzy.de
38304	4.4007954597473145	0.08661842346191406	electrum.emzy.de
40320	4.489262819290161	0.0861659049987793	electrum.emzy.de
42337	4.015477180480957	0.08734846115112305	electrum.qtornado.com
44352	1.6114699840545654	0.08698773384094238	electrum.qtornado.com
46368	1.289905071258545	0.08720660209655762	electrum.qtornado.com
48384	1.127267837524414	0.08890318870544434	electrum.qtornado.com
50400	0.9505677223205566	0.0861821174621582	electrum.qtornado.com
52416	0.6686990261077881	0.08735013008117676	electrum.qtornado.com
54432	0.6183555126190186	0.0867774486541748	electrum.qtornado.com
56448	0.6167142391204834	0.08657050132751465	electrum.qtornado.com
58464	0.6116313934326172	0.08642721176147461	electrum.qtornado.com
60480	0.5808112621307373	0.08781719207763672	electrum.qtornado.com
62496	0.6924037933349609	0.08683013916015625	electrum.qtornado.com
64512	0.6127290725708008	0.08776378631591797	electrum.qtornado.com
66528	0.604168176651001	0.08726143836975098	electrum.qtornado.com
68544	0.6073381900787354	0.0854032039642334	electrum.qtornado.com
70560	0.6014976501464844	0.08624863624572754	electrum.qtornado.com
72576	0.6009652614593506	0.08901810646057129	electrum.qtornado.com
74592	0.5872101783752441	0.08856725692749023	electrum.qtornado.com
76608	0.5733516216278076	0.08765125274658203	electrum.qtornado.com
78624	0.6733400821685791	0.08789563179016113	electrum.qtornado.com
80640	0.6174840927124023	0.08598160743713379	electrum.qtornado.com
82656	0.6022484302520752	0.09015917778015137	electrum.qtornado.com
84672	0.6592183113098145	0.09235429763793945	electrum.qtornado.com
86688	0.6604595184326172	0.08652091026306152	electrum.qtornado.com
88704	0.6886944770812988	0.08741474151611328	electrum.qtornado.com
90720	0.6214504241943359	0.08838081359863281	electrum.qtornado.com
92736	0.9198863506317139	0.08758687973022461	electrum.qtornado.com
94752	0.8842451572418213	0.08779358863830566	electrum.qtornado.com
96768	0.6459848880767822	0.08742451667785645	electrum.qtornado.com
98784	0.6540787220001221	0.08620119094848633	electrum.qtornado.com
100800	0.6606285572052002	0.08775687217712402	electrum.qtornado.com
102816	0.6573078632354736	0.08722496032714844	electrum.qtornado.com
104832	0.6462428569793701	0.08740782737731934	electrum.qtornado.com
106848	0.6411447525024414	0.0873408317565918	electrum.qtornado.com
108864	0.6557819843292236	0.0864872932434082	electrum.qtornado.com
110880	0.6935434341430664	0.08902883529663086	electrum.qtornado.com
112896	0.65677809715271	0.08749699592590332	electrum.qtornado.com
114912	0.9072773456573486	0.08802556991577148	electrum.qtornado.com
116928	0.8986008167266846	0.08805108070373535	electrum.qtornado.com
118944	0.9234206676483154	0.08844494819641113	electrum.qtornado.com
120960	0.6367330551147461	0.08805346488952637	electrum.qtornado.com
122976	0.6599206924438477	0.08849811553955078	electrum.qtornado.com
124992	0.6371448040008545	0.0869753360748291	electrum.qtornado.com
127008	0.649893045425415	0.08803963661193848	electrum.qtornado.com
129024	0.64422607421875	0.08820295333862305	electrum.qtornado.com
131040	0.6364891529083252	0.08721160888671875	electrum.qtornado.com
133056	0.6375610828399658	0.08707070350646973	electrum.qtornado.com
135072	0.6369900703430176	0.08722519874572754	electrum.qtornado.com
137088	0.6465113162994385	0.08726763725280762	electrum.qtornado.com
139104	0.6724710464477539	0.08800339698791504	electrum.qtornado.com
141120	0.6545875072479248	0.08778262138366699	electrum.qtornado.com
143136	0.6386091709136963	0.08729863166809082	electrum.qtornado.com
145152	0.6294384002685547	0.0877995491027832	electrum.qtornado.com
147168	0.6399643421173096	0.08771896362304688	electrum.qtornado.com
149184	0.6390159130096436	0.0878133773803711	electrum.qtornado.com
151200	0.6446382999420166	0.08885717391967773	electrum.qtornado.com
153216	0.6295757293701172	0.08664131164550781	electrum.qtornado.com
155232	0.6406817436218262	0.0873253345489502	electrum.qtornado.com
157248	0.6341907978057861	0.08745193481445312	electrum.qtornado.com
159264	0.8723406791687012	0.08814287185668945	electrum.qtornado.com
161280	0.6793873310089111	0.0877065658569336	electrum.qtornado.com
163296	0.6359372138977051	0.0887603759765625	electrum.qtornado.com
165312	0.6309571266174316	0.08730864524841309	electrum.qtornado.com
167328	0.6224339008331299	0.08728885650634766	electrum.qtornado.com
169344	0.6330606937408447	0.0868690013885498	electrum.qtornado.com
171360	0.6299653053283691	0.08733677864074707	electrum.qtornado.com
173376	0.6246488094329834	0.08796334266662598	electrum.qtornado.com
175392	0.6335322856903076	0.08752179145812988	electrum.qtornado.com
177408	0.6570651531219482	0.08640837669372559	electrum.qtornado.com
179424	0.8995881080627441	0.08899283409118652	electrum.qtornado.com
181440	0.6262743473052979	0.08618688583374023	electrum.qtornado.com
183456	0.6304571628570557	0.08653950691223145	electrum.qtornado.com
185472	0.6454973220825195	0.0863504409790039	electrum.qtornado.com
187488	0.6615767478942871	0.08689045906066895	electrum.qtornado.com
189504	0.8968441486358643	0.08697009086608887	electrum.qtornado.com
191520	0.8880078792572021	0.0867757797241211	electrum.qtornado.com
193536	0.64316725730896	0.0870826244354248	electrum.qtornado.com
195552	0.649355411529541	0.08781886100769043	electrum.qtornado.com
197568	0.6373538970947266	0.08843088150024414	electrum.qtornado.com
199584	0.6429524421691895	0.08829498291015625	electrum.qtornado.com
201600	0.6820745468139648	0.08859109878540039	electrum.qtornado.com
203616	0.7028200626373291	0.08865141868591309	electrum.qtornado.com
205632	0.6362476348876953	0.08858633041381836	electrum.qtornado.com
207648	0.6417789459228516	0.08845257759094238	electrum.qtornado.com
209664	0.652909517288208	0.08832144737243652	electrum.qtornado.com
211680	0.6421959400177002	0.08871793746948242	electrum.qtornado.com
213696	0.6547138690948486	0.08721637725830078	electrum.qtornado.com
215712	0.6368916034698486	0.08905029296875	electrum.qtornado.com
217728	1.1430623531341553	0.08855104446411133	electrum.qtornado.com
219744	0.6564450263977051	0.0884552001953125	electrum.qtornado.com
221760	0.6527299880981445	0.08855867385864258	electrum.qtornado.com
223776	0.629126787185669	0.08807802200317383	electrum.qtornado.com
225792	0.6166131496429443	0.08801913261413574	electrum.qtornado.com
227808	0.6252017021179199	0.0876617431640625	electrum.qtornado.com
229824	0.6425042152404785	0.08811569213867188	electrum.qtornado.com
231840	0.6225719451904297	0.08876824378967285	electrum.qtornado.com
233856	0.6034126281738281	0.08857488632202148	electrum.qtornado.com
235872	0.6066079139709473	0.08823752403259277	electrum.qtornado.com
237888	0.7720985412597656	0.08845925331115723	electrum.qtornado.com
239904	0.6216602325439453	0.0888054370880127	electrum.qtornado.com
241920	0.6325383186340332	0.08992218971252441	electrum.qtornado.com
243936	0.621842622756958	0.09034919738769531	electrum.qtornado.com
245952	0.6179728507995605	0.08938741683959961	electrum.qtornado.com
247968	0.6694889068603516	0.09041810035705566	electrum.qtornado.com
249984	0.6528100967407227	0.08848142623901367	electrum.qtornado.com
252000	0.6220121383666992	0.08810114860534668	electrum.qtornado.com
254016	0.6287596225738525	0.08870792388916016	electrum.qtornado.com
256032	0.6248641014099121	0.08918476104736328	electrum.qtornado.com
258048	0.6350176334381104	0.08829045295715332	electrum.qtornado.com
260064	0.6280655860900879	0.08880758285522461	electrum.qtornado.com
262080	0.6189475059509277	0.08870410919189453	electrum.qtornado.com
264096	0.6169297695159912	0.08858561515808105	electrum.qtornado.com
266112	3.564997911453247	0.08728671073913574	electrum.qtornado.com
268128	0.6332716941833496	0.08832216262817383	electrum.qtornado.com
270144	0.624176025390625	0.08962869644165039	electrum.qtornado.com
272160	0.6177835464477539	0.08803582191467285	electrum.qtornado.com
274176	0.6273255348205566	0.08900070190429688	electrum.qtornado.com
276192	0.620760440826416	0.08790993690490723	electrum.qtornado.com
278208	0.640028715133667	0.08841776847839355	electrum.qtornado.com
280224	0.6457710266113281	0.0880591869354248	electrum.qtornado.com
282240	0.6647124290466309	0.08688569068908691	electrum.qtornado.com
284256	0.6531374454498291	0.08669900894165039	electrum.qtornado.com
286272	0.8814170360565186	0.0890192985534668	electrum.qtornado.com
288288	0.6516287326812744	0.08769845962524414	electrum.qtornado.com
290304	0.6404047012329102	0.08841753005981445	electrum.qtornado.com
292320	0.6309390068054199	0.08844733238220215	electrum.qtornado.com
294336	0.641477108001709	0.0888221263885498	electrum.qtornado.com
296352	0.8846249580383301	0.08840036392211914	electrum.qtornado.com
298368	0.6493101119995117	0.08879232406616211	electrum.qtornado.com
300384	0.6362130641937256	0.08792471885681152	electrum.qtornado.com
302400	0.6357367038726807	0.08709168434143066	electrum.qtornado.com
304416	0.6287634372711182	0.08676362037658691	electrum.qtornado.com
306432	0.644263744354248	0.08823394775390625	electrum.qtornado.com
308448	0.6289894580841064	0.0874629020690918	electrum.qtornado.com
310464	0.910367488861084	0.08732962608337402	electrum.qtornado.com
312480	0.8737025260925293	0.08871984481811523	electrum.qtornado.com
314496	0.6345980167388916	0.08939647674560547	electrum.qtornado.com
316512	0.636662483215332	0.0888676643371582	electrum.qtornado.com
318528	0.6288802623748779	0.08944892883300781	electrum.qtornado.com
320544	0.632498025894165	0.08963203430175781	electrum.qtornado.com
322560	0.6366822719573975	0.08886885643005371	electrum.qtornado.com
324576	0.627500057220459	0.08920049667358398	electrum.qtornado.com
326592	0.6278612613677979	0.08833956718444824	electrum.qtornado.com
328608	0.6438965797424316	0.08878087997436523	electrum.qtornado.com
330624	0.6474545001983643	0.08943748474121094	electrum.qtornado.com
332640	0.6428534984588623	0.0894463062286377	electrum.qtornado.com
334656	0.6380531787872314	0.09463119506835938	electrum.qtornado.com
336672	0.6510903835296631	0.08893918991088867	electrum.qtornado.com
338688	0.6299848556518555	0.08874273300170898	electrum.qtornado.com
340704	0.6429784297943115	0.0883781909942627	electrum.qtornado.com
342720	0.6453847885131836	0.08811736106872559	electrum.qtornado.com
344736	0.6516129970550537	0.08862614631652832	electrum.qtornado.com
346752	0.6603729724884033	0.08825421333312988	electrum.qtornado.com
348768	0.6540317535400391	0.08850717544555664	electrum.qtornado.com
350784	0.6260154247283936	0.08813309669494629	electrum.qtornado.com
352800	0.7269566059112549	0.09047985076904297	electrum.qtornado.com
354816	0.6893587112426758	0.09096360206604004	electrum.qtornado.com
356832	0.6550784111022949	0.08854007720947266	electrum.qtornado.com
358848	0.7046675682067871	0.1018376350402832	electrum.qtornado.com
360864	0.637352466583252	0.08713150024414062	electrum.qtornado.com
362880	0.6661615371704102	0.08827519416809082	electrum.qtornado.com
364896	0.659827470779419	0.08971405029296875	electrum.qtornado.com
366912	0.6919205188751221	0.08840680122375488	electrum.qtornado.com
368928	0.6504313945770264	0.0894308090209961	electrum.qtornado.com
370944	0.6390738487243652	0.08925867080688477	electrum.qtornado.com
372960	0.6301984786987305	0.08908915519714355	electrum.qtornado.com
374976	0.6769404411315918	0.08890032768249512	electrum.qtornado.com
376992	0.6542215347290039	0.0878438949584961	electrum.qtornado.com
379008	0.6626408100128174	0.08913540840148926	electrum.qtornado.com
381024	0.650338888168335	0.0881490707397461	electrum.qtornado.com
383040	0.652867317199707	0.08805036544799805	electrum.qtornado.com
385056	0.6386528015136719	0.09052753448486328	electrum.qtornado.com
387072	0.64151930809021	0.08850717544555664	electrum.qtornado.com
389088	0.6371574401855469	0.08742594718933105	electrum.qtornado.com
391104	0.660161018371582	0.08807182312011719	electrum.qtornado.com
393120	0.6171507835388184	0.08791375160217285	electrum.qtornado.com
395136	0.6536762714385986	0.08921384811401367	electrum.qtornado.com
397152	0.6285147666931152	0.08872175216674805	electrum.qtornado.com
399168	0.6712865829467773	0.0884239673614502	electrum.qtornado.com
401184	0.6580889225006104	0.08818340301513672	electrum.qtornado.com
403200	0.9029340744018555	0.08843088150024414	electrum.qtornado.com
405216	0.6517915725708008	0.08852863311767578	electrum.qtornado.com
407232	0.6361534595489502	0.0875864028930664	electrum.qtornado.com
409248	0.631350040435791	0.08905792236328125	electrum.qtornado.com
411264	0.6377525329589844	0.08800816535949707	electrum.qtornado.com
413280	0.6370687484741211	0.08789658546447754	electrum.qtornado.com
415296	0.6358931064605713	0.08817315101623535	electrum.qtornado.com
417312	0.6389319896697998	0.08786535263061523	electrum.qtornado.com
419328	0.6316187381744385	0.08836221694946289	electrum.qtornado.com
421344	0.6256403923034668	0.08799958229064941	electrum.qtornado.com
423360	0.6319670677185059	0.08916234970092773	electrum.qtornado.com
425376	0.6499514579772949	0.08778738975524902	electrum.qtornado.com
427392	0.6269645690917969	0.0876164436340332	electrum.qtornado.com
429408	0.6446471214294434	0.08774852752685547	electrum.qtornado.com
431424	0.6350095272064209	0.08837318420410156	electrum.qtornado.com
433440	0.6308846473693848	0.08852791786193848	electrum.qtornado.com
435456	0.6300621032714844	0.08652138710021973	electrum.qtornado.com
437472	0.6281461715698242	0.08953094482421875	electrum.qtornado.com
439488	0.611255407333374	0.0874178409576416	electrum.qtornado.com
441504	0.6149787902832031	0.08845210075378418	electrum.qtornado.com
443520	0.6236650943756104	0.08838415145874023	electrum.qtornado.com
445536	0.6248323917388916	0.0876913070678711	electrum.qtornado.com
447552	0.6214098930358887	0.08829712867736816	electrum.qtornado.com
449568	0.6626074314117432	0.08812904357910156	electrum.qtornado.com
451584	0.6390018463134766	0.08767104148864746	electrum.qtornado.com
453600	0.6484622955322266	0.0889444351196289	electrum.qtornado.com
455616	0.6328606605529785	0.0887610912322998	electrum.qtornado.com
457632	0.6280291080474854	0.08817124366760254	electrum.qtornado.com
459648	0.6157631874084473	0.08872723579406738	electrum.qtornado.com
461664	0.6239237785339355	0.08881473541259766	electrum.qtornado.com
463680	0.6228094100952148	0.08813881874084473	electrum.qtornado.com
465696	0.6121149063110352	0.0895071029663086	electrum.qtornado.com
467712	0.6175954341888428	0.08852124214172363	electrum.qtornado.com
469728	0.6220273971557617	0.08831930160522461	electrum.qtornado.com
471744	0.6255180835723877	0.0891265869140625	electrum.qtornado.com
473760	0.6178255081176758	0.08775877952575684	electrum.qtornado.com
475776	0.6102039813995361	0.08753681182861328	electrum.qtornado.com
477792	0.6252720355987549	0.08870625495910645	electrum.qtornado.com
479808	0.6213278770446777	0.08707070350646973	electrum.qtornado.com
481824	0.6331977844238281	0.08790016174316406	electrum.qtornado.com
483840	0.6294870376586914	0.08821797370910645	electrum.qtornado.com
485856	0.6286735534667969	0.08886265754699707	electrum.qtornado.com
487872	0.6583383083343506	0.08874821662902832	electrum.qtornado.com
489888	0.6405491828918457	0.08830642700195312	electrum.qtornado.com
491904	0.6241121292114258	0.0884847640991211	electrum.qtornado.com
493920	0.6293380260467529	0.08841061592102051	electrum.qtornado.com
495936	0.6178567409515381	0.08896636962890625	electrum.qtornado.com
497952	0.6309006214141846	0.08906674385070801	electrum.qtornado.com
499968	0.6250176429748535	0.0893852710723877	electrum.qtornado.com
501984	0.6550850868225098	0.08875799179077148	electrum.qtornado.com
504000	0.6577308177947998	0.08797430992126465	electrum.qtornado.com
506016	3.7161645889282227	0.0874166488647461	electrum.qtornado.com
508032	0.6311318874359131	0.08840465545654297	electrum.qtornado.com
510048	0.6217617988586426	0.08820557594299316	electrum.qtornado.com
512064	0.6446375846862793	0.09042000770568848	electrum.qtornado.com
514080	0.6295592784881592	0.08834171295166016	electrum.qtornado.com
516096	0.7337794303894043	0.09040713310241699	electrum.qtornado.com
518112	0.8853819370269775	0.08867359161376953	electrum.qtornado.com
520128	0.6775567531585693	0.08782267570495605	electrum.qtornado.com
522144	0.6531021595001221	0.08845782279968262	electrum.qtornado.com
524160	0.7229065895080566	0.08845734596252441	electrum.qtornado.com
526176	0.9109077453613281	0.08843111991882324	electrum.qtornado.com
528192	0.8862721920013428	0.08799314498901367	electrum.qtornado.com
530208	0.8917081356048584	0.08889293670654297	electrum.qtornado.com
532224	0.8819808959960938	0.08819580078125	electrum.qtornado.com
534240	0.8799901008605957	0.0886697769165039	electrum.qtornado.com
536256	0.8885681629180908	0.08883047103881836	electrum.qtornado.com
538272	0.8861091136932373	0.08938193321228027	electrum.qtornado.com
540288	0.8827929496765137	0.08909797668457031	electrum.qtornado.com
542304	0.8858828544616699	0.08791089057922363	electrum.qtornado.com
544320	0.8741788864135742	0.08798480033874512	electrum.qtornado.com
546336	0.6389479637145996	0.08830618858337402	electrum.qtornado.com
548352	0.6523604393005371	0.08875179290771484	electrum.qtornado.com
550368	0.64013671875	0.08852219581604004	electrum.qtornado.com
552384	0.6516597270965576	0.08767080307006836	electrum.qtornado.com
554400	0.6187856197357178	0.08841943740844727	electrum.qtornado.com
556416	0.6304976940155029	0.08920407295227051	electrum.qtornado.com
558432	0.6231622695922852	0.08871817588806152	electrum.qtornado.com
560448	0.6138193607330322	0.08837676048278809	electrum.qtornado.com
562464	0.6209793090820312	0.08911538124084473	electrum.qtornado.com
564480	0.6047191619873047	0.08771991729736328	electrum.qtornado.com
566496	0.5969090461730957	0.08848786354064941	electrum.qtornado.com
568512	0.6649210453033447	0.0884859561920166	electrum.qtornado.com
570528	0.6171598434448242	0.08804965019226074	electrum.qtornado.com
572544	0.6024613380432129	0.08825278282165527	electrum.qtornado.com
574560	0.7590670585632324	0.08754611015319824	electrum.qtornado.com
576576	0.6282370090484619	0.09263300895690918	electrum.qtornado.com
578592	0.631974458694458	0.08907651901245117	electrum.qtornado.com
580608	0.6383659839630127	0.08884668350219727	electrum.qtornado.com
582624	0.6349987983703613	0.08869671821594238	electrum.qtornado.com
584640	0.6275739669799805	0.0878293514251709	electrum.qtornado.com
586656	0.6167151927947998	0.08831071853637695	electrum.qtornado.com
588672	0.6405775547027588	0.08752870559692383	electrum.qtornado.com
590688	0.6534826755523682	0.08850455284118652	electrum.qtornado.com
592704	0.6512422561645508	0.17601299285888672	electrum.qtornado.com
594720	0.6358304023742676	0.17853641510009766	electrum.qtornado.com
