1	2.3216264247894287	0.08994197845458984	orannis.com
2016	0.625873327255249	0.0906515121459961	orannis.com
4032	0.29699230194091797	0.08997344970703125	orannis.com
6048	0.2949662208557129	0.09071898460388184	orannis.com
8064	0.2974839210510254	0.09010648727416992	orannis.com
10080	0.29526567459106445	0.09027767181396484	orannis.com
12096	0.29668498039245605	0.09005856513977051	orannis.com
14112	0.2978026866912842	0.08977508544921875	orannis.com
16128	0.29696106910705566	0.0895392894744873	orannis.com
18144	0.2955601215362549	0.0889432430267334	orannis.com
20160	0.29449915885925293	0.08957409858703613	orannis.com
22176	0.29676246643066406	0.0876917839050293	orannis.com
24192	0.2959108352661133	0.18390631675720215	orannis.com
26208	0.2945871353149414	0.09026169776916504	orannis.com
28224	0.3043069839477539	0.08974099159240723	orannis.com
30240	0.2956807613372803	0.08979201316833496	orannis.com
32256	0.29452967643737793	0.09058332443237305	orannis.com
34272	1.9951801300048828	0.09254240989685059	orannis.com
36288	0.29665184020996094	0.08966660499572754	orannis.com
38304	0.29546356201171875	0.08943057060241699	orannis.com
40320	0.2950923442840576	0.08722519874572754	orannis.com
42336	0.29483914375305176	0.08734798431396484	orannis.com
44352	0.2955818176269531	0.0889883041381836	orannis.com
46368	0.29697108268737793	0.08945322036743164	orannis.com
48384	0.2979617118835449	0.08948230743408203	orannis.com
50401	0.9009799957275391	0.08890819549560547	orannis.com
52416	3.1894967555999756	0.09016561508178711	orannis.com
54432	3.2630231380462646	0.08740973472595215	orannis.com
56449	1.3725335597991943	0.08931303024291992	orannis.com
58464	0.5770359039306641	0.0895378589630127	orannis.com
60480	0.370450496673584	0.08907842636108398	orannis.com
62496	0.35207343101501465	0.08893632888793945	orannis.com
64512	0.34925270080566406	0.08985257148742676	orannis.com
66528	0.3496565818786621	0.08855843544006348	orannis.com
68544	0.3531632423400879	0.08863210678100586	orannis.com
70560	0.3482487201690674	0.08831167221069336	orannis.com
72576	0.35132765769958496	0.09013962745666504	orannis.com
74592	0.3481481075286865	0.09074592590332031	orannis.com
76608	0.35010743141174316	0.08797526359558105	orannis.com
78624	0.3560159206390381	0.08748030662536621	orannis.com
80640	0.34522581100463867	0.08803439140319824	orannis.com
82656	0.3496415615081787	0.08751821517944336	orannis.com
84672	0.346468448638916	0.08912873268127441	orannis.com
86688	0.35268306732177734	0.08772706985473633	orannis.com
88704	0.34836626052856445	0.08687162399291992	orannis.com
90720	0.9597606658935547	0.0895240306854248	orannis.com
92736	0.39070677757263184	0.089630126953125	orannis.com
94752	0.3525066375732422	0.08936762809753418	orannis.com
96768	0.3541860580444336	0.08901429176330566	orannis.com
98784	0.3456234931945801	0.09011054039001465	orannis.com
100800	0.34963059425354004	0.08738064765930176	orannis.com
102816	0.34717798233032227	0.08959436416625977	orannis.com
104832	0.3525400161743164	0.08930230140686035	orannis.com
106848	0.35080981254577637	0.08819913864135742	orannis.com
108865	0.9237947463989258	0.09075236320495605	orannis.com
110881	1.656935214996338	0.09130978584289551	orannis.com
112896	1.0863759517669678	0.08785486221313477	orannis.com
114912	1.099560022354126	0.09078240394592285	orannis.com
116928	1.128105878829956	0.0924828052520752	orannis.com
118944	1.1718823909759521	0.0884089469909668	orannis.com
120960	1.2131946086883545	0.08981108665466309	orannis.com
122976	1.4958927631378174	0.08948111534118652	orannis.com
124992	1.5281102657318115	0.0898139476776123	orannis.com
127008	1.5633912086486816	0.08959507942199707	orannis.com
129024	1.6014792919158936	0.09070301055908203	orannis.com
131040	1.6364519596099854	0.0902411937713623	orannis.com
133056	1.6678531169891357	0.09142065048217773	orannis.com
135072	1.7051286697387695	0.08912277221679688	orannis.com
137088	1.8040030002593994	0.08966517448425293	orannis.com
139104	1.7751219272613525	0.08747982978820801	orannis.com
141120	1.8110144138336182	0.08921074867248535	orannis.com
143136	1.8433797359466553	0.0894021987915039	orannis.com
145152	1.8928194046020508	0.08912086486816406	orannis.com
147168	2.1932709217071533	0.08981156349182129	orannis.com
149184	2.2306904792785645	0.09006166458129883	orannis.com
151200	2.2679409980773926	0.0890350341796875	orannis.com
153216	2.3054399490356445	0.08955979347229004	orannis.com
155232	2.340846538543701	0.08954167366027832	orannis.com
157248	2.42598032951355	0.08926987648010254	orannis.com
159264	2.410940647125244	0.08910846710205078	orannis.com
161280	2.4489989280700684	0.09007024765014648	orannis.com
163296	2.493508815765381	0.08842349052429199	orannis.com
165312	2.5401482582092285	0.08977937698364258	orannis.com
167328	2.5675532817840576	0.08798003196716309	orannis.com
169344	2.6100754737854004	0.0906212329864502	orannis.com
171360	2.663074016571045	0.08952784538269043	orannis.com
173376	2.9584484100341797	0.08969950675964355	orannis.com
175392	3.0179648399353027	0.09259271621704102	ecdsa.net
177408	3.036208152770996	0.0911550521850586	ecdsa.net
179424	3.0739643573760986	0.09115171432495117	ecdsa.net
181440	3.114614725112915	0.08936786651611328	ecdsa.net
183456	3.1480932235717773	0.09047698974609375	ecdsa.net
185472	3.1891517639160156	0.09024405479431152	ecdsa.net
187488	3.22758150100708	0.09125375747680664	ecdsa.net
189504	3.2618987560272217	0.09101390838623047	ecdsa.net
191520	3.2986326217651367	0.09050226211547852	ecdsa.net
193536	3.359727144241333	0.08997893333435059	ecdsa.net
195552	3.402761936187744	0.09063458442687988	ecdsa.net
197568	3.432084798812866	0.09128165245056152	ecdsa.net
199584	3.473416328430176	0.09045743942260742	ecdsa.net
201600	3.5150842666625977	0.0904853343963623	ecdsa.net
203616	3.554398536682129	0.09180355072021484	ecdsa.net
205632	7.489814519882202	0.09075522422790527	ecdsa.net
207648	3.6620945930480957	0.0908956527709961	ecdsa.net
209664	3.7017855644226074	0.0893561840057373	ecdsa.net
211680	3.7413148880004883	0.09169459342956543	ecdsa.net
213696	3.7858779430389404	0.0906219482421875	ecdsa.net
215712	3.8322606086730957	0.08941388130187988	ecdsa.net
217729	5.509086608886719	0.09123516082763672	ecdsa.net
219744	2.7719552516937256	0.08902239799499512	ecdsa.net
221760	1.6611638069152832	0.09090328216552734	ecdsa.net
223776	1.4831502437591553	0.09007859230041504	ecdsa.net
225792	1.3715755939483643	0.08969521522521973	ecdsa.net
227808	0.9573135375976562	0.08902835845947266	ecdsa.net
229824	0.6036896705627441	0.0902564525604248	ecdsa.net
231840	0.6864619255065918	0.0894465446472168	ecdsa.net
233856	0.7529380321502686	0.09051752090454102	ecdsa.net
235872	1.4831194877624512	0.09439349174499512	ecdsa.net
237888	0.3409006595611572	0.09084725379943848	ecdsa.net
239904	0.342235803604126	0.09223747253417969	ecdsa.net
241920	0.3415496349334717	0.09287285804748535	ecdsa.net
243936	0.34909701347351074	0.09151363372802734	ecdsa.net
245952	1.4965600967407227	0.09089779853820801	ecdsa.net
247968	0.6099386215209961	0.0904240608215332	ecdsa.net
249984	0.34360504150390625	0.09100747108459473	ecdsa.net
252000	0.3483400344848633	0.08989930152893066	ecdsa.net
254016	0.3467423915863037	0.08966064453125	ecdsa.net
256032	0.3452434539794922	0.09059858322143555	ecdsa.net
258048	0.34209322929382324	0.09109926223754883	ecdsa.net
260064	0.34186887741088867	0.09043288230895996	ecdsa.net
262080	0.34502196311950684	0.08971595764160156	ecdsa.net
264096	0.3419156074523926	0.0912022590637207	ecdsa.net
266112	0.3484153747558594	0.09100222587585449	ecdsa.net
268128	0.34387779235839844	0.09087657928466797	ecdsa.net
270144	1.2112298011779785	0.0916595458984375	ecdsa.net
272160	0.35114145278930664	0.09199118614196777	ecdsa.net
274176	0.34142088890075684	0.09201169013977051	ecdsa.net
276192	0.344196081161499	0.09139490127563477	ecdsa.net
278208	0.3450288772583008	0.09100103378295898	ecdsa.net
280224	0.34900808334350586	0.09168696403503418	ecdsa.net
282240	0.3565104007720947	0.0924825668334961	ecdsa.net
284256	0.3449075222015381	0.0921485424041748	ecdsa.net
286272	0.3457345962524414	0.09191441535949707	ecdsa.net
288288	0.34612059593200684	0.09021353721618652	ecdsa.net
290304	0.34316205978393555	0.09104442596435547	ecdsa.net
292320	0.34717392921447754	0.09304046630859375	ecdsa.net
294336	0.37082719802856445	0.094512939453125	ecdsa.net
296352	0.901954174041748	0.09172177314758301	ecdsa.net
298368	0.3499431610107422	0.09324502944946289	ecdsa.net
300384	0.35025572776794434	0.09169197082519531	ecdsa.net
302400	0.35028862953186035	0.09115433692932129	ecdsa.net
304416	0.3526308536529541	0.09156274795532227	ecdsa.net
306432	0.35279107093811035	0.0921025276184082	ecdsa.net
308448	0.34501099586486816	0.09289240837097168	ecdsa.net
310464	0.34354233741760254	0.09217524528503418	ecdsa.net
312480	0.3407866954803467	0.09175539016723633	ecdsa.net
314496	0.3486814498901367	0.09273552894592285	ecdsa.net
316512	0.35475587844848633	0.0911109447479248	ecdsa.net
318528	1.0333127975463867	0.09160828590393066	ecdsa.net
320544	0.8102381229400635	0.09136128425598145	ecdsa.net
322560	0.34500694274902344	0.09174585342407227	ecdsa.net
324576	0.3480989933013916	0.09076333045959473	ecdsa.net
326592	0.33977746963500977	0.09034585952758789	ecdsa.net
328608	0.34152865409851074	0.08963751792907715	ecdsa.net
330624	0.35520362854003906	0.08991765975952148	ecdsa.net
332640	0.34390950202941895	0.0906515121459961	ecdsa.net
334656	0.3442108631134033	0.09026169776916504	ecdsa.net
336672	0.3447432518005371	0.0895237922668457	ecdsa.net
338688	0.34525084495544434	0.09197735786437988	ecdsa.net
340704	0.7550232410430908	0.09096026420593262	ecdsa.net
342720	0.7966041564941406	0.09136366844177246	ecdsa.net
344736	0.3409574031829834	0.0919637680053711	ecdsa.net
346752	0.34360718727111816	0.09211969375610352	ecdsa.net
348768	0.34326624870300293	0.09075689315795898	ecdsa.net
350784	0.34177637100219727	0.09215974807739258	ecdsa.net
352800	0.3474464416503906	0.09224319458007812	ecdsa.net
354816	0.343686580657959	0.09152889251708984	ecdsa.net
356832	0.34271836280822754	0.09161162376403809	ecdsa.net
358848	0.350039005279541	0.09235191345214844	ecdsa.net
360864	0.3453197479248047	0.0914454460144043	ecdsa.net
362880	0.34395503997802734	0.09084868431091309	ecdsa.net
364896	0.3417224884033203	0.09011244773864746	ecdsa.net
366912	0.36775970458984375	0.09152030944824219	ecdsa.net
368928	0.3459138870239258	0.09129118919372559	ecdsa.net
370944	0.3530118465423584	0.09081912040710449	ecdsa.net
372960	0.34082794189453125	0.09115314483642578	ecdsa.net
374976	0.3469524383544922	0.09066534042358398	ecdsa.net
376992	0.35924792289733887	0.09078764915466309	ecdsa.net
379008	0.341015100479126	0.09170746803283691	ecdsa.net
381024	0.3420991897583008	0.09162616729736328	ecdsa.net
383040	0.3435680866241455	0.0919950008392334	ecdsa.net
385056	0.3406033515930176	0.09253907203674316	ecdsa.net
387072	0.34740424156188965	0.0914769172668457	ecdsa.net
389088	0.34299683570861816	0.09184956550598145	ecdsa.net
391104	0.34615588188171387	0.09230923652648926	ecdsa.net
393120	0.34646153450012207	0.09183192253112793	ecdsa.net
395136	0.34392881393432617	0.09189963340759277	ecdsa.net
397152	0.868558406829834	0.09112048149108887	ecdsa.net
399168	0.3409144878387451	0.09186744689941406	ecdsa.net
401184	0.34391236305236816	0.1028904914855957	ecdsa.net
403200	0.3487093448638916	0.09209609031677246	ecdsa.net
405216	0.34209513664245605	0.0922079086303711	ecdsa.net
407232	0.34933018684387207	0.09153914451599121	ecdsa.net
409248	0.34202146530151367	0.09214234352111816	ecdsa.net
411264	0.3500545024871826	0.09174394607543945	ecdsa.net
413280	0.34421730041503906	0.0916435718536377	ecdsa.net
415296	0.3502218723297119	0.09086489677429199	ecdsa.net
417312	0.7157309055328369	0.09111356735229492	ecdsa.net
419328	0.4387071132659912	0.09052348136901855	ecdsa.net
421344	0.3456301689147949	0.0903773307800293	ecdsa.net
423360	0.34732699394226074	0.09076833724975586	ecdsa.net
425376	0.34659862518310547	0.0911862850189209	ecdsa.net
427392	0.34700703620910645	0.09013724327087402	ecdsa.net
429408	0.3455674648284912	0.0907449722290039	ecdsa.net
431424	0.34279584884643555	0.0903940200805664	ecdsa.net
433440	0.34121179580688477	0.09068846702575684	ecdsa.net
435456	0.3438754081726074	0.09095644950866699	ecdsa.net
437472	0.3429253101348877	0.09065079689025879	ecdsa.net
439488	0.3417787551879883	0.09044027328491211	ecdsa.net
441504	0.34438014030456543	0.09143948554992676	ecdsa.net
443520	0.34894871711730957	0.09073090553283691	ecdsa.net
445536	1.183114767074585	0.09111523628234863	ecdsa.net
447552	0.34071969985961914	0.09267020225524902	ecdsa.net
449568	0.3443572521209717	0.09012842178344727	ecdsa.net
451584	0.34662485122680664	0.0913851261138916	ecdsa.net
453600	0.3502225875854492	0.08964323997497559	ecdsa.net
455616	1.1347196102142334	0.09036111831665039	ecdsa.net
457632	0.3450040817260742	0.09111428260803223	ecdsa.net
459648	0.3451542854309082	0.08995389938354492	ecdsa.net
461664	0.3425636291503906	0.08995509147644043	ecdsa.net
463680	0.9074783325195312	0.09071636199951172	ecdsa.net
465696	0.9761762619018555	0.09142303466796875	ecdsa.net
467712	0.8634464740753174	0.09038424491882324	ecdsa.net
469728	0.8634011745452881	0.09095954895019531	ecdsa.net
471744	0.8000681400299072	0.09081459045410156	ecdsa.net
473760	0.8459081649780273	0.09074711799621582	ecdsa.net
475776	0.9052488803863525	0.09096503257751465	ecdsa.net
477792	0.8588645458221436	0.09114289283752441	ecdsa.net
479808	0.913902997970581	0.09173226356506348	ecdsa.net
481824	0.8549249172210693	0.08938002586364746	ecdsa.net
483840	0.7772033214569092	0.09160137176513672	ecdsa.net
485856	0.9875404834747314	0.09258484840393066	ecdsa.net
487872	0.7692139148712158	0.0908961296081543	ecdsa.net
489888	0.8554606437683105	0.09134197235107422	ecdsa.net
491904	0.7907857894897461	0.09183692932128906	ecdsa.net
493920	0.8393948078155518	0.09304070472717285	ecdsa.net
495936	0.7988817691802979	0.09205174446105957	ecdsa.net
497952	0.8737633228302002	0.0940253734588623	ecdsa.net
499968	0.8268623352050781	0.09292721748352051	ecdsa.net
501984	0.7661163806915283	0.09245896339416504	ecdsa.net
504000	1.2273826599121094	0.0919642448425293	ecdsa.net
506016	0.68796706199646	0.09138011932373047	ecdsa.net
508032	0.891282320022583	0.09144043922424316	ecdsa.net
510048	0.8597841262817383	0.08854293823242188	ecdsa.net
512064	0.7982542514801025	0.09137439727783203	ecdsa.net
514080	0.8113250732421875	0.09089088439941406	ecdsa.net
516096	0.7775342464447021	0.08947515487670898	ecdsa.net
518112	0.7419707775115967	0.09034919738769531	ecdsa.net
520128	3.67337965965271	0.09269404411315918	ecdsa.net
522144	0.7980847358703613	0.09265327453613281	ecdsa.net
524160	0.8556051254272461	0.09342288970947266	ecdsa.net
526176	0.8084850311279297	0.09150195121765137	ecdsa.net
528192	0.789046049118042	0.09040689468383789	ecdsa.net
530208	0.9015350341796875	0.09252548217773438	ecdsa.net
532224	0.7744443416595459	0.09127998352050781	ecdsa.net
534240	1.803819179534912	0.09086012840270996	ecdsa.net
536256	0.7699065208435059	0.09058332443237305	ecdsa.net
538272	0.775768518447876	0.09030413627624512	ecdsa.net
540288	0.8778846263885498	0.09203577041625977	ecdsa.net
542304	0.9430320262908936	0.09030437469482422	ecdsa.net
544320	0.9281888008117676	0.09177064895629883	ecdsa.net
546336	0.9523520469665527	0.096954345703125	ecdsa.net
548352	0.8729257583618164	0.09134387969970703	ecdsa.net
550368	0.7911429405212402	0.09339284896850586	ecdsa.net
552384	0.8070261478424072	0.09201645851135254	ecdsa.net
554400	0.8866317272186279	0.09218192100524902	ecdsa.net
556416	0.70530104637146	0.09033751487731934	ecdsa.net
558432	0.8256466388702393	0.09068846702575684	ecdsa.net
560448	2.0277018547058105	0.09140491485595703	ecdsa.net
562464	0.7193093299865723	0.09064078330993652	ecdsa.net
564480	0.9043207168579102	0.09865856170654297	ecdsa.net
