1	2.0909295082092285	0.08711957931518555	electrumx.erbium.eu
2016	3.3389956951141357	0.08774733543395996	electrumx.erbium.eu
4032	3.3793511390686035	0.08730173110961914	electrumx.erbium.eu
6048	3.452014923095703	0.08672618865966797	electrumx.erbium.eu
8064	3.601933002471924	0.08658289909362793	electrumx.erbium.eu
10080	3.5359013080596924	0.08620095252990723	electrumx.erbium.eu
12096	3.5701746940612793	0.08646845817565918	electrumx.erbium.eu
14112	3.6111319065093994	0.08600473403930664	electrumx.erbium.eu
16128	3.651698350906372	0.08685779571533203	electrumx.erbium.eu
18144	3.71026611328125	0.08621573448181152	electrumx.erbium.eu
20160	4.194134950637817	0.08723688125610352	electrumx.erbium.eu
22176	3.948824644088745	0.0860140323638916	electrumx.erbium.eu
24192	3.84883451461792	0.08663177490234375	electrumx.erbium.eu
26208	3.863285779953003	0.08690834045410156	electrumx.erbium.eu
28224	3.915165901184082	0.08660125732421875	electrumx.erbium.eu
30240	3.9452474117279053	0.08757829666137695	electrumx.erbium.eu
32256	3.997335433959961	0.08755636215209961	electrumx.erbium.eu
34272	6.3615381717681885	0.0876166820526123	electrumx.erbium.eu
36288	3.945812702178955	0.08742403984069824	electrumx.erbium.eu
38304	3.2989048957824707	0.08709859848022461	electrumx.erbium.eu
40320	3.224644660949707	0.08792328834533691	electrumx.erbium.eu
42336	3.1913909912109375	0.08715271949768066	electrumx.erbium.eu
44352	3.2156529426574707	0.0856330394744873	electrumx.erbium.eu
46368	3.195269823074341	0.08687043190002441	electrumx.erbium.eu
48384	3.156827926635742	0.0860443115234375	electrumx.erbium.eu
50400	3.7177960872650146	0.08554339408874512	electrumx.erbium.eu
52416	3.181655168533325	0.08567309379577637	electrumx.erbium.eu
54433	1.6266155242919922	0.08628702163696289	btc.rossbennetts.com
56448	0.5463826656341553	0.08660078048706055	btc.rossbennetts.com
58464	0.27951478958129883	0.08717823028564453	btc.rossbennetts.com
60480	0.2795727252960205	0.08635997772216797	btc.rossbennetts.com
62496	0.27862024307250977	0.09072256088256836	btc.rossbennetts.com
64512	0.2796308994293213	0.0873723030090332	btc.rossbennetts.com
66528	0.28645801544189453	0.08689475059509277	btc.rossbennetts.com
68544	0.2821621894836426	0.08616518974304199	btc.rossbennetts.com
70560	0.2801089286804199	0.08684515953063965	btc.rossbennetts.com
72576	0.278672456741333	0.08739900588989258	btc.rossbennetts.com
74592	0.2763676643371582	0.08675575256347656	btc.rossbennetts.com
76608	0.27939605712890625	0.08662843704223633	btc.rossbennetts.com
78624	0.5426807403564453	0.08704090118408203	btc.rossbennetts.com
80640	0.2783164978027344	0.0867464542388916	btc.rossbennetts.com
82656	0.278012752532959	0.08698177337646484	btc.rossbennetts.com
84672	0.2788519859313965	0.08679723739624023	btc.rossbennetts.com
86688	0.2799234390258789	0.08741879463195801	btc.rossbennetts.com
88704	0.2772531509399414	0.08604073524475098	btc.rossbennetts.com
90720	0.2763068675994873	0.08633828163146973	btc.rossbennetts.com
92736	0.27720046043395996	0.0867919921875	btc.rossbennetts.com
94752	0.27927470207214355	0.08741044998168945	btc.rossbennetts.com
96768	0.28743982315063477	0.08778500556945801	btc.rossbennetts.com
98784	0.27820873260498047	0.08744168281555176	btc.rossbennetts.com
100800	0.27803516387939453	0.08669304847717285	btc.rossbennetts.com
102816	0.2788240909576416	0.08648967742919922	btc.rossbennetts.com
104832	0.27733516693115234	0.08695363998413086	btc.rossbennetts.com
106848	0.2783229351043701	0.08662676811218262	btc.rossbennetts.com
108864	0.27877187728881836	0.08691906929016113	btc.rossbennetts.com
110880	0.2798638343811035	0.08834075927734375	btc.rossbennetts.com
112896	0.2783668041229248	0.08834671974182129	btc.rossbennetts.com
114912	0.27979040145874023	0.08872365951538086	btc.rossbennetts.com
116928	0.27849793434143066	0.08855533599853516	btc.rossbennetts.com
118944	0.2827010154724121	0.0885462760925293	btc.rossbennetts.com
120960	0.2783515453338623	0.08835363388061523	btc.rossbennetts.com
122976	0.2789344787597656	0.08770418167114258	btc.rossbennetts.com
124992	0.2770814895629883	0.08730292320251465	btc.rossbennetts.com
127008	0.2841169834136963	0.08761048316955566	btc.rossbennetts.com
129024	0.2801196575164795	0.08693838119506836	btc.rossbennetts.com
131040	0.2791762351989746	0.08819770812988281	btc.rossbennetts.com
133056	0.2772183418273926	0.0876016616821289	btc.rossbennetts.com
135072	0.2782104015350342	0.08747124671936035	btc.rossbennetts.com
137088	0.2816150188446045	0.08731961250305176	btc.rossbennetts.com
139104	0.28078150749206543	0.08756113052368164	btc.rossbennetts.com
141120	0.28101468086242676	0.08648920059204102	btc.rossbennetts.com
143136	0.27956366539001465	0.0877988338470459	btc.rossbennetts.com
145152	0.28005361557006836	0.09041523933410645	btc.rossbennetts.com
147168	0.28101325035095215	0.09119176864624023	btc.rossbennetts.com
149184	0.2777078151702881	0.0880730152130127	btc.rossbennetts.com
151200	0.27937960624694824	0.08755183219909668	btc.rossbennetts.com
153216	0.27860474586486816	0.08765769004821777	btc.rossbennetts.com
155232	0.2778966426849365	0.08681631088256836	btc.rossbennetts.com
157248	0.28449130058288574	0.0876765251159668	btc.rossbennetts.com
159264	0.27934837341308594	0.09352803230285645	btc.rossbennetts.com
161280	0.2870218753814697	0.08716940879821777	btc.rossbennetts.com
163296	0.2872955799102783	0.08825278282165527	btc.rossbennetts.com
165312	0.282881498336792	0.08775663375854492	btc.rossbennetts.com
167328	0.28183817863464355	0.0874788761138916	btc.rossbennetts.com
169344	0.2834203243255615	0.08818244934082031	btc.rossbennetts.com
171361	1.6608483791351318	0.08803915977478027	btc.rossbennetts.com
173376	0.5585479736328125	0.08673620223999023	btc.rossbennetts.com
175392	0.28335070610046387	0.08668994903564453	btc.rossbennetts.com
177408	0.2827444076538086	0.08677101135253906	btc.rossbennetts.com
179424	0.283419132232666	0.08696389198303223	btc.rossbennetts.com
181440	0.28444957733154297	0.08754944801330566	btc.rossbennetts.com
183456	0.28261518478393555	0.08670449256896973	btc.rossbennetts.com
185472	0.2835419178009033	0.08780169486999512	btc.rossbennetts.com
187488	0.28340816497802734	0.08734273910522461	btc.rossbennetts.com
189504	0.2817838191986084	0.08763980865478516	btc.rossbennetts.com
191520	0.2820403575897217	0.0874474048614502	btc.rossbennetts.com
193536	0.28312015533447266	0.08754324913024902	btc.rossbennetts.com
195552	0.28367042541503906	0.08658456802368164	btc.rossbennetts.com
197568	0.2829151153564453	0.08904361724853516	btc.rossbennetts.com
199584	0.28391027450561523	0.08761930465698242	btc.rossbennetts.com
201600	0.28471994400024414	0.08699250221252441	btc.rossbennetts.com
203616	0.28410935401916504	0.08722686767578125	btc.rossbennetts.com
205632	0.28437304496765137	0.08719420433044434	btc.rossbennetts.com
207648	0.28180885314941406	0.08790326118469238	btc.rossbennetts.com
209664	0.2845582962036133	0.08808279037475586	btc.rossbennetts.com
211680	0.28248167037963867	0.08707785606384277	btc.rossbennetts.com
213696	0.28691601753234863	0.08661603927612305	btc.rossbennetts.com
215712	0.28226423263549805	0.08716273307800293	btc.rossbennetts.com
217728	0.28291893005371094	0.0972132682800293	btc.rossbennetts.com
219744	0.2866060733795166	0.08705472946166992	btc.rossbennetts.com
221760	0.2836954593658447	0.0879364013671875	btc.rossbennetts.com
223776	0.2831294536590576	0.08822226524353027	btc.rossbennetts.com
225792	0.2831273078918457	0.08826613426208496	btc.rossbennetts.com
227808	0.28177309036254883	0.08789873123168945	btc.rossbennetts.com
229824	0.28581738471984863	0.08671450614929199	btc.rossbennetts.com
231840	0.2837531566619873	0.08711862564086914	btc.rossbennetts.com
233856	0.28294849395751953	0.08777904510498047	btc.rossbennetts.com
235872	0.28514766693115234	0.08730459213256836	btc.rossbennetts.com
237888	0.28190183639526367	0.08775615692138672	btc.rossbennetts.com
239904	0.2817873954772949	0.08724761009216309	btc.rossbennetts.com
241920	0.28365135192871094	0.08826470375061035	btc.rossbennetts.com
243936	0.2824227809906006	0.08829808235168457	btc.rossbennetts.com
245952	0.28186774253845215	0.0885472297668457	btc.rossbennetts.com
247968	0.2820861339569092	0.08832216262817383	btc.rossbennetts.com
249984	0.2830514907836914	0.0881342887878418	btc.rossbennetts.com
252000	0.2843308448791504	0.08749008178710938	btc.rossbennetts.com
254016	0.28351926803588867	0.08847403526306152	btc.rossbennetts.com
256032	0.28360772132873535	0.08815479278564453	btc.rossbennetts.com
258048	0.2835652828216553	0.08852529525756836	btc.rossbennetts.com
260064	0.2835533618927002	0.08798813819885254	btc.rossbennetts.com
262080	0.28249025344848633	0.08838534355163574	btc.rossbennetts.com
264096	0.28322863578796387	0.08806324005126953	btc.rossbennetts.com
266112	0.2817678451538086	0.09866929054260254	btc.rossbennetts.com
268128	0.28346872329711914	0.0887916088104248	btc.rossbennetts.com
270144	0.28260278701782227	0.08875417709350586	btc.rossbennetts.com
272160	0.28398919105529785	0.08762288093566895	btc.rossbennetts.com
274176	0.28403234481811523	0.08854031562805176	btc.rossbennetts.com
276192	0.28335094451904297	0.08822464942932129	btc.rossbennetts.com
278208	0.2826423645019531	0.09011268615722656	btc.rossbennetts.com
280224	0.2828841209411621	0.0897529125213623	btc.rossbennetts.com
282240	0.2843282222747803	0.08927536010742188	btc.rossbennetts.com
284256	0.32959961891174316	0.08884549140930176	btc.rossbennetts.com
286272	0.2819349765777588	0.08966207504272461	btc.rossbennetts.com
288288	0.28213024139404297	0.09040188789367676	btc.rossbennetts.com
290304	0.2820854187011719	0.09088253974914551	btc.rossbennetts.com
292320	0.2874882221221924	0.0904853343963623	btc.rossbennetts.com
294336	0.34671783447265625	0.09005117416381836	btc.rossbennetts.com
296352	0.39379405975341797	0.08931756019592285	btc.rossbennetts.com
298368	0.2829163074493408	0.08980584144592285	btc.rossbennetts.com
300384	0.28229832649230957	0.0893242359161377	btc.rossbennetts.com
302400	0.28824710845947266	0.08857440948486328	btc.rossbennetts.com
304416	0.282167911529541	0.08909893035888672	btc.rossbennetts.com
306432	0.2835085391998291	0.08945512771606445	btc.rossbennetts.com
308448	0.28203821182250977	0.08905959129333496	btc.rossbennetts.com
310464	0.28552842140197754	0.08945894241333008	btc.rossbennetts.com
312480	0.29276609420776367	0.08925747871398926	btc.rossbennetts.com
314496	0.28603506088256836	0.08884119987487793	btc.rossbennetts.com
316512	0.283627986907959	0.08898258209228516	btc.rossbennetts.com
318528	0.282895565032959	0.08932018280029297	btc.rossbennetts.com
320544	0.2822277545928955	0.08986401557922363	btc.rossbennetts.com
322560	0.2849252223968506	0.08889651298522949	btc.rossbennetts.com
324576	0.28255343437194824	0.08945035934448242	btc.rossbennetts.com
326592	0.2825319766998291	0.08933591842651367	btc.rossbennetts.com
328608	0.28235745429992676	0.08929228782653809	btc.rossbennetts.com
330624	0.28423309326171875	0.08867979049682617	btc.rossbennetts.com
332640	0.285869836807251	0.0890510082244873	btc.rossbennetts.com
334656	0.2823777198791504	0.08900666236877441	btc.rossbennetts.com
336672	0.28501033782958984	0.08919310569763184	btc.rossbennetts.com
338688	0.282076358795166	0.08899331092834473	btc.rossbennetts.com
340704	0.29208803176879883	0.09029603004455566	btc.rossbennetts.com
342720	0.28620076179504395	0.08877849578857422	btc.rossbennetts.com
344736	0.2834351062774658	0.08933067321777344	btc.rossbennetts.com
346752	0.28328871726989746	0.09092879295349121	btc.rossbennetts.com
348768	0.28206324577331543	0.08903217315673828	btc.rossbennetts.com
350784	0.28194165229797363	0.08888983726501465	btc.rossbennetts.com
352800	0.2838284969329834	0.08892393112182617	btc.rossbennetts.com
354816	0.29413676261901855	0.0890650749206543	btc.rossbennetts.com
356832	0.2818148136138916	0.08922195434570312	btc.rossbennetts.com
358848	0.28301310539245605	0.08906173706054688	btc.rossbennetts.com
360864	0.38251304626464844	0.08945178985595703	btc.rossbennetts.com
362880	0.28587770462036133	0.08914637565612793	btc.rossbennetts.com
364896	0.28197622299194336	0.10108804702758789	btc.rossbennetts.com
366912	0.28232622146606445	0.0888068675994873	btc.rossbennetts.com
368928	0.2828054428100586	0.08880853652954102	btc.rossbennetts.com
370944	0.28357744216918945	0.0883028507232666	btc.rossbennetts.com
372960	0.28414273262023926	0.08904075622558594	btc.rossbennetts.com
374976	0.2834148406982422	0.08856964111328125	btc.rossbennetts.com
376992	0.2822558879852295	0.08995652198791504	btc.rossbennetts.com
379008	0.2822265625	0.08908486366271973	btc.rossbennetts.com
381024	0.28237175941467285	0.08960986137390137	btc.rossbennetts.com
383040	0.2839813232421875	0.08956623077392578	btc.rossbennetts.com
385056	0.28345417976379395	0.08877444267272949	btc.rossbennetts.com
387072	0.28222227096557617	0.08891654014587402	btc.rossbennetts.com
389088	0.2846705913543701	0.08922910690307617	btc.rossbennetts.com
391104	0.2885301113128662	0.08865666389465332	btc.rossbennetts.com
393120	0.2895376682281494	0.0896596908569336	btc.rossbennetts.com
395136	0.2822716236114502	0.08946037292480469	btc.rossbennetts.com
397152	0.287569522857666	0.08902215957641602	btc.rossbennetts.com
399168	0.28438711166381836	0.08967947959899902	btc.rossbennetts.com
401184	0.28196215629577637	0.08883380889892578	btc.rossbennetts.com
403200	0.28702354431152344	0.08935737609863281	btc.rossbennetts.com
405216	0.28214168548583984	0.08945417404174805	btc.rossbennetts.com
407232	0.28202223777770996	0.08902978897094727	btc.rossbennetts.com
409248	0.28307247161865234	0.09585094451904297	btc.rossbennetts.com
411264	0.28350138664245605	0.08942508697509766	btc.rossbennetts.com
413280	0.2837972640991211	0.0908961296081543	btc.rossbennetts.com
415296	0.2830393314361572	0.08875250816345215	btc.rossbennetts.com
417312	0.2875101566314697	0.08992242813110352	btc.rossbennetts.com
419328	0.2822847366333008	0.08954977989196777	btc.rossbennetts.com
421344	0.2832365036010742	0.08827424049377441	btc.rossbennetts.com
423360	0.28525590896606445	0.08804917335510254	btc.rossbennetts.com
425376	0.2836568355560303	0.08880805969238281	btc.rossbennetts.com
427392	0.28590989112854004	0.08898448944091797	btc.rossbennetts.com
429408	0.2832214832305908	0.08871793746948242	btc.rossbennetts.com
431424	0.283038854598999	0.0898430347442627	btc.rossbennetts.com
433440	0.28496599197387695	0.09467339515686035	btc.rossbennetts.com
435456	0.3557264804840088	0.0888822078704834	btc.rossbennetts.com
437472	1.9156463146209717	0.0894773006439209	btc.rossbennetts.com
439488	0.30702877044677734	0.08926200866699219	btc.rossbennetts.com
441504	0.2833290100097656	0.08773207664489746	btc.rossbennetts.com
443520	0.291003942489624	0.08834624290466309	btc.rossbennetts.com
445536	0.2836759090423584	0.08947420120239258	btc.rossbennetts.com
447552	0.29602909088134766	0.08747601509094238	btc.rossbennetts.com
449568	0.2828700542449951	0.08861541748046875	btc.rossbennetts.com
451584	0.2838313579559326	0.08887457847595215	btc.rossbennetts.com
453600	0.2834467887878418	0.08849716186523438	btc.rossbennetts.com
455616	0.28301191329956055	0.08916425704956055	btc.rossbennetts.com
457632	0.2819974422454834	0.08856081962585449	btc.rossbennetts.com
459648	0.28232359886169434	0.0902261734008789	btc.rossbennetts.com
461664	0.2932004928588867	0.08936905860900879	btc.rossbennetts.com
463680	0.31037068367004395	0.08895325660705566	btc.rossbennetts.com
465696	0.2842741012573242	0.08908653259277344	btc.rossbennetts.com
467712	0.2821502685546875	0.08882951736450195	btc.rossbennetts.com
469728	0.28314995765686035	0.09015989303588867	btc.rossbennetts.com
471744	0.2834293842315674	0.08912777900695801	btc.rossbennetts.com
473760	0.2837491035461426	0.0899515151977539	btc.rossbennetts.com
475776	0.2835559844970703	0.08822822570800781	btc.rossbennetts.com
477792	0.28374147415161133	0.09019327163696289	btc.rossbennetts.com
479808	0.28682637214660645	0.09046435356140137	btc.rossbennetts.com
481824	0.2834141254425049	0.08894801139831543	btc.rossbennetts.com
483840	0.28341007232666016	0.08908557891845703	btc.rossbennetts.com
485856	0.28298473358154297	0.09048032760620117	btc.rossbennetts.com
487872	0.28458499908447266	0.08972549438476562	btc.rossbennetts.com
489888	0.29360032081604004	0.09006643295288086	btc.rossbennetts.com
491904	0.2835967540740967	0.09000706672668457	btc.rossbennetts.com
493920	0.28258514404296875	0.09030032157897949	btc.rossbennetts.com
495936	0.2839694023132324	0.08950304985046387	btc.rossbennetts.com
497952	0.2820734977722168	0.09019851684570312	btc.rossbennetts.com
499968	0.2821028232574463	0.09011960029602051	btc.rossbennetts.com
501984	0.2817878723144531	0.09058213233947754	btc.rossbennetts.com
504000	0.28256654739379883	0.08987689018249512	btc.rossbennetts.com
506016	0.28215980529785156	0.08978080749511719	btc.rossbennetts.com
508032	0.28312087059020996	0.08987593650817871	btc.rossbennetts.com
510048	0.28206539154052734	0.08957982063293457	btc.rossbennetts.com
512064	0.2831394672393799	0.08883953094482422	btc.rossbennetts.com
514080	0.2832932472229004	0.0902872085571289	btc.rossbennetts.com
516096	0.2837064266204834	0.09023714065551758	btc.rossbennetts.com
518112	0.28333544731140137	0.08949851989746094	btc.rossbennetts.com
520128	0.2847859859466553	0.08939433097839355	btc.rossbennetts.com
522144	0.28374719619750977	0.09039425849914551	btc.rossbennetts.com
524160	0.29436230659484863	0.0899510383605957	btc.rossbennetts.com
526176	0.3002009391784668	0.08944344520568848	btc.rossbennetts.com
528192	0.28211426734924316	0.08934497833251953	btc.rossbennetts.com
530208	0.2819817066192627	0.0892488956451416	btc.rossbennetts.com
532224	0.2818307876586914	0.08822774887084961	btc.rossbennetts.com
534240	0.2817518711090088	0.08906936645507812	btc.rossbennetts.com
536256	0.3245260715484619	0.0885000228881836	btc.rossbennetts.com
538272	0.28184962272644043	0.08873748779296875	btc.rossbennetts.com
540288	0.2834773063659668	0.09554433822631836	btc.rossbennetts.com
542304	0.28422117233276367	0.08953666687011719	btc.rossbennetts.com
544320	0.28380799293518066	0.08908271789550781	btc.rossbennetts.com
546336	0.28313660621643066	0.08959579467773438	btc.rossbennetts.com
548352	0.28512048721313477	0.08944463729858398	btc.rossbennetts.com
550368	0.2855100631713867	0.08965253829956055	btc.rossbennetts.com
552384	0.2844502925872803	0.08935666084289551	btc.rossbennetts.com
554400	0.28450703620910645	0.08904790878295898	btc.rossbennetts.com
556416	0.282961368560791	0.08953070640563965	btc.rossbennetts.com
558432	0.28401613235473633	0.08940768241882324	btc.rossbennetts.com
560448	0.2832496166229248	0.0885779857635498	btc.rossbennetts.com
562464	0.29996514320373535	0.09017205238342285	btc.rossbennetts.com
564480	0.2856612205505371	0.08787894248962402	btc.rossbennetts.com
566496	0.2848227024078369	0.08941984176635742	btc.rossbennetts.com
568512	0.28345155715942383	0.08953523635864258	btc.rossbennetts.com
570528	0.28323960304260254	0.08954834938049316	btc.rossbennetts.com
572544	0.2829885482788086	0.08890390396118164	btc.rossbennetts.com
574560	0.28299617767333984	0.08952569961547852	btc.rossbennetts.com
576576	0.2851691246032715	0.08857393264770508	btc.rossbennetts.com
578592	0.2844233512878418	0.08971381187438965	btc.rossbennetts.com
580608	0.2931098937988281	0.08854341506958008	btc.rossbennetts.com
582624	0.28649163246154785	0.08879709243774414	btc.rossbennetts.com
584640	0.28464627265930176	0.08820700645446777	btc.rossbennetts.com
586656	0.28441786766052246	0.08782601356506348	btc.rossbennetts.com
588672	0.29031896591186523	0.09000158309936523	btc.rossbennetts.com
590688	0.2835428714752197	0.08895659446716309	btc.rossbennetts.com
592704	0.2818002700805664	0.08825421333312988	btc.rossbennetts.com
594720	0.2832646369934082	0.08824610710144043	btc.rossbennetts.com
596736	0.28331851959228516	0.0871117115020752	btc.rossbennetts.com
598752	0.28363585472106934	0.08907055854797363	btc.rossbennetts.com
600768	0.2836451530456543	0.08761429786682129	btc.rossbennetts.com
602784	0.2839200496673584	0.08954334259033203	btc.rossbennetts.com
604800	0.2842552661895752	0.08793997764587402	btc.rossbennetts.com
606816	0.2840542793273926	0.08768844604492188	btc.rossbennetts.com
608832	0.2837355136871338	0.08885478973388672	btc.rossbennetts.com
610848	0.2855830192565918	0.08842134475708008	btc.rossbennetts.com
612864	0.28389525413513184	0.08832168579101562	btc.rossbennetts.com
614880	0.28324413299560547	0.08822894096374512	btc.rossbennetts.com
616896	0.28348422050476074	0.08869791030883789	btc.rossbennetts.com
618912	0.2818915843963623	0.08837056159973145	btc.rossbennetts.com
620928	0.2832295894622803	0.08835244178771973	btc.rossbennetts.com
622944	0.2836906909942627	0.0884852409362793	btc.rossbennetts.com
624960	0.282379150390625	0.08821249008178711	btc.rossbennetts.com
626976	0.2820303440093994	0.0880746841430664	btc.rossbennetts.com
628992	0.28194546699523926	0.08826684951782227	btc.rossbennetts.com
631008	0.28414320945739746	0.0890650749206543	btc.rossbennetts.com
633024	0.284684419631958	0.08832168579101562	btc.rossbennetts.com
635040	0.2818331718444824	0.08903765678405762	btc.rossbennetts.com
637056	0.2818436622619629	0.08897519111633301	btc.rossbennetts.com
639072	0.28415679931640625	0.0896143913269043	btc.rossbennetts.com
641088	0.2818012237548828	0.08973574638366699	btc.rossbennetts.com
643104	0.283599853515625	0.08948135375976562	btc.rossbennetts.com
645120	0.2840285301208496	0.08946967124938965	btc.rossbennetts.com
647136	0.2848169803619385	0.0885312557220459	btc.rossbennetts.com
649152	0.2830173969268799	0.08931303024291992	btc.rossbennetts.com
651168	0.2828404903411865	0.08816218376159668	btc.rossbennetts.com
653184	0.2819058895111084	0.0888521671295166	btc.rossbennetts.com
655200	0.2824254035949707	0.09020614624023438	btc.rossbennetts.com
657216	0.2810475826263428	0.056302785873413086	btc.rossbennetts.com
