1	0.6080968379974365	0.08720064163208008	blockstream.info
2016	0.31101465225219727	0.0887141227722168	blockstream.info
4032	0.2215592861175537	0.08709144592285156	blockstream.info
6048	0.21752166748046875	0.08830142021179199	blockstream.info
8064	0.2173621654510498	0.08956718444824219	blockstream.info
10080	0.21753358840942383	0.08966445922851562	blockstream.info
12096	0.21804475784301758	0.08971500396728516	blockstream.info
14112	0.21768450736999512	0.09125900268554688	blockstream.info
16128	0.21729636192321777	0.08994150161743164	blockstream.info
18144	0.2182152271270752	0.09553265571594238	blockstream.info
20160	0.2170412540435791	0.0886831283569336	blockstream.info
22176	0.2169802188873291	0.08950996398925781	blockstream.info
24192	0.2170090675354004	0.09013819694519043	blockstream.info
26208	0.2180619239807129	0.08980607986450195	blockstream.info
28224	0.21891093254089355	0.0894021987915039	blockstream.info
30240	0.21791315078735352	0.08965229988098145	blockstream.info
32256	0.21745634078979492	0.09001803398132324	blockstream.info
34272	0.21936678886413574	0.08967089653015137	blockstream.info
36288	0.2177882194519043	0.08972501754760742	blockstream.info
38304	0.21781110763549805	0.08958053588867188	blockstream.info
40320	0.21829724311828613	0.08997130393981934	blockstream.info
42336	0.2186577320098877	0.08956742286682129	blockstream.info
44352	0.21812891960144043	0.0892181396484375	blockstream.info
46368	0.21777987480163574	0.08945131301879883	blockstream.info
48384	0.21769237518310547	0.08791112899780273	blockstream.info
50400	0.21776103973388672	0.08915019035339355	blockstream.info
52416	0.21713781356811523	0.08863687515258789	blockstream.info
54432	0.2189345359802246	0.18067049980163574	blockstream.info
56448	0.21702313423156738	0.18082904815673828	blockstream.info
58464	0.21700525283813477	0.08943676948547363	blockstream.info
60480	0.21845579147338867	0.08912777900695801	blockstream.info
62496	0.2171461582183838	0.08849501609802246	blockstream.info
64512	0.21817326545715332	0.08884310722351074	blockstream.info
66528	0.21953272819519043	0.0885765552520752	blockstream.info
68544	0.2186565399169922	0.08723831176757812	blockstream.info
70560	0.22066211700439453	0.08954954147338867	blockstream.info
72576	0.21791505813598633	0.08981156349182129	blockstream.info
74592	0.21848583221435547	0.08923053741455078	blockstream.info
76608	0.21767187118530273	0.0881044864654541	blockstream.info
78624	0.21727728843688965	0.09694933891296387	blockstream.info
80640	0.2183060646057129	0.08854937553405762	blockstream.info
82656	0.21759796142578125	0.08851099014282227	blockstream.info
84672	0.21762895584106445	0.0897986888885498	blockstream.info
86688	0.21729302406311035	0.08801698684692383	blockstream.info
88704	0.2171645164489746	0.08859109878540039	blockstream.info
90720	0.21735000610351562	0.08910298347473145	blockstream.info
92736	0.2179558277130127	0.08828544616699219	blockstream.info
94752	0.21770286560058594	0.08909177780151367	blockstream.info
96768	0.21726489067077637	0.0885617733001709	blockstream.info
98784	0.2175130844116211	0.08866524696350098	blockstream.info
100800	0.21703553199768066	0.08855342864990234	blockstream.info
102816	0.21722006797790527	0.08846211433410645	blockstream.info
104832	0.2174983024597168	0.08909034729003906	blockstream.info
106848	0.21685194969177246	0.08871698379516602	blockstream.info
108864	0.21738147735595703	0.08925008773803711	blockstream.info
110880	0.21851301193237305	0.08916711807250977	blockstream.info
112896	0.21793484687805176	0.08976149559020996	blockstream.info
114912	0.21867942810058594	0.09033441543579102	blockstream.info
116928	0.21942973136901855	0.09075665473937988	blockstream.info
118944	0.21905088424682617	0.09006476402282715	blockstream.info
120960	0.22136330604553223	0.09032273292541504	blockstream.info
122976	0.2193138599395752	0.09036827087402344	blockstream.info
124992	0.21935510635375977	0.08992886543273926	blockstream.info
127008	0.21715879440307617	0.08971762657165527	blockstream.info
129024	0.2169504165649414	0.09019994735717773	blockstream.info
131040	0.2172839641571045	0.08976387977600098	blockstream.info
133056	0.21706104278564453	0.09013724327087402	blockstream.info
135072	0.21692585945129395	0.08928275108337402	blockstream.info
137088	0.2170102596282959	0.08922672271728516	blockstream.info
139104	0.22004961967468262	0.09003734588623047	blockstream.info
141120	0.2173147201538086	0.0892176628112793	blockstream.info
143136	0.21790266036987305	0.08986282348632812	blockstream.info
145152	0.21792078018188477	0.08973526954650879	blockstream.info
147168	0.21753549575805664	0.08977937698364258	blockstream.info
149184	0.21895933151245117	0.08926820755004883	blockstream.info
151200	0.21784162521362305	0.09017491340637207	blockstream.info
153216	0.21759438514709473	0.08765959739685059	blockstream.info
155232	0.2174358367919922	0.08873677253723145	blockstream.info
157248	0.2171461582183838	0.0895395278930664	blockstream.info
159264	0.21709823608398438	0.08893013000488281	blockstream.info
161280	0.21771645545959473	0.08883190155029297	blockstream.info
163296	0.21733689308166504	0.08989644050598145	blockstream.info
165312	0.21726727485656738	0.09063434600830078	blockstream.info
167328	0.21717047691345215	0.08925032615661621	blockstream.info
169344	0.21789836883544922	0.09021663665771484	blockstream.info
171360	0.21869468688964844	0.09001994132995605	blockstream.info
173376	0.2171034812927246	0.08915328979492188	blockstream.info
175392	0.21740365028381348	0.09024596214294434	blockstream.info
177408	0.21759772300720215	0.0894775390625	blockstream.info
179424	0.21863579750061035	0.08922934532165527	blockstream.info
181440	0.2187185287475586	0.08961248397827148	blockstream.info
183456	0.23363399505615234	0.09148883819580078	blockstream.info
185472	0.21822881698608398	0.08934903144836426	blockstream.info
187488	0.2178666591644287	0.08946013450622559	blockstream.info
189504	0.21923589706420898	0.08939361572265625	blockstream.info
191520	0.21779370307922363	0.08849692344665527	blockstream.info
193536	0.21765685081481934	0.08957958221435547	blockstream.info
195552	0.21747946739196777	0.08997273445129395	blockstream.info
197568	0.2183687686920166	0.08897614479064941	blockstream.info
199584	0.21753740310668945	0.0888214111328125	blockstream.info
201600	0.21762943267822266	0.13001632690429688	blockstream.info
203616	0.21798038482666016	0.12443065643310547	blockstream.info
205632	0.21760249137878418	0.1253511905670166	blockstream.info
207648	0.2176222801208496	0.12424445152282715	blockstream.info
209664	0.21767210960388184	0.08839201927185059	blockstream.info
211680	0.2178940773010254	0.08881211280822754	blockstream.info
213696	0.2176828384399414	0.08908843994140625	blockstream.info
215712	0.2177140712738037	0.08927035331726074	blockstream.info
217728	0.2190709114074707	0.08925175666809082	blockstream.info
219744	0.2186279296875	0.08882641792297363	blockstream.info
221760	0.21747303009033203	0.09005022048950195	blockstream.info
223776	0.21762681007385254	0.08917927742004395	blockstream.info
225792	0.21971869468688965	0.08833694458007812	blockstream.info
227808	0.2183082103729248	0.08915042877197266	blockstream.info
229824	0.26455116271972656	0.08915829658508301	blockstream.info
231840	0.21785855293273926	0.08927106857299805	blockstream.info
233856	0.21767044067382812	0.08907198905944824	blockstream.info
235872	0.21911001205444336	0.08988714218139648	blockstream.info
237888	0.21703243255615234	0.0894784927368164	blockstream.info
239904	0.21810412406921387	0.08982634544372559	blockstream.info
241920	0.21807551383972168	0.09152841567993164	blockstream.info
243936	0.21741056442260742	0.09082508087158203	blockstream.info
245952	0.21772241592407227	0.08998703956604004	blockstream.info
247968	0.21881532669067383	0.08964204788208008	blockstream.info
249984	0.21813464164733887	0.08900117874145508	blockstream.info
252000	0.2175731658935547	0.08915138244628906	blockstream.info
254016	0.21864557266235352	0.09015846252441406	blockstream.info
256032	0.21794795989990234	0.08928489685058594	blockstream.info
258048	0.2179427146911621	0.08972930908203125	blockstream.info
260064	0.21769237518310547	0.091033935546875	blockstream.info
262080	0.21750521659851074	0.09204339981079102	blockstream.info
264096	0.2177119255065918	0.09058499336242676	blockstream.info
266112	0.21774697303771973	0.09004759788513184	blockstream.info
268128	0.2189807891845703	0.0904853343963623	blockstream.info
270144	0.217057466506958	0.0907297134399414	blockstream.info
272160	0.21712183952331543	0.08963680267333984	blockstream.info
274176	0.2183361053466797	0.08994698524475098	blockstream.info
276192	0.21727681159973145	0.08848404884338379	blockstream.info
278208	0.21752262115478516	0.09063196182250977	blockstream.info
280224	0.21736407279968262	0.08950042724609375	blockstream.info
282240	0.2178666591644287	0.09000444412231445	blockstream.info
284256	0.2174997329711914	0.09064173698425293	blockstream.info
286272	0.22083830833435059	0.09007143974304199	blockstream.info
288288	0.21816086769104004	0.09067988395690918	blockstream.info
290304	0.21779942512512207	0.08959341049194336	blockstream.info
292320	0.21733903884887695	0.09159517288208008	blockstream.info
294336	0.2176039218902588	0.09164929389953613	blockstream.info
296352	0.21731019020080566	0.08994889259338379	blockstream.info
298368	0.21990060806274414	0.09061026573181152	blockstream.info
300384	0.2170405387878418	0.0900721549987793	blockstream.info
302400	0.21758151054382324	0.09020805358886719	blockstream.info
304416	0.21714138984680176	0.09078240394592285	blockstream.info
306432	0.21797823905944824	0.09066009521484375	blockstream.info
308448	0.21735119819641113	0.09010529518127441	blockstream.info
310464	0.21809792518615723	0.09057116508483887	blockstream.info
312480	0.21974992752075195	0.0899655818939209	blockstream.info
314496	0.21729397773742676	0.09060788154602051	blockstream.info
316512	0.21784448623657227	0.0905599594116211	blockstream.info
318528	0.21891999244689941	0.09081149101257324	blockstream.info
320544	0.218947172164917	0.09041166305541992	blockstream.info
322560	0.2196028232574463	0.08951163291931152	blockstream.info
324576	0.2174854278564453	0.09039783477783203	blockstream.info
326592	0.21745514869689941	0.09107708930969238	blockstream.info
328608	0.21732687950134277	0.09021401405334473	blockstream.info
330624	0.2173001766204834	0.08937573432922363	blockstream.info
332640	0.21871590614318848	0.09031987190246582	blockstream.info
334656	0.21730732917785645	0.09013009071350098	blockstream.info
336672	0.2174973487854004	0.09007978439331055	blockstream.info
338688	0.21748781204223633	0.0904231071472168	blockstream.info
340704	0.21703219413757324	0.09144377708435059	blockstream.info
342720	0.21793055534362793	0.09070873260498047	blockstream.info
344736	0.21688604354858398	0.0901021957397461	blockstream.info
346752	0.21752500534057617	0.08989286422729492	blockstream.info
348768	0.21748995780944824	0.09023833274841309	blockstream.info
350784	0.21741819381713867	0.0905449390411377	blockstream.info
352800	0.2188584804534912	0.09200310707092285	blockstream.info
354816	0.21933817863464355	0.09156465530395508	blockstream.info
356832	0.21802878379821777	0.09072995185852051	blockstream.info
358848	0.2176964282989502	0.08992171287536621	blockstream.info
360864	0.22063350677490234	0.09063911437988281	blockstream.info
362880	0.21747803688049316	0.0900120735168457	blockstream.info
364896	0.21884655952453613	0.0911095142364502	blockstream.info
366912	0.21761059761047363	0.09077882766723633	blockstream.info
368928	0.21756243705749512	0.09012436866760254	blockstream.info
370944	0.21768426895141602	0.08979225158691406	blockstream.info
372960	0.21777844429016113	0.09007668495178223	blockstream.info
374976	0.21813130378723145	0.08950090408325195	blockstream.info
376992	0.21738433837890625	0.08997511863708496	blockstream.info
379008	0.2210543155670166	0.08990836143493652	blockstream.info
381024	0.21755194664001465	0.08962845802307129	blockstream.info
383040	0.21733307838439941	0.09132266044616699	blockstream.info
385056	0.21853232383728027	0.09146237373352051	blockstream.info
387072	0.21941423416137695	0.09044218063354492	blockstream.info
389088	0.21801114082336426	0.09067654609680176	blockstream.info
391104	0.21781492233276367	0.09596371650695801	blockstream.info
393120	0.21811866760253906	0.0904092788696289	blockstream.info
395136	0.21939706802368164	0.09138917922973633	blockstream.info
397152	0.21755313873291016	0.09126758575439453	blockstream.info
399168	0.21821951866149902	0.08981466293334961	blockstream.info
401184	0.21675801277160645	0.08963489532470703	blockstream.info
403200	0.21751928329467773	0.08985376358032227	blockstream.info
405216	0.21721887588500977	0.09040617942810059	blockstream.info
407232	0.21937799453735352	0.08903121948242188	blockstream.info
409248	0.2181708812713623	0.08977484703063965	blockstream.info
411264	0.21841692924499512	0.09183597564697266	blockstream.info
413280	0.21722865104675293	0.09037661552429199	blockstream.info
415296	0.21836328506469727	0.08977270126342773	blockstream.info
417312	0.21744418144226074	0.08910989761352539	blockstream.info
419328	0.21869921684265137	0.08962368965148926	blockstream.info
421344	0.21735286712646484	0.08956003189086914	blockstream.info
423360	0.21703338623046875	0.08918094635009766	blockstream.info
425376	0.21956396102905273	0.08991026878356934	blockstream.info
427392	0.21950244903564453	0.09017133712768555	blockstream.info
429408	0.22242045402526855	0.0889742374420166	blockstream.info
431424	0.21778011322021484	0.08971357345581055	blockstream.info
433440	0.21819138526916504	0.08879995346069336	blockstream.info
435456	0.2177739143371582	0.08846163749694824	blockstream.info
437472	0.21800708770751953	0.09062552452087402	blockstream.info
439488	0.21824145317077637	0.09000015258789062	blockstream.info
441504	0.21799421310424805	0.09022235870361328	blockstream.info
443520	0.2177116870880127	0.08944201469421387	blockstream.info
445536	0.21829843521118164	0.08943009376525879	blockstream.info
447552	0.2174685001373291	0.09289765357971191	blockstream.info
449568	0.2172071933746338	0.09105443954467773	blockstream.info
451584	0.2171919345855713	0.09171652793884277	blockstream.info
453600	0.2187955379486084	0.08980035781860352	blockstream.info
455616	0.2173471450805664	0.09090399742126465	blockstream.info
457632	0.2221684455871582	0.09056973457336426	blockstream.info
459648	0.21786069869995117	0.09076762199401855	blockstream.info
461664	0.21749591827392578	0.09006667137145996	blockstream.info
463680	0.21915841102600098	0.09304022789001465	blockstream.info
465696	0.21820425987243652	0.09185266494750977	blockstream.info
467712	0.2176041603088379	0.09060811996459961	blockstream.info
469728	0.21820640563964844	0.09163737297058105	blockstream.info
471744	0.21747207641601562	0.09100675582885742	blockstream.info
473760	0.2195422649383545	0.09120965003967285	blockstream.info
475776	0.21777582168579102	0.09156203269958496	blockstream.info
477792	0.21785235404968262	0.09184050559997559	blockstream.info
479808	0.2177410125732422	0.09156346321105957	blockstream.info
481824	0.21750831604003906	0.09195113182067871	blockstream.info
483840	0.21809816360473633	0.09295296669006348	blockstream.info
485856	0.22071337699890137	0.09344840049743652	blockstream.info
487872	0.21806597709655762	0.09377408027648926	blockstream.info
489888	0.32566094398498535	0.09435009956359863	blockstream.info
491904	0.21842050552368164	0.0927729606628418	blockstream.info
493920	0.21883296966552734	0.09247374534606934	blockstream.info
495936	0.21785521507263184	0.09311795234680176	blockstream.info
497952	0.21741342544555664	0.09344792366027832	blockstream.info
499968	0.21805930137634277	0.09289360046386719	blockstream.info
501984	0.21753549575805664	0.09383964538574219	blockstream.info
504000	0.21809983253479004	0.09319496154785156	blockstream.info
506016	0.21794986724853516	0.09296655654907227	blockstream.info
508032	0.21762371063232422	0.09278011322021484	blockstream.info
510048	0.21764731407165527	0.09338116645812988	blockstream.info
512064	0.21840786933898926	0.0929727554321289	blockstream.info
514080	0.2176957130432129	0.09177064895629883	blockstream.info
516096	0.21743059158325195	0.09308385848999023	blockstream.info
518112	0.221038818359375	0.09164047241210938	blockstream.info
520128	0.21740388870239258	0.0930945873260498	blockstream.info
522144	0.2178177833557129	0.0924997329711914	blockstream.info
524160	0.21726369857788086	0.09240198135375977	blockstream.info
526176	0.21799659729003906	0.09108734130859375	blockstream.info
528192	0.2181844711303711	0.0916452407836914	blockstream.info
530208	0.21744775772094727	0.09208917617797852	blockstream.info
532224	0.21745562553405762	0.09275460243225098	blockstream.info
534240	0.21862387657165527	0.09367036819458008	blockstream.info
536256	0.21767020225524902	0.09435653686523438	blockstream.info
538272	0.21741509437561035	0.0930185317993164	blockstream.info
540288	0.21762752532958984	0.09312152862548828	blockstream.info
542304	0.2178802490234375	0.09282565116882324	blockstream.info
544320	0.21782994270324707	0.0935218334197998	blockstream.info
546336	0.21795177459716797	0.09296059608459473	blockstream.info
548352	0.21708989143371582	0.09537172317504883	blockstream.info
550368	0.218308687210083	0.09399557113647461	blockstream.info
552384	0.2172834873199463	0.09253907203674316	blockstream.info
554400	0.21890759468078613	0.09269022941589355	blockstream.info
556416	0.21817803382873535	0.0930948257446289	blockstream.info
558432	0.22045397758483887	0.0912482738494873	blockstream.info
560448	0.21698474884033203	0.0909738540649414	blockstream.info
562464	0.21762299537658691	0.09291195869445801	blockstream.info
564480	0.21775436401367188	0.09180068969726562	blockstream.info
566496	0.21792244911193848	0.09139704704284668	blockstream.info
568512	0.2175910472869873	0.09167242050170898	blockstream.info
570528	0.21700310707092285	0.09328389167785645	blockstream.info
572544	0.2173452377319336	0.09117364883422852	blockstream.info
574560	0.21739578247070312	0.09144878387451172	blockstream.info
576576	0.2179243564605713	0.09214329719543457	blockstream.info
578592	0.21735072135925293	0.09268546104431152	blockstream.info
580608	0.21733617782592773	0.09163093566894531	blockstream.info
582624	0.21693181991577148	0.09214210510253906	blockstream.info
584640	0.21825098991394043	0.09116744995117188	blockstream.info
586656	0.21751999855041504	0.09202289581298828	blockstream.info
588672	0.21898889541625977	0.0926826000213623	blockstream.info
590688	0.21692633628845215	0.09133696556091309	blockstream.info
592704	0.21941709518432617	0.09232878684997559	blockstream.info
594720	0.21720194816589355	0.08991789817810059	blockstream.info
596736	0.21758151054382324	0.09160089492797852	blockstream.info
598752	0.2181246280670166	0.09056854248046875	blockstream.info
600768	0.21702146530151367	0.09137082099914551	blockstream.info
602784	0.2177143096923828	0.09057402610778809	blockstream.info
604800	0.21783757209777832	0.09070777893066406	blockstream.info
606816	0.21770501136779785	0.09082460403442383	blockstream.info
608832	0.2177290916442871	0.09203290939331055	blockstream.info
610848	0.21749186515808105	0.09138107299804688	blockstream.info
612864	0.2177135944366455	0.09168219566345215	blockstream.info
614880	0.2175905704498291	0.09186744689941406	blockstream.info
616896	0.21819138526916504	0.09055829048156738	blockstream.info
618912	0.2177438735961914	0.09058475494384766	blockstream.info
620928	0.21760845184326172	0.0906682014465332	blockstream.info
622944	0.2183365821838379	0.09252452850341797	blockstream.info
624960	0.21748995780944824	0.09035849571228027	blockstream.info
626976	0.21741700172424316	0.08988142013549805	blockstream.info
628992	0.21715784072875977	0.09085845947265625	blockstream.info
631008	0.21848702430725098	0.09013676643371582	blockstream.info
633024	0.21729731559753418	0.0898749828338623	blockstream.info
635040	0.21750807762145996	0.09037137031555176	blockstream.info
637056	0.21868252754211426	0.08919644355773926	blockstream.info
639072	0.2176513671875	0.09003376960754395	blockstream.info
641088	0.22376656532287598	0.09062814712524414	blockstream.info
643104	0.2177422046661377	0.09076189994812012	blockstream.info
645120	0.21804094314575195	0.09050559997558594	blockstream.info
647136	0.2198340892791748	0.09000229835510254	blockstream.info
649152	0.21804141998291016	0.09040617942810059	blockstream.info
651168	0.21782922744750977	0.09077572822570801	blockstream.info
653184	0.21775317192077637	0.0903770923614502	blockstream.info
655200	0.21796083450317383	0.09102463722229004	blockstream.info
657216	0.19626641273498535	0.05713486671447754	blockstream.info
