1	1.4136590957641602	0.08614492416381836	fortress.qtornado.com
2016	0.5675075054168701	0.08609151840209961	fortress.qtornado.com
4032	0.28841376304626465	0.08759737014770508	fortress.qtornado.com
6048	0.29167842864990234	0.08607935905456543	fortress.qtornado.com
8064	0.28943967819213867	0.09403395652770996	fortress.qtornado.com
10080	0.2891862392425537	0.08680081367492676	fortress.qtornado.com
12096	0.29026150703430176	0.08680486679077148	fortress.qtornado.com
14112	0.29035186767578125	0.08722805976867676	fortress.qtornado.com
16128	0.2883486747741699	0.08674478530883789	fortress.qtornado.com
18144	0.2890589237213135	0.08816123008728027	fortress.qtornado.com
20160	0.28806328773498535	0.08797860145568848	fortress.qtornado.com
22176	0.2904391288757324	0.08625960350036621	fortress.qtornado.com
24192	0.2899312973022461	0.08556747436523438	fortress.qtornado.com
26208	0.28780555725097656	0.08633923530578613	fortress.qtornado.com
28224	0.31977057456970215	0.17522096633911133	fortress.qtornado.com
30240	0.28881096839904785	0.08680152893066406	fortress.qtornado.com
32256	0.28949618339538574	0.08690667152404785	fortress.qtornado.com
34272	0.29165029525756836	0.08644437789916992	fortress.qtornado.com
36288	0.2877357006072998	0.08597135543823242	fortress.qtornado.com
38304	0.28815388679504395	0.08682441711425781	fortress.qtornado.com
40320	0.2877018451690674	0.08603477478027344	fortress.qtornado.com
42336	0.29151296615600586	0.08628582954406738	fortress.qtornado.com
44352	0.2908358573913574	0.08568906784057617	fortress.qtornado.com
46368	0.28924131393432617	0.08517765998840332	fortress.qtornado.com
48384	0.29397058486938477	0.08557701110839844	fortress.qtornado.com
50400	0.2877223491668701	0.0860738754272461	fortress.qtornado.com
52416	0.2890784740447998	0.08576297760009766	fortress.qtornado.com
54432	0.2875092029571533	0.08547639846801758	fortress.qtornado.com
56448	0.2877004146575928	0.0859677791595459	fortress.qtornado.com
58464	0.2881450653076172	0.0856473445892334	fortress.qtornado.com
60480	0.2875702381134033	0.08676004409790039	fortress.qtornado.com
62496	0.29143452644348145	0.08597421646118164	fortress.qtornado.com
64512	0.28748035430908203	0.08736395835876465	fortress.qtornado.com
66528	0.2913844585418701	0.08657598495483398	fortress.qtornado.com
68544	0.2887539863586426	0.08646631240844727	fortress.qtornado.com
70560	0.28879475593566895	0.08626031875610352	fortress.qtornado.com
72576	0.29653072357177734	0.08780384063720703	fortress.qtornado.com
74592	0.2885763645172119	0.08849477767944336	fortress.qtornado.com
76608	0.2902073860168457	0.08685827255249023	fortress.qtornado.com
78624	0.28766918182373047	0.09380006790161133	fortress.qtornado.com
80640	0.29109978675842285	0.08665251731872559	fortress.qtornado.com
82656	0.2895331382751465	0.08786416053771973	fortress.qtornado.com
84672	0.290144681930542	0.08744621276855469	fortress.qtornado.com
86688	0.3061068058013916	0.08708357810974121	fortress.qtornado.com
88704	0.29030680656433105	0.08723568916320801	fortress.qtornado.com
90720	0.2879495620727539	0.08687472343444824	fortress.qtornado.com
92736	0.2931666374206543	0.08606934547424316	fortress.qtornado.com
94752	0.28896164894104004	0.08768773078918457	fortress.qtornado.com
96768	0.2870762348175049	0.08569765090942383	fortress.qtornado.com
98784	0.2884533405303955	0.08541011810302734	fortress.qtornado.com
100800	0.28887367248535156	0.08674097061157227	fortress.qtornado.com
102816	0.2892940044403076	0.08619308471679688	fortress.qtornado.com
104832	0.2892446517944336	0.08478188514709473	fortress.qtornado.com
106848	0.29004669189453125	0.08515548706054688	fortress.qtornado.com
108864	0.2900104522705078	0.08635926246643066	fortress.qtornado.com
110880	0.28869080543518066	0.08613109588623047	fortress.qtornado.com
112896	0.288804292678833	0.0869896411895752	fortress.qtornado.com
114912	0.3212258815765381	0.0859687328338623	fortress.qtornado.com
116928	0.28922176361083984	0.08744382858276367	fortress.qtornado.com
118944	0.2879183292388916	0.0881509780883789	fortress.qtornado.com
120960	0.28725576400756836	0.08777618408203125	fortress.qtornado.com
122976	0.2891225814819336	0.08886981010437012	fortress.qtornado.com
124992	0.291257381439209	0.08681821823120117	fortress.qtornado.com
127008	0.2872476577758789	0.08745765686035156	fortress.qtornado.com
129024	0.2884342670440674	0.08758878707885742	fortress.qtornado.com
131040	0.2886209487915039	0.08780646324157715	fortress.qtornado.com
133056	0.29071569442749023	0.08748769760131836	fortress.qtornado.com
135072	0.28780102729797363	0.08777260780334473	fortress.qtornado.com
137088	0.2894937992095947	0.08786678314208984	fortress.qtornado.com
139104	0.28855061531066895	0.08481740951538086	fortress.qtornado.com
141120	0.29003357887268066	0.19009113311767578	fortress.qtornado.com
143136	0.2877030372619629	0.08710360527038574	fortress.qtornado.com
145152	0.2894136905670166	0.08540225028991699	fortress.qtornado.com
147168	0.28810882568359375	0.08545947074890137	fortress.qtornado.com
149184	0.30089402198791504	0.08591413497924805	fortress.qtornado.com
151200	0.2913053035736084	0.08647871017456055	fortress.qtornado.com
153216	0.28940916061401367	0.08708953857421875	fortress.qtornado.com
155232	0.29157543182373047	0.0863807201385498	fortress.qtornado.com
157248	0.29150986671447754	0.08687257766723633	fortress.qtornado.com
159264	0.28729915618896484	0.0873260498046875	fortress.qtornado.com
161280	0.28966379165649414	0.08570027351379395	fortress.qtornado.com
163296	0.28906917572021484	0.08596372604370117	fortress.qtornado.com
165312	0.28749942779541016	0.0871589183807373	fortress.qtornado.com
167328	0.2902233600616455	0.08548402786254883	fortress.qtornado.com
169344	0.28864550590515137	0.08706021308898926	fortress.qtornado.com
171360	0.2869586944580078	0.08575010299682617	fortress.qtornado.com
173376	0.28969240188598633	0.08648014068603516	fortress.qtornado.com
175392	0.29029059410095215	0.08563017845153809	fortress.qtornado.com
177408	0.2897336483001709	0.0866544246673584	fortress.qtornado.com
179424	0.2900264263153076	0.0863192081451416	fortress.qtornado.com
181440	0.28919363021850586	0.08629345893859863	fortress.qtornado.com
183456	0.30039310455322266	0.08654022216796875	fortress.qtornado.com
185472	0.2913200855255127	0.08610105514526367	fortress.qtornado.com
187488	0.2886390686035156	0.08603215217590332	fortress.qtornado.com
189504	0.28995847702026367	0.08732914924621582	fortress.qtornado.com
191520	0.2915992736816406	0.0872952938079834	fortress.qtornado.com
193536	0.28921961784362793	0.08672046661376953	fortress.qtornado.com
195552	0.2902998924255371	0.0864863395690918	fortress.qtornado.com
197568	0.29430198669433594	0.08585095405578613	fortress.qtornado.com
199584	0.28834033012390137	0.08692002296447754	fortress.qtornado.com
201600	0.2896430492401123	0.0872640609741211	fortress.qtornado.com
203616	0.28755664825439453	0.08672618865966797	fortress.qtornado.com
205632	0.2907123565673828	0.08648180961608887	fortress.qtornado.com
207648	0.29320716857910156	0.08643364906311035	fortress.qtornado.com
209664	0.2894723415374756	0.08642959594726562	fortress.qtornado.com
211680	0.2893364429473877	0.0872344970703125	fortress.qtornado.com
213696	0.2884972095489502	0.0864100456237793	fortress.qtornado.com
215712	0.2907695770263672	0.08669424057006836	fortress.qtornado.com
217728	0.2886519432067871	0.08980941772460938	fortress.qtornado.com
219744	0.2903883457183838	0.0860598087310791	fortress.qtornado.com
221760	0.28864002227783203	0.08589720726013184	fortress.qtornado.com
223776	0.29208993911743164	0.08571076393127441	fortress.qtornado.com
225792	0.28711605072021484	0.08601784706115723	fortress.qtornado.com
227808	0.3203084468841553	0.08618712425231934	fortress.qtornado.com
229824	0.28740835189819336	0.08616757392883301	fortress.qtornado.com
231840	0.28920745849609375	0.08701062202453613	fortress.qtornado.com
233856	0.2873353958129883	0.08710598945617676	fortress.qtornado.com
235872	0.2871980667114258	0.08653402328491211	fortress.qtornado.com
237888	0.28939342498779297	0.08666300773620605	fortress.qtornado.com
239904	0.2902648448944092	0.08702945709228516	fortress.qtornado.com
241920	0.28881120681762695	0.08767223358154297	fortress.qtornado.com
243936	0.28821468353271484	0.08756327629089355	fortress.qtornado.com
245952	0.28692030906677246	0.08676767349243164	fortress.qtornado.com
247968	0.28718042373657227	0.08646297454833984	fortress.qtornado.com
249984	0.28775882720947266	0.08632349967956543	fortress.qtornado.com
252000	0.2895846366882324	0.08663487434387207	fortress.qtornado.com
254016	0.2913944721221924	0.08656930923461914	fortress.qtornado.com
256032	0.28713130950927734	0.08655238151550293	fortress.qtornado.com
258048	1.263094186782837	0.08685779571533203	fortress.qtornado.com
260064	0.2873387336730957	0.08559846878051758	fortress.qtornado.com
262080	0.28931617736816406	0.08688139915466309	fortress.qtornado.com
264096	0.29029345512390137	0.08764338493347168	fortress.qtornado.com
266112	0.2903273105621338	0.08756232261657715	fortress.qtornado.com
268128	0.2924175262451172	0.08781075477600098	fortress.qtornado.com
270144	0.29668569564819336	0.0879063606262207	fortress.qtornado.com
272160	0.2893655300140381	0.08746671676635742	fortress.qtornado.com
274176	0.2880127429962158	0.08699631690979004	fortress.qtornado.com
276192	0.28996992111206055	0.08708333969116211	fortress.qtornado.com
278208	0.28696703910827637	0.08768272399902344	fortress.qtornado.com
280224	0.2917513847351074	0.08764266967773438	fortress.qtornado.com
282240	0.2892425060272217	0.08671021461486816	fortress.qtornado.com
284256	0.34308481216430664	0.08795046806335449	fortress.qtornado.com
286272	0.2892425060272217	0.08733654022216797	fortress.qtornado.com
288288	0.2983589172363281	0.0867319107055664	fortress.qtornado.com
290304	0.28862953186035156	0.09455561637878418	fortress.qtornado.com
292320	0.2898077964782715	0.08795809745788574	fortress.qtornado.com
294336	0.28859615325927734	0.0881650447845459	fortress.qtornado.com
296352	0.2898368835449219	0.08765912055969238	fortress.qtornado.com
298368	0.2889885902404785	0.08748483657836914	fortress.qtornado.com
300384	0.28898143768310547	0.0878293514251709	fortress.qtornado.com
302400	0.2927713394165039	0.08730149269104004	fortress.qtornado.com
304416	0.28917527198791504	0.08739209175109863	fortress.qtornado.com
306432	0.28835630416870117	0.08794283866882324	fortress.qtornado.com
308448	0.2877976894378662	0.08669900894165039	fortress.qtornado.com
310464	0.28827810287475586	0.08740353584289551	fortress.qtornado.com
312480	0.2889077663421631	0.08770012855529785	fortress.qtornado.com
314496	0.2884383201599121	0.08757543563842773	fortress.qtornado.com
316512	0.29207897186279297	0.08758759498596191	fortress.qtornado.com
318528	0.28778862953186035	0.08821463584899902	fortress.qtornado.com
320544	0.29016542434692383	0.0884864330291748	fortress.qtornado.com
322560	0.2878544330596924	0.08803248405456543	fortress.qtornado.com
324576	0.2898714542388916	0.08612823486328125	fortress.qtornado.com
326592	0.29737043380737305	0.08791399002075195	fortress.qtornado.com
328608	0.2997701168060303	0.0883796215057373	fortress.qtornado.com
330624	0.2898135185241699	0.08792924880981445	fortress.qtornado.com
332640	0.29208874702453613	0.08843040466308594	fortress.qtornado.com
334656	0.2900407314300537	0.08853626251220703	fortress.qtornado.com
336672	0.30080509185791016	0.08845734596252441	fortress.qtornado.com
338688	0.28746652603149414	0.08793306350708008	fortress.qtornado.com
340704	0.28734374046325684	0.08862113952636719	fortress.qtornado.com
342720	0.28876733779907227	0.08803033828735352	fortress.qtornado.com
344736	0.286945104598999	0.08720564842224121	fortress.qtornado.com
346752	0.28832149505615234	0.08876252174377441	fortress.qtornado.com
348768	0.2870607376098633	0.0879204273223877	fortress.qtornado.com
350784	0.28879475593566895	0.08840513229370117	fortress.qtornado.com
352800	0.29149365425109863	0.08852696418762207	fortress.qtornado.com
354816	0.28873682022094727	0.08891558647155762	fortress.qtornado.com
356832	0.29286718368530273	0.08837270736694336	fortress.qtornado.com
358848	0.29552555084228516	0.0882868766784668	fortress.qtornado.com
360864	0.2991142272949219	0.0884859561920166	fortress.qtornado.com
362880	0.2895536422729492	0.08856034278869629	fortress.qtornado.com
364896	0.29258251190185547	0.08812284469604492	fortress.qtornado.com
366912	0.2881438732147217	0.08858585357666016	fortress.qtornado.com
368928	0.28871822357177734	0.08831596374511719	fortress.qtornado.com
370944	0.28931641578674316	0.08796286582946777	fortress.qtornado.com
372960	0.28963470458984375	0.0882713794708252	fortress.qtornado.com
374976	0.2904176712036133	0.08885002136230469	fortress.qtornado.com
376992	0.28963375091552734	0.08815693855285645	fortress.qtornado.com
379008	0.2892768383026123	0.0891420841217041	fortress.qtornado.com
381024	0.29006314277648926	0.08791255950927734	fortress.qtornado.com
383040	0.2885396480560303	0.08853912353515625	fortress.qtornado.com
385056	0.29009199142456055	0.08953404426574707	fortress.qtornado.com
387072	0.2873115539550781	0.0880119800567627	fortress.qtornado.com
389088	0.2885932922363281	0.08713173866271973	fortress.qtornado.com
391104	0.29102516174316406	0.08763408660888672	fortress.qtornado.com
393120	0.28903770446777344	0.08718633651733398	fortress.qtornado.com
395136	0.3666243553161621	0.08670783042907715	fortress.qtornado.com
397152	0.2887439727783203	0.08778095245361328	fortress.qtornado.com
399168	0.28859782218933105	0.08709263801574707	fortress.qtornado.com
401184	0.28794193267822266	0.08748602867126465	fortress.qtornado.com
403200	0.291090726852417	0.0876932144165039	fortress.qtornado.com
405216	0.28862762451171875	0.08798050880432129	fortress.qtornado.com
407232	0.29025864601135254	0.0886082649230957	fortress.qtornado.com
409248	0.2877082824707031	0.08864641189575195	fortress.qtornado.com
411264	0.3008761405944824	0.09034323692321777	fortress.qtornado.com
413280	0.2892937660217285	0.08844113349914551	fortress.qtornado.com
415296	0.2894585132598877	0.08828902244567871	fortress.qtornado.com
417312	0.2933664321899414	0.08804965019226074	fortress.qtornado.com
419328	0.29086923599243164	0.08808565139770508	fortress.qtornado.com
421344	0.28978538513183594	0.08871769905090332	fortress.qtornado.com
423360	0.337357759475708	0.0867013931274414	fortress.qtornado.com
425376	0.28801774978637695	0.08665585517883301	fortress.qtornado.com
427392	0.29042506217956543	0.08633971214294434	fortress.qtornado.com
429408	0.28984856605529785	0.08655786514282227	fortress.qtornado.com
431424	0.2885148525238037	0.08668327331542969	fortress.qtornado.com
433440	0.2886171340942383	0.08640480041503906	fortress.qtornado.com
435456	0.28903889656066895	0.08665275573730469	fortress.qtornado.com
437472	0.28804516792297363	0.08725237846374512	fortress.qtornado.com
439488	0.2889740467071533	0.0870816707611084	fortress.qtornado.com
441504	0.28783202171325684	0.08730220794677734	fortress.qtornado.com
443520	0.289931058883667	0.08708882331848145	fortress.qtornado.com
445536	0.2868838310241699	0.08665657043457031	fortress.qtornado.com
447552	0.2885432243347168	0.0872650146484375	fortress.qtornado.com
449568	0.2868969440460205	0.08693981170654297	fortress.qtornado.com
451584	0.28970885276794434	0.08750772476196289	fortress.qtornado.com
453600	0.28820323944091797	0.08830380439758301	fortress.qtornado.com
455616	0.29898715019226074	0.08668780326843262	fortress.qtornado.com
457632	0.29047155380249023	0.08735823631286621	fortress.qtornado.com
459648	0.2881932258605957	0.0868842601776123	fortress.qtornado.com
461664	0.2873406410217285	0.08589696884155273	fortress.qtornado.com
463680	0.2887115478515625	0.0868370532989502	fortress.qtornado.com
465696	0.2885589599609375	0.08679533004760742	fortress.qtornado.com
467712	0.2879302501678467	0.08856940269470215	fortress.qtornado.com
469728	0.28901004791259766	0.08777999877929688	fortress.qtornado.com
471744	0.2890310287475586	0.08720874786376953	fortress.qtornado.com
473760	0.29287123680114746	0.08668041229248047	fortress.qtornado.com
475776	0.28899598121643066	0.08812260627746582	fortress.qtornado.com
477792	0.28842902183532715	0.08718252182006836	fortress.qtornado.com
479808	0.28809690475463867	0.08756017684936523	fortress.qtornado.com
481824	0.28870201110839844	0.0876157283782959	fortress.qtornado.com
483840	0.28888916969299316	0.08818817138671875	fortress.qtornado.com
485856	0.29044055938720703	0.08843111991882324	fortress.qtornado.com
487872	0.2908954620361328	0.08924508094787598	fortress.qtornado.com
489888	0.28870463371276855	0.08966517448425293	fortress.qtornado.com
491904	0.29035186767578125	0.08932375907897949	fortress.qtornado.com
493920	0.28967738151550293	0.08892369270324707	fortress.qtornado.com
495936	0.2870824337005615	0.08802175521850586	fortress.qtornado.com
497952	0.2890932559967041	0.08873629570007324	fortress.qtornado.com
499968	0.2901129722595215	0.08846426010131836	fortress.qtornado.com
501984	0.2869257926940918	0.08907556533813477	fortress.qtornado.com
504000	0.28992128372192383	0.08808493614196777	fortress.qtornado.com
506016	0.28955912590026855	0.08793354034423828	fortress.qtornado.com
508032	0.28705668449401855	0.08822274208068848	fortress.qtornado.com
510048	0.28786325454711914	0.0878455638885498	fortress.qtornado.com
512064	0.2930896282196045	0.08737635612487793	fortress.qtornado.com
514080	0.30606603622436523	0.08954858779907227	fortress.qtornado.com
516096	0.2876260280609131	0.08907651901245117	fortress.qtornado.com
518112	0.28772759437561035	0.0894021987915039	fortress.qtornado.com
520128	0.2867774963378906	0.08979296684265137	fortress.qtornado.com
522144	0.2889251708984375	0.08780932426452637	fortress.qtornado.com
524160	0.2884190082550049	0.08811783790588379	fortress.qtornado.com
526176	0.29123544692993164	0.08764410018920898	fortress.qtornado.com
528192	0.2883033752441406	0.08766055107116699	fortress.qtornado.com
530208	0.287045955657959	0.08768773078918457	fortress.qtornado.com
532224	0.28830885887145996	0.0891876220703125	fortress.qtornado.com
534240	0.28702712059020996	0.08758378028869629	fortress.qtornado.com
536256	0.28711438179016113	0.0885932445526123	fortress.qtornado.com
538272	0.28900814056396484	0.08777856826782227	fortress.qtornado.com
540288	0.28870391845703125	0.08872795104980469	fortress.qtornado.com
542304	0.2876303195953369	0.08861541748046875	fortress.qtornado.com
544320	0.28812479972839355	0.09002923965454102	fortress.qtornado.com
546336	0.28751564025878906	0.08821940422058105	fortress.qtornado.com
548352	0.2873384952545166	0.08876895904541016	fortress.qtornado.com
550368	0.28855156898498535	0.08959746360778809	fortress.qtornado.com
552384	0.28815507888793945	0.08746194839477539	fortress.qtornado.com
554400	0.28902101516723633	0.08875727653503418	fortress.qtornado.com
556416	0.28770947456359863	0.08919668197631836	fortress.qtornado.com
558432	0.286876916885376	0.08779430389404297	fortress.qtornado.com
560448	0.28858113288879395	0.08771395683288574	fortress.qtornado.com
562464	0.28720760345458984	0.08829379081726074	fortress.qtornado.com
564480	0.2906310558319092	0.08772706985473633	fortress.qtornado.com
566496	0.30218005180358887	0.08706307411193848	fortress.qtornado.com
568512	0.2870628833770752	0.08797812461853027	fortress.qtornado.com
570528	0.2870175838470459	0.08855628967285156	fortress.qtornado.com
572544	0.29030418395996094	0.08857107162475586	fortress.qtornado.com
574560	0.29020214080810547	0.08837223052978516	fortress.qtornado.com
576576	0.2899940013885498	0.0874791145324707	fortress.qtornado.com
578592	0.2891392707824707	0.0885000228881836	fortress.qtornado.com
580608	0.28937578201293945	0.0881047248840332	fortress.qtornado.com
582624	0.2905607223510742	0.08858346939086914	fortress.qtornado.com
584640	0.2887997627258301	0.08771991729736328	fortress.qtornado.com
586656	0.2974517345428467	0.08903074264526367	fortress.qtornado.com
588672	0.2895798683166504	0.08761048316955566	fortress.qtornado.com
590688	0.2887732982635498	0.08803772926330566	fortress.qtornado.com
592704	0.28887176513671875	0.08791565895080566	fortress.qtornado.com
594720	0.28829193115234375	0.0879518985748291	fortress.qtornado.com
596736	0.3392679691314697	0.08821392059326172	fortress.qtornado.com
598752	0.287935733795166	0.08836960792541504	fortress.qtornado.com
600768	0.28900980949401855	0.08812236785888672	fortress.qtornado.com
602784	0.2881155014038086	0.08793377876281738	fortress.qtornado.com
604800	0.2886466979980469	0.08798456192016602	fortress.qtornado.com
606816	0.29648423194885254	0.08730101585388184	fortress.qtornado.com
608832	0.2894749641418457	0.08850455284118652	fortress.qtornado.com
610848	0.29062438011169434	0.0877525806427002	fortress.qtornado.com
612864	0.2923583984375	0.08810639381408691	fortress.qtornado.com
614880	0.2871274948120117	0.08873844146728516	fortress.qtornado.com
616896	0.2927064895629883	0.08854007720947266	fortress.qtornado.com
618912	0.28980255126953125	0.08968091011047363	fortress.qtornado.com
620928	0.2908945083618164	0.08868193626403809	fortress.qtornado.com
622944	0.2896614074707031	0.08823752403259277	fortress.qtornado.com
624960	0.29535698890686035	0.08713412284851074	fortress.qtornado.com
626976	1.340026617050171	0.08900904655456543	fortress.qtornado.com
628992	0.28754281997680664	0.08762621879577637	fortress.qtornado.com
631008	0.28891468048095703	0.08792281150817871	fortress.qtornado.com
633024	0.2877950668334961	0.08862447738647461	fortress.qtornado.com
635040	0.2894301414489746	0.08901810646057129	fortress.qtornado.com
637056	0.2966578006744385	0.08862686157226562	fortress.qtornado.com
639072	0.2893984317779541	0.0895087718963623	fortress.qtornado.com
641088	0.28929996490478516	0.08906126022338867	fortress.qtornado.com
643104	0.2908928394317627	0.088714599609375	fortress.qtornado.com
645120	0.2910141944885254	0.08835697174072266	fortress.qtornado.com
647136	0.29088544845581055	0.08862733840942383	fortress.qtornado.com
649152	0.2950003147125244	0.08904528617858887	fortress.qtornado.com
651168	0.287783145904541	0.08845925331115723	fortress.qtornado.com
653184	0.3003256320953369	0.08903050422668457	fortress.qtornado.com
655200	0.29059672355651855	0.08974051475524902	fortress.qtornado.com
657216	0.28591108322143555	0.05555367469787598	fortress.qtornado.com
