1	1.374262809753418	0.09138703346252441	electrum.hodlister.co
2016	0.5796020030975342	0.08822774887084961	electrum.hodlister.co
4032	0.5436952114105225	0.08870077133178711	electrum.hodlister.co
6048	0.5389277935028076	0.08897781372070312	electrum.hodlister.co
8064	0.540245532989502	0.0895993709564209	electrum.hodlister.co
10080	0.557666540145874	0.0899810791015625	electrum.hodlister.co
12096	0.5387160778045654	0.08976054191589355	electrum.hodlister.co
14112	0.3870270252227783	0.08900928497314453	electrum.hodlister.co
16128	0.3520369529724121	0.08661413192749023	electrum.hodlister.co
18144	0.3593590259552002	0.08830094337463379	electrum.hodlister.co
20160	0.3688955307006836	0.1799027919769287	electrum.hodlister.co
22176	0.360288143157959	0.08906269073486328	electrum.hodlister.co
24192	0.3523428440093994	0.08855819702148438	electrum.hodlister.co
26208	0.3533804416656494	0.08853483200073242	electrum.hodlister.co
28224	0.35453319549560547	0.08991622924804688	electrum.hodlister.co
30240	0.36362171173095703	0.0908041000366211	electrum.hodlister.co
32256	0.35684895515441895	0.0902409553527832	electrum.hodlister.co
34272	0.3578052520751953	0.08944511413574219	electrum.hodlister.co
36289	1.6544902324676514	0.0896766185760498	electrum.hodlister.co
38304	0.6816840171813965	0.08925342559814453	electrum.hodlister.co
40320	0.34334850311279297	0.0885915756225586	electrum.hodlister.co
42336	0.34343528747558594	0.08946681022644043	electrum.hodlister.co
44352	0.34220266342163086	0.08960628509521484	electrum.hodlister.co
46368	0.6654806137084961	0.08997654914855957	electrum.hodlister.co
48384	0.371807336807251	0.0894773006439209	electrum.hodlister.co
50400	0.6792795658111572	0.08835697174072266	electrum.hodlister.co
52416	0.3485407829284668	0.0882105827331543	electrum.hodlister.co
54432	0.3569958209991455	0.08749246597290039	electrum.hodlister.co
56448	0.6755943298339844	0.09014415740966797	electrum.hodlister.co
58464	0.6735894680023193	0.0890798568725586	electrum.hodlister.co
60480	0.6748368740081787	0.08898591995239258	electrum.hodlister.co
62496	0.6760458946228027	0.08910489082336426	electrum.hodlister.co
64512	0.3493156433105469	0.08975791931152344	electrum.hodlister.co
66528	0.34452390670776367	0.09214186668395996	electrum.hodlister.co
68544	0.34636807441711426	0.08936452865600586	electrum.hodlister.co
70560	0.3522181510925293	0.08911466598510742	electrum.hodlister.co
72576	0.3631753921508789	0.09034371376037598	electrum.hodlister.co
74592	0.6714050769805908	0.09010624885559082	electrum.hodlister.co
76608	0.3460121154785156	0.0896296501159668	electrum.hodlister.co
78624	0.3493986129760742	0.08975052833557129	electrum.hodlister.co
80640	0.34224557876586914	0.0896613597869873	electrum.hodlister.co
82656	0.35745811462402344	0.08918452262878418	electrum.hodlister.co
84672	0.6703035831451416	0.09002327919006348	electrum.hodlister.co
86688	0.6718752384185791	0.09110283851623535	electrum.hodlister.co
88704	0.3639802932739258	0.08881640434265137	electrum.hodlister.co
90720	0.3441154956817627	0.08890628814697266	electrum.hodlister.co
92736	0.3478527069091797	0.0883474349975586	electrum.hodlister.co
94752	0.342665433883667	0.0884256362915039	electrum.hodlister.co
96768	0.36217331886291504	0.0877230167388916	electrum.hodlister.co
98784	0.3849606513977051	0.08768510818481445	electrum.hodlister.co
100800	0.345883846282959	0.08841347694396973	electrum.hodlister.co
102816	0.3468184471130371	0.08754777908325195	electrum.hodlister.co
104832	0.35706114768981934	0.08812165260314941	electrum.hodlister.co
106848	0.3616633415222168	0.08781981468200684	electrum.hodlister.co
108864	0.344240665435791	0.0877685546875	electrum.hodlister.co
110880	0.3820991516113281	0.08858633041381836	electrum.hodlister.co
112896	0.348010778427124	0.08917784690856934	electrum.hodlister.co
114912	0.6744706630706787	0.08949851989746094	electrum.hodlister.co
116928	0.3438529968261719	0.09034943580627441	electrum.hodlister.co
118944	0.6662280559539795	0.0899205207824707	electrum.hodlister.co
120960	0.3486323356628418	0.090545654296875	electrum.hodlister.co
122976	0.6698586940765381	0.09030747413635254	electrum.hodlister.co
124992	0.6672873497009277	0.09020757675170898	electrum.hodlister.co
127008	0.6678972244262695	0.09056353569030762	electrum.hodlister.co
129024	0.6755869388580322	0.09012627601623535	electrum.hodlister.co
131040	0.6724770069122314	0.08911991119384766	electrum.hodlister.co
133056	0.347609281539917	0.08893990516662598	electrum.hodlister.co
135072	0.6801369190216064	0.09031796455383301	electrum.hodlister.co
137088	0.35002994537353516	0.0905296802520752	electrum.hodlister.co
139104	0.668492317199707	0.08995985984802246	electrum.hodlister.co
141120	0.6705126762390137	0.08900880813598633	electrum.hodlister.co
143136	0.6696016788482666	0.0893247127532959	electrum.hodlister.co
145152	0.3676130771636963	0.08946108818054199	electrum.hodlister.co
147168	0.3461282253265381	0.08928728103637695	electrum.hodlister.co
149184	0.6677882671356201	0.0907294750213623	electrum.hodlister.co
151200	0.34365320205688477	0.0896153450012207	electrum.hodlister.co
153216	0.3458244800567627	0.14680981636047363	electrum.hodlister.co
155232	0.3458569049835205	0.08858513832092285	electrum.hodlister.co
157248	0.35040831565856934	0.09538054466247559	electrum.hodlister.co
159264	0.6731991767883301	0.08977198600769043	electrum.hodlister.co
161280	0.35630083084106445	0.09032821655273438	electrum.hodlister.co
163296	0.3464183807373047	0.0893397331237793	electrum.hodlister.co
165312	0.6652812957763672	0.08988451957702637	electrum.hodlister.co
167328	0.34491658210754395	0.08820796012878418	electrum.hodlister.co
169344	0.6735992431640625	0.08855581283569336	electrum.hodlister.co
171360	0.7057559490203857	0.08996438980102539	electrum.hodlister.co
173376	0.34056949615478516	0.08852553367614746	electrum.hodlister.co
175392	0.3430931568145752	0.08915925025939941	electrum.hodlister.co
177408	0.6793615818023682	0.08967351913452148	electrum.hodlister.co
179424	0.3435056209564209	0.08936667442321777	electrum.hodlister.co
181440	0.35156893730163574	0.08971405029296875	electrum.hodlister.co
183456	0.670518159866333	0.0887751579284668	electrum.hodlister.co
185472	0.3577704429626465	0.08796143531799316	electrum.hodlister.co
187488	0.3475790023803711	0.08936619758605957	electrum.hodlister.co
189504	0.6651153564453125	0.08980941772460938	electrum.hodlister.co
191520	0.6669371128082275	0.08802056312561035	electrum.hodlister.co
193536	0.6698768138885498	0.0882422924041748	electrum.hodlister.co
195552	0.3504319190979004	0.08820819854736328	electrum.hodlister.co
197568	0.686776876449585	0.08897948265075684	electrum.hodlister.co
199584	0.35532617568969727	0.08926200866699219	electrum.hodlister.co
201600	0.3526027202606201	0.08963489532470703	electrum.hodlister.co
203616	0.34394264221191406	0.08891773223876953	electrum.hodlister.co
205632	0.34692835807800293	0.08963274955749512	electrum.hodlister.co
207648	0.6766490936279297	0.09003329277038574	electrum.hodlister.co
209664	0.6783134937286377	0.09025382995605469	electrum.hodlister.co
211680	0.3488154411315918	0.09094095230102539	electrum.hodlister.co
213696	0.3460502624511719	0.09216141700744629	electrum.hodlister.co
215713	1.8946456909179688	0.08922147750854492	electrum.blockstream.info
217728	2.4088680744171143	0.09078216552734375	electrum.blockstream.info
219744	2.3852005004882812	0.09123730659484863	electrum.blockstream.info
221760	2.257389783859253	0.09288406372070312	electrum.blockstream.info
223776	2.311199903488159	0.09088301658630371	electrum.blockstream.info
225792	2.1987664699554443	0.09105491638183594	electrum.blockstream.info
227808	2.3742077350616455	0.0903160572052002	electrum.blockstream.info
229824	2.4285037517547607	0.09028387069702148	electrum.blockstream.info
231840	2.6933326721191406	0.08976531028747559	electrum.blockstream.info
233856	2.680159330368042	0.08880996704101562	electrum.blockstream.info
235872	3.0279252529144287	0.09037327766418457	electrum.blockstream.info
237888	2.9385106563568115	0.08791708946228027	electrum.blockstream.info
239904	3.0144309997558594	0.08977746963500977	electrum.blockstream.info
241920	2.9357595443725586	0.0904543399810791	electrum.blockstream.info
243936	2.993478775024414	0.09136295318603516	electrum.blockstream.info
245952	3.0344760417938232	0.09034276008605957	electrum.blockstream.info
247968	2.978461742401123	0.09112095832824707	electrum.blockstream.info
249984	3.157719850540161	0.09047269821166992	electrum.blockstream.info
252000	3.507739305496216	0.09021878242492676	electrum.blockstream.info
254016	3.2627220153808594	0.0912175178527832	electrum.blockstream.info
256032	3.3145735263824463	0.09045529365539551	electrum.blockstream.info
258048	3.6491854190826416	0.08919048309326172	electrum.blockstream.info
260064	12.049782752990723	0.08942031860351562	electrum.blockstream.info
262081	1.088005781173706	0.09016895294189453	electrum.blockstream.info
264096	0.3169410228729248	0.0896449089050293	electrum.blockstream.info
266112	0.31807875633239746	0.09037303924560547	electrum.blockstream.info
268128	0.3173983097076416	0.09090232849121094	electrum.blockstream.info
270144	0.31685352325439453	0.08983945846557617	electrum.blockstream.info
272160	0.31880664825439453	0.09057092666625977	electrum.blockstream.info
274176	0.3166840076446533	0.09184741973876953	electrum.blockstream.info
276192	0.3166329860687256	0.0898580551147461	electrum.blockstream.info
278208	0.4721658229827881	0.09157013893127441	electrum.blockstream.info
280224	0.3175036907196045	0.09150195121765137	electrum.blockstream.info
282240	0.31762099266052246	0.09037232398986816	electrum.blockstream.info
284256	0.31653642654418945	0.09015917778015137	electrum.blockstream.info
286272	0.31674695014953613	0.0910649299621582	electrum.blockstream.info
288288	0.3163788318634033	0.09064841270446777	electrum.blockstream.info
290304	0.3168764114379883	0.09141659736633301	electrum.blockstream.info
292320	0.31728434562683105	0.09313774108886719	electrum.blockstream.info
294336	0.4716188907623291	0.09344172477722168	electrum.blockstream.info
296352	0.3191952705383301	0.09138274192810059	electrum.blockstream.info
298368	0.3177361488342285	0.09117722511291504	electrum.blockstream.info
300384	0.31722235679626465	0.09212279319763184	electrum.blockstream.info
302400	0.3181300163269043	0.09172630310058594	electrum.blockstream.info
304416	0.31763410568237305	0.09041333198547363	electrum.blockstream.info
306432	0.31799912452697754	0.09020161628723145	electrum.blockstream.info
308448	0.31692957878112793	0.09142637252807617	electrum.blockstream.info
310464	0.473419189453125	0.09160375595092773	electrum.blockstream.info
312480	0.4704616069793701	0.09089326858520508	electrum.blockstream.info
314496	0.4725043773651123	0.09085726737976074	electrum.blockstream.info
316512	0.47068309783935547	0.09099483489990234	electrum.blockstream.info
318528	0.47003650665283203	0.09159445762634277	electrum.blockstream.info
320544	0.31812524795532227	0.09113860130310059	electrum.blockstream.info
322560	0.31899452209472656	0.09130191802978516	electrum.blockstream.info
324576	0.3168754577636719	0.09155750274658203	electrum.blockstream.info
326592	0.3177804946899414	0.09187126159667969	electrum.blockstream.info
328608	0.31824707984924316	0.09160089492797852	electrum.blockstream.info
330624	0.32275867462158203	0.09103560447692871	electrum.blockstream.info
332640	0.3183004856109619	0.09234619140625	electrum.blockstream.info
334656	0.31835174560546875	0.09164929389953613	electrum.blockstream.info
336672	0.31793832778930664	0.0924825668334961	electrum.blockstream.info
338688	0.31900477409362793	0.09164929389953613	electrum.blockstream.info
340704	0.3182964324951172	0.09194469451904297	electrum.blockstream.info
342720	0.3212006092071533	0.09116077423095703	electrum.blockstream.info
344736	0.3178231716156006	0.0918118953704834	electrum.blockstream.info
346752	0.3187553882598877	0.09278607368469238	electrum.blockstream.info
348768	0.31738924980163574	0.09174728393554688	electrum.blockstream.info
350784	0.31861186027526855	0.09282636642456055	electrum.blockstream.info
352800	0.3192293643951416	0.09192061424255371	electrum.blockstream.info
354816	0.31845521926879883	0.09206247329711914	electrum.blockstream.info
356832	0.3186330795288086	0.09319210052490234	electrum.blockstream.info
358848	0.31836581230163574	0.09185647964477539	electrum.blockstream.info
360864	0.31720709800720215	0.09171080589294434	electrum.blockstream.info
362880	0.3168792724609375	0.09201216697692871	electrum.blockstream.info
364896	0.31727004051208496	0.09160518646240234	electrum.blockstream.info
366912	0.3191108703613281	0.09238934516906738	electrum.blockstream.info
368928	0.31806468963623047	0.09164571762084961	electrum.blockstream.info
370944	0.3196229934692383	0.0917806625366211	electrum.blockstream.info
372960	0.31704235076904297	0.09177947044372559	electrum.blockstream.info
374976	0.3179292678833008	0.09228706359863281	electrum.blockstream.info
376992	0.3169581890106201	0.09186840057373047	electrum.blockstream.info
379008	0.31703805923461914	0.0921626091003418	electrum.blockstream.info
381024	0.31687140464782715	0.09241604804992676	electrum.blockstream.info
383040	0.3170657157897949	0.09205389022827148	electrum.blockstream.info
385056	0.3167245388031006	0.09166741371154785	electrum.blockstream.info
387072	0.3167557716369629	0.0922236442565918	electrum.blockstream.info
389088	0.3168606758117676	0.09130716323852539	electrum.blockstream.info
391104	0.31682348251342773	0.09151101112365723	electrum.blockstream.info
393120	0.3193068504333496	0.09252285957336426	electrum.blockstream.info
395136	0.31686902046203613	0.09250211715698242	electrum.blockstream.info
397152	0.31672143936157227	0.09191274642944336	electrum.blockstream.info
399168	0.3178446292877197	0.09276175498962402	electrum.blockstream.info
401184	0.3194115161895752	0.09191179275512695	electrum.blockstream.info
403200	0.3178730010986328	0.09250879287719727	electrum.blockstream.info
405216	0.31681203842163086	0.09235548973083496	electrum.blockstream.info
407232	0.31699228286743164	0.09279918670654297	electrum.blockstream.info
409248	0.3167085647583008	0.09155988693237305	electrum.blockstream.info
411264	0.3168368339538574	0.09290623664855957	electrum.blockstream.info
413280	0.31740331649780273	0.09190607070922852	electrum.blockstream.info
415296	0.3170137405395508	0.09245657920837402	electrum.blockstream.info
417312	0.3172898292541504	0.09184455871582031	electrum.blockstream.info
419328	0.3171355724334717	0.09128403663635254	electrum.blockstream.info
421344	0.31941771507263184	0.09075784683227539	electrum.blockstream.info
423360	0.31954169273376465	0.09148168563842773	electrum.blockstream.info
425376	0.3190639019012451	0.09213805198669434	electrum.blockstream.info
427392	0.4708099365234375	0.09045147895812988	electrum.blockstream.info
429408	0.4699234962463379	0.09167242050170898	electrum.blockstream.info
431424	0.3168632984161377	0.0916905403137207	electrum.blockstream.info
433440	0.3169209957122803	0.09107494354248047	electrum.blockstream.info
435456	0.3175008296966553	0.09079313278198242	electrum.blockstream.info
437472	0.31705379486083984	0.09123063087463379	electrum.blockstream.info
439488	0.31886959075927734	0.09160900115966797	electrum.blockstream.info
441504	0.31738710403442383	0.09804391860961914	electrum.blockstream.info
443520	0.3170623779296875	0.08969330787658691	electrum.blockstream.info
445536	0.3170020580291748	0.0910036563873291	electrum.blockstream.info
447552	0.31778907775878906	0.09143424034118652	electrum.blockstream.info
449568	0.3183555603027344	0.09034538269042969	electrum.blockstream.info
451584	0.3180828094482422	0.09068107604980469	electrum.blockstream.info
453600	0.31858038902282715	0.09017825126647949	electrum.blockstream.info
455616	0.31938767433166504	0.09129691123962402	electrum.blockstream.info
457632	0.3186824321746826	0.09157037734985352	electrum.blockstream.info
459648	0.31684327125549316	0.09085321426391602	electrum.blockstream.info
461664	0.3176095485687256	0.09060955047607422	electrum.blockstream.info
463680	0.3172764778137207	0.09105587005615234	electrum.blockstream.info
465696	0.4711639881134033	0.09056782722473145	electrum.blockstream.info
467712	0.47099947929382324	0.0908665657043457	electrum.blockstream.info
469728	0.31827402114868164	0.09018826484680176	electrum.blockstream.info
471744	0.3169374465942383	0.0908968448638916	electrum.blockstream.info
473760	0.31717371940612793	0.09038162231445312	electrum.blockstream.info
475776	0.3186187744140625	0.09191703796386719	electrum.blockstream.info
477792	0.31886744499206543	0.08959341049194336	electrum.blockstream.info
479808	0.317241907119751	0.0919499397277832	electrum.blockstream.info
481824	0.31746983528137207	0.09015870094299316	electrum.blockstream.info
483840	0.3167908191680908	0.09021806716918945	electrum.blockstream.info
485856	0.316744327545166	0.09114646911621094	electrum.blockstream.info
487872	0.31827330589294434	0.09147262573242188	electrum.blockstream.info
489888	0.3180501461029053	0.09163594245910645	electrum.blockstream.info
491904	0.3169572353363037	0.09408783912658691	electrum.blockstream.info
493920	0.3175327777862549	0.0919182300567627	electrum.blockstream.info
495936	0.3188967704772949	0.0914909839630127	electrum.blockstream.info
497952	0.31923389434814453	0.0924386978149414	electrum.blockstream.info
499968	0.31668853759765625	0.09433603286743164	electrum.blockstream.info
501984	0.32291746139526367	0.0924687385559082	electrum.blockstream.info
504000	0.3175661563873291	0.09241843223571777	electrum.blockstream.info
506016	0.3184993267059326	0.09238982200622559	electrum.blockstream.info
508032	0.3170797824859619	0.09142756462097168	electrum.blockstream.info
510048	0.3177299499511719	0.09157586097717285	electrum.blockstream.info
512064	0.3192756175994873	0.0912332534790039	electrum.blockstream.info
514080	0.31688976287841797	0.09161901473999023	electrum.blockstream.info
516096	0.3172280788421631	0.0910334587097168	electrum.blockstream.info
518112	0.317716121673584	0.09097647666931152	electrum.blockstream.info
520128	0.31803297996520996	0.09153032302856445	electrum.blockstream.info
522144	0.31854891777038574	0.09044861793518066	electrum.blockstream.info
524160	0.3184394836425781	0.09055900573730469	electrum.blockstream.info
526176	0.3192417621612549	0.09033203125	electrum.blockstream.info
528192	0.3170454502105713	0.09125828742980957	electrum.blockstream.info
530208	0.3169388771057129	0.09087061882019043	electrum.blockstream.info
532224	0.3165628910064697	0.09059906005859375	electrum.blockstream.info
534240	0.31737256050109863	0.09020185470581055	electrum.blockstream.info
536256	0.3186371326446533	0.09065365791320801	electrum.blockstream.info
538272	0.316802978515625	0.09083437919616699	electrum.blockstream.info
540288	0.31656956672668457	0.09130001068115234	electrum.blockstream.info
542304	0.316896915435791	0.09088969230651855	electrum.blockstream.info
544320	0.3173990249633789	0.09097504615783691	electrum.blockstream.info
546336	0.3166069984436035	0.09080171585083008	electrum.blockstream.info
548352	0.31702327728271484	0.09106087684631348	electrum.blockstream.info
550368	0.31682562828063965	0.09083318710327148	electrum.blockstream.info
552384	0.3167154788970947	0.09138154983520508	electrum.blockstream.info
554400	0.31674957275390625	0.09080386161804199	electrum.blockstream.info
556416	0.3164067268371582	0.0911870002746582	electrum.blockstream.info
558432	0.3164031505584717	0.0914449691772461	electrum.blockstream.info
560448	0.31679272651672363	0.09119629859924316	electrum.blockstream.info
562464	0.3167080879211426	0.09150838851928711	electrum.blockstream.info
564480	0.3166680335998535	0.09096717834472656	electrum.blockstream.info
566496	0.31659793853759766	0.0902101993560791	electrum.blockstream.info
568512	0.3168752193450928	0.0906074047088623	electrum.blockstream.info
570528	0.4707145690917969	0.09045290946960449	electrum.blockstream.info
572544	0.47035646438598633	0.09160184860229492	electrum.blockstream.info
574560	0.3171267509460449	0.09205794334411621	electrum.blockstream.info
576576	0.3173367977142334	0.09067678451538086	electrum.blockstream.info
578592	0.31734561920166016	0.08988595008850098	electrum.blockstream.info
580608	0.31810474395751953	0.09083223342895508	electrum.blockstream.info
582624	0.3170156478881836	0.09107398986816406	electrum.blockstream.info
584640	0.31841254234313965	0.09010076522827148	electrum.blockstream.info
586656	0.31887340545654297	0.09040951728820801	electrum.blockstream.info
588672	0.3171968460083008	0.09189248085021973	electrum.blockstream.info
590688	0.3168020248413086	0.09009051322937012	electrum.blockstream.info
592704	0.3170187473297119	0.09078621864318848	electrum.blockstream.info
594720	0.31708574295043945	0.09086322784423828	electrum.blockstream.info
596736	0.3185536861419678	0.09191751480102539	electrum.blockstream.info
598752	0.31752562522888184	0.09154701232910156	electrum.blockstream.info
600768	0.31648683547973633	0.09069609642028809	electrum.blockstream.info
602784	0.31793642044067383	0.09145331382751465	electrum.blockstream.info
604800	0.31702303886413574	0.09014296531677246	electrum.blockstream.info
606816	0.31696367263793945	0.09190559387207031	electrum.blockstream.info
608832	0.3195033073425293	0.09173846244812012	electrum.blockstream.info
610848	0.318572998046875	0.09186887741088867	electrum.blockstream.info
612864	0.31737542152404785	0.09073138236999512	electrum.blockstream.info
614880	0.31753087043762207	0.09096145629882812	electrum.blockstream.info
616896	0.31717562675476074	0.09047627449035645	electrum.blockstream.info
618912	0.31787610054016113	0.09162712097167969	electrum.blockstream.info
620928	0.3172731399536133	0.0918569564819336	electrum.blockstream.info
622944	0.31900644302368164	0.09205746650695801	electrum.blockstream.info
624960	0.31819868087768555	0.09212088584899902	electrum.blockstream.info
626976	0.3191347122192383	0.09244418144226074	electrum.blockstream.info
628992	0.3181777000427246	0.09165763854980469	electrum.blockstream.info
631008	0.3186676502227783	0.09162688255310059	electrum.blockstream.info
633024	0.3165314197540283	0.09197568893432617	electrum.blockstream.info
635040	0.3188323974609375	0.08974027633666992	electrum.blockstream.info
637056	0.31742000579833984	0.09087634086608887	electrum.blockstream.info
639072	0.47040367126464844	0.09467482566833496	electrum.blockstream.info
641088	0.47027039527893066	0.09179019927978516	electrum.blockstream.info
643104	0.3178834915161133	0.09245562553405762	electrum.blockstream.info
645120	0.31801843643188477	0.09197568893432617	electrum.blockstream.info
647136	0.3198893070220947	0.09125733375549316	electrum.blockstream.info
649152	0.31857752799987793	0.09202337265014648	electrum.blockstream.info
651168	0.31788039207458496	0.09041285514831543	electrum.blockstream.info
653184	0.3181726932525635	0.09225821495056152	electrum.blockstream.info
655200	0.3180525302886963	0.09068751335144043	electrum.blockstream.info
657216	0.31362295150756836	0.05813789367675781	electrum.blockstream.info
