1	0.7503275871276855	0.08606815338134766	fedaykin.goip.de
2016	0.31499409675598145	0.08611822128295898	fedaykin.goip.de
4032	0.2231144905090332	0.08646702766418457	fedaykin.goip.de
6048	0.21993541717529297	0.0871279239654541	fedaykin.goip.de
8064	0.22142934799194336	0.08712482452392578	fedaykin.goip.de
10080	0.22053885459899902	0.08681988716125488	fedaykin.goip.de
12096	0.2215898036956787	0.08565568923950195	fedaykin.goip.de
14112	0.22119832038879395	0.08641242980957031	fedaykin.goip.de
16128	0.2220606803894043	0.08659577369689941	fedaykin.goip.de
18144	0.22113847732543945	0.08842110633850098	fedaykin.goip.de
20160	0.22040152549743652	0.086517333984375	fedaykin.goip.de
22176	0.2227311134338379	0.0872640609741211	fedaykin.goip.de
24192	0.22098016738891602	0.0869147777557373	fedaykin.goip.de
26208	0.22139883041381836	0.08699870109558105	fedaykin.goip.de
28224	0.22083640098571777	0.0865778923034668	fedaykin.goip.de
30240	0.22063183784484863	0.08662867546081543	fedaykin.goip.de
32256	0.22071623802185059	0.0873727798461914	fedaykin.goip.de
34272	0.22058486938476562	0.08651280403137207	fedaykin.goip.de
36288	0.22225499153137207	0.08640885353088379	fedaykin.goip.de
38304	0.22265124320983887	0.08648371696472168	fedaykin.goip.de
40320	0.2229170799255371	0.08638310432434082	fedaykin.goip.de
42336	0.22201919555664062	0.08694005012512207	fedaykin.goip.de
44352	0.22297024726867676	0.08617520332336426	fedaykin.goip.de
46368	0.22274088859558105	0.08601164817810059	fedaykin.goip.de
48384	0.22298240661621094	0.08633208274841309	fedaykin.goip.de
50400	0.2229633331298828	0.08685660362243652	fedaykin.goip.de
52416	0.22286438941955566	0.1748645305633545	fedaykin.goip.de
54432	0.22246360778808594	0.17413711547851562	fedaykin.goip.de
56448	0.2238624095916748	0.0871589183807373	fedaykin.goip.de
58464	0.22058916091918945	0.08765721321105957	fedaykin.goip.de
60480	0.22060322761535645	0.08934211730957031	fedaykin.goip.de
62496	0.2211761474609375	0.10466241836547852	fedaykin.goip.de
64512	0.22054004669189453	0.08664321899414062	fedaykin.goip.de
66528	0.22056913375854492	0.08606696128845215	fedaykin.goip.de
68544	0.22075510025024414	0.08797454833984375	fedaykin.goip.de
70560	0.22311019897460938	0.08968067169189453	fedaykin.goip.de
72576	0.22058606147766113	0.08745622634887695	fedaykin.goip.de
74592	0.22046422958374023	0.08642268180847168	fedaykin.goip.de
76608	0.22210240364074707	0.08616828918457031	fedaykin.goip.de
78624	0.2203836441040039	0.08650636672973633	fedaykin.goip.de
80640	0.22047853469848633	0.08585762977600098	fedaykin.goip.de
82656	0.22001385688781738	0.08766984939575195	fedaykin.goip.de
84672	0.22270417213439941	0.08658170700073242	fedaykin.goip.de
86688	0.22002911567687988	0.08684849739074707	fedaykin.goip.de
88704	0.22095441818237305	0.08745074272155762	fedaykin.goip.de
90720	0.22121262550354004	0.08722138404846191	fedaykin.goip.de
92736	0.22068381309509277	0.08708405494689941	fedaykin.goip.de
94752	0.2213582992553711	0.0865178108215332	fedaykin.goip.de
96768	0.222398042678833	0.08712339401245117	fedaykin.goip.de
98784	0.22121095657348633	0.08611130714416504	fedaykin.goip.de
100800	0.22040963172912598	0.08687067031860352	fedaykin.goip.de
102816	0.22017574310302734	0.08618378639221191	fedaykin.goip.de
104832	0.22240424156188965	0.08624076843261719	fedaykin.goip.de
106848	0.22295784950256348	0.08731579780578613	fedaykin.goip.de
108864	0.221207857131958	0.08862757682800293	fedaykin.goip.de
110880	0.22148799896240234	0.08748340606689453	fedaykin.goip.de
112896	0.22127246856689453	0.087371826171875	fedaykin.goip.de
114912	0.2206861972808838	0.08749532699584961	fedaykin.goip.de
116928	0.22271156311035156	0.08780097961425781	fedaykin.goip.de
118944	0.221116304397583	0.08711814880371094	fedaykin.goip.de
120960	0.22076940536499023	0.0877838134765625	fedaykin.goip.de
122976	0.22103428840637207	0.0885765552520752	fedaykin.goip.de
124992	0.2205357551574707	0.08816266059875488	fedaykin.goip.de
127008	0.21993637084960938	0.08821845054626465	fedaykin.goip.de
129024	0.22123503684997559	0.0879065990447998	fedaykin.goip.de
131040	0.22083067893981934	0.08733177185058594	fedaykin.goip.de
133056	0.22088861465454102	0.08989787101745605	fedaykin.goip.de
135072	0.22267484664916992	0.08739662170410156	fedaykin.goip.de
137088	0.2204277515411377	0.08760762214660645	fedaykin.goip.de
139104	0.22190403938293457	0.08734631538391113	fedaykin.goip.de
141120	0.2239234447479248	0.0862581729888916	fedaykin.goip.de
143136	0.22043824195861816	0.08794403076171875	fedaykin.goip.de
145152	0.22227835655212402	0.08776402473449707	fedaykin.goip.de
147168	0.22078275680541992	0.08649349212646484	fedaykin.goip.de
149184	0.22114157676696777	0.08864140510559082	fedaykin.goip.de
151200	0.22060871124267578	0.08762264251708984	fedaykin.goip.de
153216	0.22016549110412598	0.08841872215270996	fedaykin.goip.de
155232	0.22032976150512695	0.08851861953735352	fedaykin.goip.de
157248	0.22011375427246094	0.08542537689208984	fedaykin.goip.de
159264	0.22040104866027832	0.08602714538574219	fedaykin.goip.de
161280	0.2205219268798828	0.08690404891967773	fedaykin.goip.de
163296	0.22159385681152344	0.08842325210571289	fedaykin.goip.de
165312	0.22123146057128906	0.08728957176208496	fedaykin.goip.de
167328	0.2204742431640625	0.0858006477355957	fedaykin.goip.de
169344	0.2206110954284668	0.08857560157775879	fedaykin.goip.de
171360	0.2205348014831543	0.0875387191772461	fedaykin.goip.de
173376	0.2227165699005127	0.08790040016174316	fedaykin.goip.de
175392	0.22065377235412598	0.08789825439453125	fedaykin.goip.de
177408	0.2205209732055664	0.08657002449035645	fedaykin.goip.de
179424	0.22070002555847168	0.08808231353759766	fedaykin.goip.de
181440	0.22139763832092285	0.08728218078613281	fedaykin.goip.de
183456	0.22278046607971191	0.08584165573120117	fedaykin.goip.de
185472	0.23222637176513672	0.08793997764587402	fedaykin.goip.de
187488	0.22082281112670898	0.0862574577331543	fedaykin.goip.de
189504	0.2205510139465332	0.08747005462646484	fedaykin.goip.de
191520	0.22091197967529297	0.0870516300201416	fedaykin.goip.de
193536	0.22234654426574707	0.08766293525695801	fedaykin.goip.de
195552	0.2207174301147461	0.08666181564331055	fedaykin.goip.de
197568	0.22148370742797852	0.09055447578430176	fedaykin.goip.de
199584	0.2216019630432129	0.08803009986877441	fedaykin.goip.de
201600	0.2211008071899414	0.08793330192565918	fedaykin.goip.de
203616	0.22115492820739746	0.0884087085723877	fedaykin.goip.de
205632	0.22091078758239746	0.08704876899719238	fedaykin.goip.de
207648	0.22040200233459473	0.08777356147766113	fedaykin.goip.de
209664	0.2204904556274414	0.08754491806030273	fedaykin.goip.de
211680	0.22042012214660645	0.08700299263000488	fedaykin.goip.de
213696	0.22127699851989746	0.08742856979370117	fedaykin.goip.de
215712	0.22048163414001465	0.0871114730834961	fedaykin.goip.de
217728	0.22102761268615723	0.08742570877075195	fedaykin.goip.de
219744	0.22123098373413086	0.08766365051269531	fedaykin.goip.de
221760	0.22124695777893066	0.0897669792175293	fedaykin.goip.de
223776	0.22163987159729004	0.08560371398925781	fedaykin.goip.de
225792	0.22127938270568848	0.08661866188049316	fedaykin.goip.de
227808	0.22060132026672363	0.08861970901489258	fedaykin.goip.de
229824	0.2214794158935547	0.08767127990722656	fedaykin.goip.de
231840	0.22095274925231934	0.08765125274658203	fedaykin.goip.de
233856	0.22087907791137695	0.0865166187286377	fedaykin.goip.de
235872	0.22089266777038574	0.0859529972076416	fedaykin.goip.de
237888	0.2210397720336914	0.08549332618713379	fedaykin.goip.de
239904	0.2210373878479004	0.08655261993408203	fedaykin.goip.de
241920	0.22044777870178223	0.08753752708435059	fedaykin.goip.de
243936	0.22058844566345215	0.08613157272338867	fedaykin.goip.de
245952	0.22063541412353516	0.08712220191955566	fedaykin.goip.de
247968	0.2208867073059082	0.0871896743774414	fedaykin.goip.de
249984	0.21998357772827148	0.08751797676086426	fedaykin.goip.de
252000	0.22175335884094238	0.0870368480682373	fedaykin.goip.de
254016	0.22074508666992188	0.0875856876373291	fedaykin.goip.de
256032	0.22089004516601562	0.08775019645690918	fedaykin.goip.de
258048	0.22064542770385742	0.08686304092407227	fedaykin.goip.de
260064	0.22177934646606445	0.08682990074157715	fedaykin.goip.de
262080	0.22086024284362793	0.08780932426452637	fedaykin.goip.de
264096	0.2207622528076172	0.08652448654174805	fedaykin.goip.de
266112	0.2205674648284912	0.08623743057250977	fedaykin.goip.de
268128	0.22127914428710938	0.08693337440490723	fedaykin.goip.de
270144	0.22066569328308105	0.08659219741821289	fedaykin.goip.de
272160	0.2206130027770996	0.08651590347290039	fedaykin.goip.de
274176	0.22299838066101074	0.08746814727783203	fedaykin.goip.de
276192	0.22245168685913086	0.08728909492492676	fedaykin.goip.de
278208	0.22454118728637695	0.08739900588989258	fedaykin.goip.de
280224	0.22298765182495117	0.08774876594543457	fedaykin.goip.de
282240	0.22287893295288086	0.08757352828979492	fedaykin.goip.de
284256	0.22255969047546387	0.0868837833404541	fedaykin.goip.de
286272	0.2209169864654541	0.08669400215148926	fedaykin.goip.de
288288	0.22064423561096191	0.08777499198913574	fedaykin.goip.de
290304	0.22080111503601074	0.08710241317749023	fedaykin.goip.de
292320	0.2205219268798828	0.08892059326171875	fedaykin.goip.de
294336	0.22090911865234375	0.0885164737701416	fedaykin.goip.de
296352	0.2208406925201416	0.08796238899230957	fedaykin.goip.de
298368	0.22041702270507812	0.08924293518066406	fedaykin.goip.de
300384	0.22066974639892578	0.08777332305908203	fedaykin.goip.de
302400	0.221113920211792	0.08772587776184082	fedaykin.goip.de
304416	0.22104287147521973	0.08812785148620605	fedaykin.goip.de
306432	0.22066926956176758	0.08768916130065918	fedaykin.goip.de
308448	0.22267985343933105	0.08749270439147949	fedaykin.goip.de
310464	0.22299599647521973	0.08705019950866699	fedaykin.goip.de
312480	0.22431516647338867	0.08715009689331055	fedaykin.goip.de
314496	0.222581148147583	0.088043212890625	fedaykin.goip.de
316512	0.2225794792175293	0.08827328681945801	fedaykin.goip.de
318528	0.22293353080749512	0.08729410171508789	fedaykin.goip.de
320544	0.22073101997375488	0.08931756019592285	fedaykin.goip.de
322560	0.22133374214172363	0.08820152282714844	fedaykin.goip.de
324576	0.22170758247375488	0.08767008781433105	fedaykin.goip.de
326592	0.22110223770141602	0.0883321762084961	fedaykin.goip.de
328608	0.22058439254760742	0.08784031867980957	fedaykin.goip.de
330624	0.22217869758605957	0.08812236785888672	fedaykin.goip.de
332640	0.221083402633667	0.08783602714538574	fedaykin.goip.de
334656	0.22095203399658203	0.08769059181213379	fedaykin.goip.de
336672	0.22104430198669434	0.08795356750488281	fedaykin.goip.de
338688	0.220686674118042	0.08820080757141113	fedaykin.goip.de
340704	0.2211625576019287	0.09125947952270508	fedaykin.goip.de
342720	0.22196412086486816	0.08864212036132812	fedaykin.goip.de
344736	0.22295093536376953	0.08821678161621094	fedaykin.goip.de
346752	0.2209639549255371	0.0884089469909668	fedaykin.goip.de
348768	0.22092223167419434	0.08788919448852539	fedaykin.goip.de
350784	0.22183942794799805	0.08938050270080566	fedaykin.goip.de
352800	0.22054600715637207	0.08850240707397461	fedaykin.goip.de
354816	0.22177696228027344	0.08716273307800293	fedaykin.goip.de
356832	0.22077059745788574	0.08762168884277344	fedaykin.goip.de
358848	0.220444917678833	0.08738899230957031	fedaykin.goip.de
360864	0.22047019004821777	0.08829832077026367	fedaykin.goip.de
362880	0.22034025192260742	0.08726048469543457	fedaykin.goip.de
364896	0.22055959701538086	0.0879361629486084	fedaykin.goip.de
366912	0.22023224830627441	0.08759880065917969	fedaykin.goip.de
368928	0.22053885459899902	0.08782792091369629	fedaykin.goip.de
370944	0.2205202579498291	0.0872960090637207	fedaykin.goip.de
372960	0.22048425674438477	0.08798813819885254	fedaykin.goip.de
374976	0.22166132926940918	0.08780431747436523	fedaykin.goip.de
376992	0.22150301933288574	0.08809590339660645	fedaykin.goip.de
379008	0.22110629081726074	0.08826661109924316	fedaykin.goip.de
381024	0.2204878330230713	0.08902430534362793	fedaykin.goip.de
383040	0.2202620506286621	0.08889174461364746	fedaykin.goip.de
385056	0.22047948837280273	0.0879204273223877	fedaykin.goip.de
387072	0.2209303379058838	0.08697295188903809	fedaykin.goip.de
389088	0.22104573249816895	0.08908462524414062	fedaykin.goip.de
391104	0.22170305252075195	0.08954739570617676	fedaykin.goip.de
393120	0.2213447093963623	0.08698225021362305	fedaykin.goip.de
395136	0.22037315368652344	0.08705782890319824	fedaykin.goip.de
397152	0.2212233543395996	0.08781003952026367	fedaykin.goip.de
399168	0.2212824821472168	0.08871722221374512	fedaykin.goip.de
401184	0.2204585075378418	0.08781003952026367	fedaykin.goip.de
403200	0.2215561866760254	0.08762311935424805	fedaykin.goip.de
405216	0.22051548957824707	0.08719849586486816	fedaykin.goip.de
407232	0.22151803970336914	0.08807539939880371	fedaykin.goip.de
409248	0.22060608863830566	0.08779025077819824	fedaykin.goip.de
411264	0.22188615798950195	0.08753061294555664	fedaykin.goip.de
413280	0.22275233268737793	0.08730292320251465	fedaykin.goip.de
415296	0.2205042839050293	0.08789443969726562	fedaykin.goip.de
417312	0.22147274017333984	0.08785390853881836	fedaykin.goip.de
419328	0.2209491729736328	0.0872492790222168	fedaykin.goip.de
421344	0.22052931785583496	0.08748745918273926	fedaykin.goip.de
423360	0.22095346450805664	0.08693671226501465	fedaykin.goip.de
425376	0.22050857543945312	0.08712053298950195	fedaykin.goip.de
427392	0.22045445442199707	0.08793234825134277	fedaykin.goip.de
429408	0.22072768211364746	0.08707094192504883	fedaykin.goip.de
431424	0.22092890739440918	0.08823657035827637	fedaykin.goip.de
433440	0.22194552421569824	0.08709144592285156	fedaykin.goip.de
435456	0.22076821327209473	0.0865788459777832	fedaykin.goip.de
437472	0.22196626663208008	0.08707499504089355	fedaykin.goip.de
439488	0.22040677070617676	0.08745098114013672	fedaykin.goip.de
441504	0.22064781188964844	0.08615827560424805	fedaykin.goip.de
443520	0.22078800201416016	0.08825922012329102	fedaykin.goip.de
445536	0.22121262550354004	0.08856034278869629	fedaykin.goip.de
447552	0.22218894958496094	0.08791184425354004	fedaykin.goip.de
449568	0.2206428050994873	0.08685803413391113	fedaykin.goip.de
451584	0.2212696075439453	0.08760762214660645	fedaykin.goip.de
453600	0.22040486335754395	0.0874180793762207	fedaykin.goip.de
455616	0.22154474258422852	0.08688688278198242	fedaykin.goip.de
457632	0.22078371047973633	0.08941388130187988	fedaykin.goip.de
459648	0.2213301658630371	0.08785748481750488	fedaykin.goip.de
461664	0.22049951553344727	0.08733153343200684	fedaykin.goip.de
463680	0.22034883499145508	0.08708000183105469	fedaykin.goip.de
465696	0.22084760665893555	0.08701133728027344	fedaykin.goip.de
467712	0.22050714492797852	0.08809638023376465	fedaykin.goip.de
469728	0.22072744369506836	0.08798742294311523	fedaykin.goip.de
471744	0.2205054759979248	0.0881807804107666	fedaykin.goip.de
473760	0.2205042839050293	0.08676743507385254	fedaykin.goip.de
475776	0.22256946563720703	0.08641862869262695	fedaykin.goip.de
477792	0.2217545509338379	0.08675599098205566	fedaykin.goip.de
479808	0.2207181453704834	0.08646869659423828	fedaykin.goip.de
481824	0.22248363494873047	0.087982177734375	fedaykin.goip.de
483840	0.22118878364562988	0.08811163902282715	fedaykin.goip.de
485856	0.22098517417907715	0.0892326831817627	fedaykin.goip.de
487872	0.22106552124023438	0.08900761604309082	fedaykin.goip.de
489888	0.22053837776184082	0.08993124961853027	fedaykin.goip.de
491904	0.22130894660949707	0.08905267715454102	fedaykin.goip.de
493920	0.22157597541809082	0.08988142013549805	fedaykin.goip.de
495936	0.22031402587890625	0.08950090408325195	fedaykin.goip.de
497952	0.2215418815612793	0.08947587013244629	fedaykin.goip.de
499968	0.2204444408416748	0.0902242660522461	fedaykin.goip.de
501984	0.22097420692443848	0.08897614479064941	fedaykin.goip.de
504000	0.22139263153076172	0.08899307250976562	fedaykin.goip.de
506016	0.2208857536315918	0.08878564834594727	fedaykin.goip.de
508032	0.22107863426208496	0.08865499496459961	fedaykin.goip.de
510048	0.22104644775390625	0.08835721015930176	fedaykin.goip.de
512064	0.22133898735046387	0.08915543556213379	fedaykin.goip.de
514080	0.22032380104064941	0.08874106407165527	fedaykin.goip.de
516096	0.22049951553344727	0.08879327774047852	fedaykin.goip.de
518112	0.2205343246459961	0.08871865272521973	fedaykin.goip.de
520128	0.2219243049621582	0.08999514579772949	fedaykin.goip.de
522144	0.2201235294342041	0.09003400802612305	fedaykin.goip.de
524160	0.22095155715942383	0.0884695053100586	fedaykin.goip.de
526176	0.22070932388305664	0.08873581886291504	fedaykin.goip.de
528192	0.22470903396606445	0.08921194076538086	fedaykin.goip.de
530208	0.220611572265625	0.08970880508422852	fedaykin.goip.de
532224	0.22076058387756348	0.08929562568664551	fedaykin.goip.de
534240	0.22020578384399414	0.08956265449523926	fedaykin.goip.de
536256	0.22113847732543945	0.09051132202148438	fedaykin.goip.de
538272	0.22126078605651855	0.08936786651611328	fedaykin.goip.de
540288	0.22112131118774414	0.09030771255493164	fedaykin.goip.de
542304	0.22089672088623047	0.09055161476135254	fedaykin.goip.de
544320	0.22089505195617676	0.08879947662353516	fedaykin.goip.de
546336	0.22040057182312012	0.08801722526550293	fedaykin.goip.de
548352	0.2208423614501953	0.08857893943786621	fedaykin.goip.de
550368	0.22069358825683594	0.08805012702941895	fedaykin.goip.de
552384	0.22047042846679688	0.08739209175109863	fedaykin.goip.de
554400	0.22069382667541504	0.09090805053710938	fedaykin.goip.de
556416	0.22072434425354004	0.08826208114624023	fedaykin.goip.de
558432	0.22036218643188477	0.08806204795837402	fedaykin.goip.de
560448	0.22047162055969238	0.08954119682312012	fedaykin.goip.de
562464	0.22052693367004395	0.08878946304321289	fedaykin.goip.de
564480	0.22051787376403809	0.09081196784973145	fedaykin.goip.de
566496	0.2205674648284912	0.08915901184082031	fedaykin.goip.de
568512	0.22123956680297852	0.08883094787597656	fedaykin.goip.de
570528	0.2206428050994873	0.08889317512512207	fedaykin.goip.de
572544	0.22044706344604492	0.08961939811706543	fedaykin.goip.de
574560	0.22038793563842773	0.08978533744812012	fedaykin.goip.de
576576	0.2205045223236084	0.08991312980651855	fedaykin.goip.de
578592	0.22099947929382324	0.0895841121673584	fedaykin.goip.de
580608	0.22051596641540527	0.0901956558227539	fedaykin.goip.de
582624	0.22058653831481934	0.08959341049194336	fedaykin.goip.de
584640	0.22082972526550293	0.08933448791503906	fedaykin.goip.de
586656	0.22090721130371094	0.09033727645874023	fedaykin.goip.de
588672	0.22140908241271973	0.09042477607727051	fedaykin.goip.de
590688	0.22085165977478027	0.08982539176940918	fedaykin.goip.de
592704	0.22164559364318848	0.08897590637207031	fedaykin.goip.de
594720	0.2233893871307373	0.08811140060424805	fedaykin.goip.de
596736	0.22047853469848633	0.08846759796142578	fedaykin.goip.de
598752	0.22042179107666016	0.08910107612609863	fedaykin.goip.de
600768	0.22077322006225586	0.08823871612548828	fedaykin.goip.de
602784	0.22085833549499512	0.08913087844848633	fedaykin.goip.de
604800	0.22050237655639648	0.09039974212646484	fedaykin.goip.de
606816	0.22248363494873047	0.08907389640808105	fedaykin.goip.de
608832	0.22052431106567383	0.08848214149475098	fedaykin.goip.de
610848	0.2208399772644043	0.0891268253326416	fedaykin.goip.de
612864	0.22138261795043945	0.08942174911499023	fedaykin.goip.de
614880	0.22047090530395508	0.0889739990234375	fedaykin.goip.de
616896	0.22045183181762695	0.08904743194580078	fedaykin.goip.de
618912	0.22407793998718262	0.08820343017578125	fedaykin.goip.de
620928	0.22047138214111328	0.08878493309020996	fedaykin.goip.de
622944	0.22121882438659668	0.10953116416931152	fedaykin.goip.de
624960	0.22075986862182617	0.10906767845153809	fedaykin.goip.de
626976	0.22141575813293457	0.10783505439758301	fedaykin.goip.de
628992	0.2211463451385498	0.10820651054382324	fedaykin.goip.de
631008	0.22072362899780273	0.10827207565307617	fedaykin.goip.de
633024	0.22150588035583496	0.10958743095397949	fedaykin.goip.de
635040	0.2204904556274414	0.10842657089233398	fedaykin.goip.de
637056	0.22072815895080566	0.11025547981262207	fedaykin.goip.de
639072	0.22107982635498047	0.1085360050201416	fedaykin.goip.de
641088	0.2205214500427246	0.10780978202819824	fedaykin.goip.de
643104	0.2211625576019287	0.12103772163391113	fedaykin.goip.de
645120	0.22014331817626953	0.12251639366149902	fedaykin.goip.de
647136	0.22135162353515625	0.12317895889282227	fedaykin.goip.de
649152	0.22365760803222656	0.12294507026672363	fedaykin.goip.de
651168	0.2231581211090088	0.12269067764282227	fedaykin.goip.de
653184	0.2248976230621338	0.1217198371887207	fedaykin.goip.de
655200	0.2232673168182373	0.09019875526428223	fedaykin.goip.de
657216	0.1993699073791504	0.05663156509399414	fedaykin.goip.de
