1	1.3982129096984863	0.08677530288696289	electrum.aantonop.com
2016	0.5616858005523682	0.08760643005371094	electrum.aantonop.com
4032	0.2867615222930908	0.08754372596740723	electrum.aantonop.com
6048	0.28653931617736816	0.08666706085205078	electrum.aantonop.com
8064	0.2898445129394531	0.0867149829864502	electrum.aantonop.com
10080	0.28635096549987793	0.08569002151489258	electrum.aantonop.com
12096	0.28583383560180664	0.08565187454223633	electrum.aantonop.com
14112	0.2858583927154541	0.08713245391845703	electrum.aantonop.com
16128	0.2880990505218506	0.08615851402282715	electrum.aantonop.com
18144	0.2855405807495117	0.08658528327941895	electrum.aantonop.com
20160	0.288682222366333	0.08626389503479004	electrum.aantonop.com
22176	0.288318395614624	0.0857398509979248	electrum.aantonop.com
24192	0.2967710494995117	0.08591055870056152	electrum.aantonop.com
26208	0.2923758029937744	0.08974695205688477	electrum.aantonop.com
28224	0.2846496105194092	0.10333514213562012	electrum.aantonop.com
30240	0.28601861000061035	0.17580914497375488	electrum.aantonop.com
32256	0.28510141372680664	0.08772015571594238	electrum.aantonop.com
34272	0.28827619552612305	0.08726835250854492	electrum.aantonop.com
36288	0.28543925285339355	0.08719301223754883	electrum.aantonop.com
38304	0.2880973815917969	0.08787059783935547	electrum.aantonop.com
40320	0.2848978042602539	0.0866858959197998	electrum.aantonop.com
42336	0.2881174087524414	0.08718538284301758	electrum.aantonop.com
44352	0.291536808013916	0.0868535041809082	electrum.aantonop.com
46368	0.28647947311401367	0.08766365051269531	electrum.aantonop.com
48384	0.2890455722808838	0.08916282653808594	electrum.aantonop.com
50400	0.28554725646972656	0.0893247127532959	electrum.aantonop.com
52416	0.29259300231933594	0.0882108211517334	electrum.aantonop.com
54432	0.31496691703796387	0.08720207214355469	electrum.aantonop.com
56448	0.2958691120147705	0.08673977851867676	electrum.aantonop.com
58464	0.32701754570007324	0.0879981517791748	electrum.aantonop.com
60480	0.31614017486572266	0.08860301971435547	electrum.aantonop.com
62496	0.3225674629211426	0.08824682235717773	electrum.aantonop.com
64512	0.3432328701019287	0.08746981620788574	electrum.aantonop.com
66528	0.31545019149780273	0.08713912963867188	electrum.aantonop.com
68544	0.3084683418273926	0.08804035186767578	electrum.aantonop.com
70560	0.2985260486602783	0.08723044395446777	electrum.aantonop.com
72576	0.3180816173553467	0.08776569366455078	electrum.aantonop.com
74592	0.28835535049438477	0.0877523422241211	electrum.aantonop.com
76608	0.29082536697387695	0.08741235733032227	electrum.aantonop.com
78624	0.291820764541626	0.08699464797973633	electrum.aantonop.com
80640	0.2950320243835449	0.08826923370361328	electrum.aantonop.com
82656	0.2931554317474365	0.08712434768676758	electrum.aantonop.com
84672	0.28710222244262695	0.08835220336914062	electrum.aantonop.com
86688	0.2958240509033203	0.08714103698730469	electrum.aantonop.com
88704	0.29048776626586914	0.08824920654296875	electrum.aantonop.com
90720	0.28758764266967773	0.08771419525146484	electrum.aantonop.com
92736	0.28684306144714355	0.08670735359191895	electrum.aantonop.com
94752	0.28583240509033203	0.08668208122253418	electrum.aantonop.com
96768	0.2862536907196045	0.08755707740783691	electrum.aantonop.com
98784	0.2851676940917969	0.08667969703674316	electrum.aantonop.com
100800	0.2884683609008789	0.08648920059204102	electrum.aantonop.com
102816	0.28856396675109863	0.08611130714416504	electrum.aantonop.com
104832	0.28672313690185547	0.08662652969360352	electrum.aantonop.com
106848	0.2857015132904053	0.08770084381103516	electrum.aantonop.com
108864	0.28972554206848145	0.0870521068572998	electrum.aantonop.com
110880	0.3042466640472412	0.08740592002868652	electrum.aantonop.com
112896	0.2942514419555664	0.08826875686645508	electrum.aantonop.com
114912	0.2843449115753174	0.08901190757751465	electrum.aantonop.com
116928	0.2868328094482422	0.08855438232421875	electrum.aantonop.com
118944	0.28789687156677246	0.08762669563293457	electrum.aantonop.com
120960	0.286590576171875	0.08768415451049805	electrum.aantonop.com
122976	0.3125576972961426	0.08915042877197266	electrum.aantonop.com
124992	0.28531455993652344	0.08697819709777832	electrum.aantonop.com
127008	0.2849557399749756	0.08640670776367188	electrum.aantonop.com
129024	0.2872602939605713	0.08739066123962402	electrum.aantonop.com
131040	0.2967092990875244	0.08684682846069336	electrum.aantonop.com
133056	0.28569865226745605	0.08797454833984375	electrum.aantonop.com
135072	0.2852516174316406	0.08802223205566406	electrum.aantonop.com
137088	0.2866494655609131	0.08798456192016602	electrum.aantonop.com
139104	0.2967209815979004	0.0887455940246582	electrum.aantonop.com
141120	0.2872893810272217	0.08837509155273438	electrum.aantonop.com
143136	0.2878293991088867	0.0899813175201416	electrum.aantonop.com
145152	0.28582262992858887	0.08899474143981934	electrum.aantonop.com
147168	0.287320613861084	0.08720278739929199	electrum.aantonop.com
149184	0.28513622283935547	0.08808422088623047	electrum.aantonop.com
151200	0.3090059757232666	0.08722877502441406	electrum.aantonop.com
153216	0.2908205986022949	0.08703231811523438	electrum.aantonop.com
155232	0.28490519523620605	0.08749222755432129	electrum.aantonop.com
157248	0.28890562057495117	0.08712267875671387	electrum.aantonop.com
159264	0.29035234451293945	0.08799862861633301	electrum.aantonop.com
161280	0.2954275608062744	0.08791327476501465	electrum.aantonop.com
163296	0.2917666435241699	0.08840727806091309	electrum.aantonop.com
165312	0.28731560707092285	0.08990645408630371	electrum.aantonop.com
167328	0.2862050533294678	0.08883953094482422	electrum.aantonop.com
169344	0.2930314540863037	0.08870291709899902	electrum.aantonop.com
171360	0.299027681350708	0.08803915977478027	electrum.aantonop.com
173376	0.30562782287597656	0.08816099166870117	electrum.aantonop.com
175392	0.28958964347839355	0.08867478370666504	electrum.aantonop.com
177408	0.2891204357147217	0.08906030654907227	electrum.aantonop.com
179424	0.2878448963165283	0.08879709243774414	electrum.aantonop.com
181440	0.287186861038208	0.08877182006835938	electrum.aantonop.com
183456	0.2909970283508301	0.08846783638000488	electrum.aantonop.com
185472	0.28879594802856445	0.08794069290161133	electrum.aantonop.com
187488	0.2871127128601074	0.08802676200866699	electrum.aantonop.com
189504	0.2881922721862793	0.08788537979125977	electrum.aantonop.com
191520	0.28702616691589355	0.08683109283447266	electrum.aantonop.com
193536	0.29207754135131836	0.08813238143920898	electrum.aantonop.com
195552	0.2878081798553467	0.08756136894226074	electrum.aantonop.com
197568	0.28644680976867676	0.08899474143981934	electrum.aantonop.com
199584	0.28647327423095703	0.08843708038330078	electrum.aantonop.com
201600	0.28931236267089844	0.08913373947143555	electrum.aantonop.com
203616	0.28968262672424316	0.08886456489562988	electrum.aantonop.com
205632	0.29154300689697266	0.0878293514251709	electrum.aantonop.com
207648	0.2902646064758301	0.08795523643493652	electrum.aantonop.com
209664	0.2860448360443115	0.08828878402709961	electrum.aantonop.com
211680	0.28716468811035156	0.08977413177490234	electrum.aantonop.com
213696	0.28661274909973145	0.08841347694396973	electrum.aantonop.com
215712	0.2868802547454834	0.08873891830444336	electrum.aantonop.com
217728	0.28692173957824707	0.08828163146972656	electrum.aantonop.com
219744	0.30515551567077637	0.08895397186279297	electrum.aantonop.com
221760	0.28618454933166504	0.08994579315185547	electrum.aantonop.com
223776	0.2881617546081543	0.08751177787780762	electrum.aantonop.com
225792	0.2868077754974365	0.08819437026977539	electrum.aantonop.com
227808	0.2855112552642822	0.08941459655761719	electrum.aantonop.com
229824	0.2899918556213379	0.08793115615844727	electrum.aantonop.com
231840	0.2876620292663574	0.08823156356811523	electrum.aantonop.com
233856	0.3052177429199219	0.08853435516357422	electrum.aantonop.com
235872	0.3166694641113281	0.08892536163330078	electrum.aantonop.com
237888	0.3323094844818115	0.08761405944824219	electrum.aantonop.com
239904	0.31749629974365234	0.08817839622497559	electrum.aantonop.com
241920	0.3048853874206543	0.09061980247497559	electrum.aantonop.com
243936	0.29956483840942383	0.08917951583862305	electrum.aantonop.com
245952	0.3157191276550293	0.08939528465270996	electrum.aantonop.com
247968	0.301924467086792	0.08907508850097656	electrum.aantonop.com
249984	0.3393568992614746	0.08823466300964355	electrum.aantonop.com
252000	0.28973889350891113	0.0891408920288086	electrum.aantonop.com
254016	0.29076099395751953	0.0892035961151123	electrum.aantonop.com
256032	0.29311442375183105	0.0898137092590332	electrum.aantonop.com
258048	0.30404210090637207	0.09300994873046875	electrum.aantonop.com
260064	0.2970151901245117	0.09095191955566406	electrum.aantonop.com
262080	0.29453587532043457	0.08850479125976562	electrum.aantonop.com
264096	0.2903423309326172	0.08783984184265137	electrum.aantonop.com
266112	0.3107128143310547	0.08791255950927734	electrum.aantonop.com
268128	0.2877383232116699	0.0882267951965332	electrum.aantonop.com
270144	0.29152679443359375	0.0877676010131836	electrum.aantonop.com
272160	0.29151129722595215	0.08857965469360352	electrum.aantonop.com
274176	0.29556894302368164	0.08828353881835938	electrum.aantonop.com
276192	0.29076457023620605	0.08789873123168945	electrum.aantonop.com
278208	0.28835391998291016	0.08854413032531738	electrum.aantonop.com
280224	0.2879338264465332	0.08870220184326172	electrum.aantonop.com
282240	0.29717373847961426	0.0873415470123291	electrum.aantonop.com
284256	0.2853515148162842	0.08787345886230469	electrum.aantonop.com
286272	0.29978299140930176	0.08788204193115234	electrum.aantonop.com
288288	0.33060264587402344	0.08799338340759277	electrum.aantonop.com
290304	0.3056678771972656	0.0881345272064209	electrum.aantonop.com
292320	0.2987234592437744	0.08864474296569824	electrum.aantonop.com
294336	0.29009532928466797	0.08991336822509766	electrum.aantonop.com
296352	0.2899782657623291	0.09020376205444336	electrum.aantonop.com
298368	0.30135321617126465	0.08938336372375488	electrum.aantonop.com
300384	0.2905871868133545	0.08934712409973145	electrum.aantonop.com
302400	0.2882881164550781	0.08773183822631836	electrum.aantonop.com
304416	0.2891361713409424	0.08835840225219727	electrum.aantonop.com
306432	0.28908872604370117	0.08844470977783203	electrum.aantonop.com
308448	0.2903571128845215	0.0894169807434082	electrum.aantonop.com
310464	0.3564615249633789	0.09059500694274902	electrum.aantonop.com
312480	0.31928181648254395	0.1018526554107666	electrum.aantonop.com
314496	0.2899143695831299	0.08929610252380371	electrum.aantonop.com
316512	0.327744722366333	0.08762431144714355	electrum.aantonop.com
318528	0.30353450775146484	0.09003663063049316	electrum.aantonop.com
320544	0.2967984676361084	0.08830976486206055	electrum.aantonop.com
322560	0.29757261276245117	0.08758759498596191	electrum.aantonop.com
324576	0.2968268394470215	0.09346771240234375	electrum.aantonop.com
326592	0.29218006134033203	0.08904767036437988	electrum.aantonop.com
328608	0.286607027053833	0.09024739265441895	electrum.aantonop.com
330624	0.2886495590209961	0.08997917175292969	electrum.aantonop.com
332640	0.28932952880859375	0.08903312683105469	electrum.aantonop.com
334656	0.29995012283325195	0.0886991024017334	electrum.aantonop.com
336672	0.2895777225494385	0.08817005157470703	electrum.aantonop.com
338688	0.28594160079956055	0.0901937484741211	electrum.aantonop.com
340704	0.2851700782775879	0.09016728401184082	electrum.aantonop.com
342720	0.29137325286865234	0.08992981910705566	electrum.aantonop.com
344736	0.2978832721710205	0.08983874320983887	electrum.aantonop.com
346752	0.31113266944885254	0.09060072898864746	electrum.aantonop.com
348768	0.34682559967041016	0.09017467498779297	electrum.aantonop.com
350784	0.29755377769470215	0.08946013450622559	electrum.aantonop.com
352800	0.29483962059020996	0.09062695503234863	electrum.aantonop.com
354816	0.2941913604736328	0.0901949405670166	electrum.aantonop.com
356832	0.29888129234313965	0.0900411605834961	electrum.aantonop.com
358848	0.3002333641052246	0.08967232704162598	electrum.aantonop.com
360864	0.31462669372558594	0.08913254737854004	electrum.aantonop.com
362880	0.34034276008605957	0.08970093727111816	electrum.aantonop.com
364896	0.2956829071044922	0.08966732025146484	electrum.aantonop.com
366912	0.3022270202636719	0.08939886093139648	electrum.aantonop.com
368928	0.29591894149780273	0.08936738967895508	electrum.aantonop.com
370944	0.29224681854248047	0.08916974067687988	electrum.aantonop.com
372960	0.29709839820861816	0.08896803855895996	electrum.aantonop.com
374976	0.29061150550842285	0.08844423294067383	electrum.aantonop.com
376992	0.2951188087463379	0.08861994743347168	electrum.aantonop.com
379008	0.2937302589416504	0.08989310264587402	electrum.aantonop.com
381024	0.29221463203430176	0.08887505531311035	electrum.aantonop.com
383040	0.2987046241760254	0.0897512435913086	electrum.aantonop.com
385056	0.29585909843444824	0.08907055854797363	electrum.aantonop.com
387072	0.29712343215942383	0.08977174758911133	electrum.aantonop.com
389088	0.2943150997161865	0.08964872360229492	electrum.aantonop.com
391104	0.3004336357116699	0.08977890014648438	electrum.aantonop.com
393120	0.2879815101623535	0.0897209644317627	electrum.aantonop.com
395136	0.3022615909576416	0.0897531509399414	electrum.aantonop.com
397152	0.2923858165740967	0.08925747871398926	electrum.aantonop.com
399168	0.29152870178222656	0.0904850959777832	electrum.aantonop.com
401184	0.2955198287963867	0.09011578559875488	electrum.aantonop.com
403200	0.29505014419555664	0.08958148956298828	electrum.aantonop.com
405216	0.292510986328125	0.08942723274230957	electrum.aantonop.com
407232	0.29631876945495605	0.0891885757446289	electrum.aantonop.com
409248	0.3075261116027832	0.0891416072845459	electrum.aantonop.com
411264	0.29416990280151367	0.08931183815002441	electrum.aantonop.com
413280	0.2950716018676758	0.08951497077941895	electrum.aantonop.com
415296	0.2881903648376465	0.08934521675109863	electrum.aantonop.com
417312	0.3064284324645996	0.09035372734069824	electrum.aantonop.com
419328	0.29076290130615234	0.08937597274780273	electrum.aantonop.com
421344	0.2915072441101074	0.09256219863891602	electrum.aantonop.com
423360	0.3048977851867676	0.09118509292602539	electrum.aantonop.com
425376	0.3295724391937256	0.08801651000976562	electrum.aantonop.com
427392	0.29622435569763184	0.08760499954223633	electrum.aantonop.com
429408	0.30648326873779297	0.08897209167480469	electrum.aantonop.com
431424	0.3100249767303467	0.08919978141784668	electrum.aantonop.com
433440	0.2964017391204834	0.08905267715454102	electrum.aantonop.com
435456	0.31023550033569336	0.0881803035736084	electrum.aantonop.com
437472	0.3014531135559082	0.08734631538391113	electrum.aantonop.com
439488	0.3039393424987793	0.08966851234436035	electrum.aantonop.com
441504	0.30428147315979004	0.08818745613098145	electrum.aantonop.com
443520	0.29200267791748047	0.09032130241394043	electrum.aantonop.com
445536	0.29366111755371094	0.08896279335021973	electrum.aantonop.com
447552	0.2974681854248047	0.08996176719665527	electrum.aantonop.com
449568	0.30506420135498047	0.08948636054992676	electrum.aantonop.com
451584	0.28989744186401367	0.0902864933013916	electrum.aantonop.com
453600	0.28724241256713867	0.08910584449768066	electrum.aantonop.com
455616	0.29178595542907715	0.08822417259216309	electrum.aantonop.com
457632	0.31089019775390625	0.09267020225524902	electrum.aantonop.com
459648	0.32101964950561523	0.08924174308776855	electrum.aantonop.com
461664	0.3062324523925781	0.09063720703125	electrum.aantonop.com
463680	0.30626654624938965	0.08912944793701172	electrum.aantonop.com
465696	0.3194394111633301	0.08904075622558594	electrum.aantonop.com
467712	0.3306870460510254	0.09102940559387207	electrum.aantonop.com
469728	0.30661439895629883	0.08943748474121094	electrum.aantonop.com
471744	0.30164027214050293	0.08954381942749023	electrum.aantonop.com
473760	0.3002450466156006	0.08877778053283691	electrum.aantonop.com
475776	0.30732011795043945	0.08918356895446777	electrum.aantonop.com
477792	0.29400062561035156	0.0886075496673584	electrum.aantonop.com
479808	0.32538723945617676	0.08803415298461914	electrum.aantonop.com
481824	0.3081049919128418	0.08887434005737305	electrum.aantonop.com
483840	0.3602025508880615	0.08773159980773926	electrum.aantonop.com
485856	0.30972743034362793	0.08959150314331055	electrum.aantonop.com
487872	0.3035252094268799	0.0887298583984375	electrum.aantonop.com
489888	0.3066878318786621	0.08978843688964844	electrum.aantonop.com
491904	0.3149893283843994	0.09077024459838867	electrum.aantonop.com
493920	0.3151891231536865	0.09043192863464355	electrum.aantonop.com
495936	0.30409860610961914	0.08936905860900879	electrum.aantonop.com
497952	0.2947084903717041	0.08977794647216797	electrum.aantonop.com
499968	0.30879688262939453	0.09147977828979492	electrum.aantonop.com
501984	0.297802209854126	0.0903017520904541	electrum.aantonop.com
504000	0.31061697006225586	0.09011316299438477	electrum.aantonop.com
506016	0.30785536766052246	0.0890047550201416	electrum.aantonop.com
508032	0.29407525062561035	0.08955502510070801	electrum.aantonop.com
510048	0.29009413719177246	0.08979272842407227	electrum.aantonop.com
512064	0.28879618644714355	0.08979415893554688	electrum.aantonop.com
514080	0.3044581413269043	0.08921980857849121	electrum.aantonop.com
516096	0.3059422969818115	0.08899879455566406	electrum.aantonop.com
518112	0.28697681427001953	0.08873438835144043	electrum.aantonop.com
520128	0.33075475692749023	0.08877396583557129	electrum.aantonop.com
522144	0.3082442283630371	0.08834981918334961	electrum.aantonop.com
524160	0.3183579444885254	0.08925294876098633	electrum.aantonop.com
526176	0.31096720695495605	0.08956503868103027	electrum.aantonop.com
528192	0.3138003349304199	0.08852839469909668	electrum.aantonop.com
530208	0.2973649501800537	0.08914589881896973	electrum.aantonop.com
532224	0.2914316654205322	0.08825850486755371	electrum.aantonop.com
534240	0.29566073417663574	0.08889460563659668	electrum.aantonop.com
536256	0.29247188568115234	0.0893867015838623	electrum.aantonop.com
538272	0.2869408130645752	0.08825278282165527	electrum.aantonop.com
540288	0.29064345359802246	0.09063315391540527	electrum.aantonop.com
542304	0.32659435272216797	0.0888829231262207	electrum.aantonop.com
544320	0.31774258613586426	0.08952546119689941	electrum.aantonop.com
546336	0.3245124816894531	0.08956480026245117	electrum.aantonop.com
548352	0.3198084831237793	0.0891885757446289	electrum.aantonop.com
550368	0.3131110668182373	0.08920907974243164	electrum.aantonop.com
552384	0.34633851051330566	0.08935022354125977	electrum.aantonop.com
554400	0.29427266120910645	0.08930253982543945	electrum.aantonop.com
556416	0.304227352142334	0.08921051025390625	electrum.aantonop.com
558432	0.2945530414581299	0.0901942253112793	electrum.aantonop.com
560448	0.2921476364135742	0.08984017372131348	electrum.aantonop.com
562464	0.2993454933166504	0.08927059173583984	electrum.aantonop.com
564480	0.3054027557373047	0.08910202980041504	electrum.aantonop.com
566496	0.29212450981140137	0.08879494667053223	electrum.aantonop.com
568512	0.34090304374694824	0.08955931663513184	electrum.aantonop.com
570528	0.3290596008300781	0.0891730785369873	electrum.aantonop.com
572544	0.31662702560424805	0.08957624435424805	electrum.aantonop.com
574560	0.33600330352783203	0.09061980247497559	electrum.aantonop.com
576576	0.3071250915527344	0.09042954444885254	electrum.aantonop.com
578592	0.31728553771972656	0.08963823318481445	electrum.aantonop.com
580608	0.2973761558532715	0.08820748329162598	electrum.aantonop.com
582624	0.31097412109375	0.0902552604675293	electrum.aantonop.com
584640	0.2934751510620117	0.08932709693908691	electrum.aantonop.com
586656	0.29693150520324707	0.08959579467773438	electrum.aantonop.com
588672	0.3107728958129883	0.08880925178527832	electrum.aantonop.com
590688	0.3472921848297119	0.08949661254882812	electrum.aantonop.com
592704	0.3112332820892334	0.08977961540222168	electrum.aantonop.com
594720	0.2919957637786865	0.08961701393127441	electrum.aantonop.com
596736	0.3519303798675537	0.08962821960449219	electrum.aantonop.com
598752	0.37768077850341797	0.08906388282775879	electrum.aantonop.com
600768	0.3703744411468506	0.08983516693115234	electrum.aantonop.com
602784	0.34044337272644043	0.09061741828918457	electrum.aantonop.com
604800	0.4016294479370117	0.09027957916259766	electrum.aantonop.com
606816	0.3172314167022705	0.08981847763061523	electrum.aantonop.com
608832	0.3345813751220703	0.08936166763305664	electrum.aantonop.com
610848	0.31508660316467285	0.08951592445373535	electrum.aantonop.com
612864	0.30637621879577637	0.08974337577819824	electrum.aantonop.com
614880	0.3616766929626465	0.08976292610168457	electrum.aantonop.com
616896	0.3527834415435791	0.08916425704956055	electrum.aantonop.com
618912	0.3572578430175781	0.09041976928710938	electrum.aantonop.com
620928	0.3045649528503418	0.08952689170837402	electrum.aantonop.com
622944	0.5113203525543213	0.09051227569580078	electrum.aantonop.com
624960	0.3922915458679199	0.09105515480041504	electrum.aantonop.com
626976	0.3741295337677002	0.09027385711669922	electrum.aantonop.com
628992	0.366809606552124	0.09144997596740723	electrum.aantonop.com
631008	0.3671543598175049	0.08982968330383301	electrum.aantonop.com
633024	0.34406113624572754	0.09072446823120117	electrum.aantonop.com
635040	0.3113267421722412	0.09073281288146973	electrum.aantonop.com
637056	0.2883429527282715	0.09609222412109375	electrum.aantonop.com
639072	0.28548145294189453	0.08945202827453613	electrum.aantonop.com
641088	0.28693675994873047	0.08996963500976562	electrum.aantonop.com
643104	0.2958710193634033	0.08984804153442383	electrum.aantonop.com
645120	0.28466320037841797	0.08907818794250488	electrum.aantonop.com
647136	0.3222644329071045	0.08986830711364746	electrum.aantonop.com
649152	0.28766655921936035	0.0890510082244873	electrum.aantonop.com
651168	0.2891695499420166	0.08824920654296875	electrum.aantonop.com
653184	0.2865457534790039	0.09005594253540039	electrum.aantonop.com
655200	0.29044032096862793	0.08869743347167969	electrum.aantonop.com
657216	0.2826201915740967	0.05605435371398926	electrum.aantonop.com
