1	2.3975415229797363	0.08690786361694336	electrum3.hodlister.co
2016	0.6790704727172852	0.08648872375488281	electrum3.hodlister.co
4032	0.42157506942749023	0.08718419075012207	electrum3.hodlister.co
6048	0.36321306228637695	0.08830070495605469	electrum3.hodlister.co
8064	0.357083797454834	0.08915972709655762	electrum3.hodlister.co
10080	0.3442103862762451	0.08821296691894531	electrum3.hodlister.co
12096	0.34588193893432617	0.08746552467346191	electrum3.hodlister.co
14113	1.055109977722168	0.08848977088928223	bitcoin.aranguren.org
16128	2.7353017330169678	0.09020876884460449	bitcoin.aranguren.org
18144	2.783644914627075	0.08807063102722168	bitcoin.aranguren.org
20160	2.843844175338745	0.08723974227905273	bitcoin.aranguren.org
22176	3.105670690536499	0.08679461479187012	bitcoin.aranguren.org
24192	3.2589027881622314	0.0871741771697998	bitcoin.aranguren.org
26208	3.195716619491577	0.08646988868713379	bitcoin.aranguren.org
28224	4.699071168899536	0.08812141418457031	bitcoin.aranguren.org
30240	3.305309295654297	0.08964920043945312	bitcoin.aranguren.org
32256	3.418562650680542	0.0882568359375	bitcoin.aranguren.org
34272	3.410127639770508	0.08620452880859375	bitcoin.aranguren.org
36288	3.3395469188690186	0.08759474754333496	bitcoin.aranguren.org
38304	3.3972532749176025	0.0873723030090332	bitcoin.aranguren.org
40321	2.2046492099761963	0.08704614639282227	electrum3.hodlister.co
42336	2.828723669052124	0.08716487884521484	electrum3.hodlister.co
44352	2.9840526580810547	0.08719253540039062	electrum3.hodlister.co
46368	2.977050542831421	0.08740973472595215	electrum3.hodlister.co
48384	3.4934937953948975	0.08808493614196777	electrum3.hodlister.co
50400	3.0680012702941895	0.08856773376464844	electrum3.hodlister.co
52416	3.063150644302368	0.08834362030029297	electrum3.hodlister.co
54432	3.1282613277435303	0.08766794204711914	electrum3.hodlister.co
56448	3.187039375305176	0.08752989768981934	electrum3.hodlister.co
58464	3.148193359375	0.08681845664978027	electrum3.hodlister.co
60480	3.227909803390503	0.08963251113891602	electrum3.hodlister.co
62496	3.224116325378418	0.08556032180786133	electrum3.hodlister.co
64512	3.2469608783721924	0.08748722076416016	electrum3.hodlister.co
66528	3.2982821464538574	0.08776330947875977	electrum3.hodlister.co
68544	3.619859218597412	0.08909749984741211	electrum3.hodlister.co
70560	3.3726322650909424	0.08714437484741211	electrum3.hodlister.co
72576	3.460104465484619	0.08744549751281738	electrum3.hodlister.co
74592	3.5237903594970703	0.08739566802978516	electrum3.hodlister.co
76608	3.497014284133911	0.08703470230102539	electrum3.hodlister.co
78624	3.5188775062561035	0.08657360076904297	electrum3.hodlister.co
80640	3.6137564182281494	0.08689379692077637	electrum3.hodlister.co
82656	4.266205549240112	0.08703207969665527	electrum3.hodlister.co
84672	3.779606819152832	0.08770275115966797	electrum3.hodlister.co
86688	3.844559669494629	0.08749127388000488	electrum3.hodlister.co
88704	3.8695833683013916	0.08861780166625977	electrum3.hodlister.co
90720	3.8291783332824707	0.08872628211975098	electrum3.hodlister.co
92736	4.232180595397949	0.08838367462158203	electrum3.hodlister.co
94752	4.005059003829956	0.08584403991699219	electrum3.hodlister.co
96768	4.053969144821167	0.08907032012939453	electrum3.hodlister.co
98784	3.9911468029022217	0.08684849739074707	electrum3.hodlister.co
100800	3.977956533432007	0.08667969703674316	electrum3.hodlister.co
102816	4.055980682373047	0.08563685417175293	electrum3.hodlister.co
104832	4.494418382644653	0.08620619773864746	electrum3.hodlister.co
106848	4.1893603801727295	0.08861851692199707	electrum3.hodlister.co
108864	4.198807954788208	0.08723330497741699	electrum3.hodlister.co
110880	4.324306488037109	0.08639192581176758	electrum3.hodlister.co
112896	4.311340570449829	0.08856368064880371	electrum3.hodlister.co
114912	4.3261003494262695	0.08896923065185547	electrum3.hodlister.co
116928	4.344048738479614	0.08966422080993652	electrum3.hodlister.co
118944	4.477316856384277	0.08906173706054688	electrum3.hodlister.co
120960	4.488010406494141	0.08905577659606934	electrum3.hodlister.co
122977	1.9955286979675293	0.0884556770324707	electrum3.hodlister.co
124992	0.6663174629211426	0.08637094497680664	electrum3.hodlister.co
127008	0.36717963218688965	0.08667564392089844	electrum3.hodlister.co
129024	0.38335561752319336	0.0881047248840332	electrum3.hodlister.co
131040	0.9381229877471924	0.08730268478393555	electrum3.hodlister.co
133056	0.7180249691009521	0.08835363388061523	electrum3.hodlister.co
135072	0.35944223403930664	0.08594512939453125	electrum3.hodlister.co
137088	0.3495640754699707	0.08657097816467285	electrum3.hodlister.co
139104	0.36721014976501465	0.08808374404907227	electrum3.hodlister.co
141120	0.3640148639678955	0.08817076683044434	electrum3.hodlister.co
143136	0.7072279453277588	0.08653783798217773	electrum3.hodlister.co
145152	0.6698215007781982	0.08680224418640137	electrum3.hodlister.co
147168	0.35374927520751953	0.08749556541442871	electrum3.hodlister.co
149184	0.35869765281677246	0.08667540550231934	electrum3.hodlister.co
151200	0.38164424896240234	0.08751988410949707	electrum3.hodlister.co
153216	1.4065237045288086	0.0882871150970459	electrum3.hodlister.co
155232	0.3929436206817627	0.08582139015197754	electrum3.hodlister.co
157248	0.35942721366882324	0.0878288745880127	electrum3.hodlister.co
159264	0.6813273429870605	0.08758306503295898	electrum3.hodlister.co
161280	0.3997194766998291	0.08732962608337402	electrum3.hodlister.co
163296	0.3464529514312744	0.08880066871643066	electrum3.hodlister.co
165312	0.3939392566680908	0.08684372901916504	electrum3.hodlister.co
167328	0.34493470191955566	0.08613467216491699	electrum3.hodlister.co
169344	0.689598798751831	0.08796119689941406	electrum3.hodlister.co
171360	0.6818349361419678	0.08706140518188477	electrum3.hodlister.co
173376	0.36717820167541504	0.08661627769470215	electrum3.hodlister.co
175392	0.3436596393585205	0.08625411987304688	electrum3.hodlister.co
177408	0.3532133102416992	0.0883331298828125	electrum3.hodlister.co
179424	0.34384918212890625	0.0886232852935791	electrum3.hodlister.co
181440	0.34917783737182617	0.08832740783691406	electrum3.hodlister.co
183456	0.6679549217224121	0.08765625953674316	electrum3.hodlister.co
185472	0.35330891609191895	0.08653903007507324	electrum3.hodlister.co
187489	3.5912137031555176	0.0870661735534668	109.248.206.13
189504	3.812055826187134	0.08796501159667969	109.248.206.13
191520	3.936466932296753	0.08765316009521484	109.248.206.13
193536	2.671731472015381	0.0877845287322998	109.248.206.13
195552	2.2898848056793213	0.08715629577636719	109.248.206.13
197568	2.2876174449920654	0.08711552619934082	109.248.206.13
199584	2.704314947128296	0.08662891387939453	109.248.206.13
201600	2.2914676666259766	0.08746862411499023	109.248.206.13
203616	2.4237587451934814	0.08527231216430664	109.248.206.13
205632	2.3249542713165283	0.08787298202514648	109.248.206.13
207648	3.6593475341796875	0.08444452285766602	109.248.206.13
209664	4.291254997253418	0.08693146705627441	109.248.206.13
211680	3.102846384048462	0.08941841125488281	109.248.206.13
213696	2.6580936908721924	0.08693575859069824	109.248.206.13
215712	3.538130044937134	0.08805108070373535	109.248.206.13
217728	4.6896116733551025	0.08909177780151367	109.248.206.13
219744	4.900291204452515	0.08795452117919922	109.248.206.13
221760	4.386622428894043	0.08732008934020996	109.248.206.13
223776	4.534525394439697	0.08964037895202637	109.248.206.13
225792	5.006871938705444	0.08830928802490234	109.248.206.13
227808	5.5462257862091064	0.08771777153015137	109.248.206.13
229824	2.5920591354370117	0.08732175827026367	109.248.206.13
