1	0.9574649333953857	0.08468341827392578	fedaykin.goip.de
2016	0.32523655891418457	0.08687877655029297	fedaykin.goip.de
4032	0.32541584968566895	0.08600568771362305	fedaykin.goip.de
6048	0.32547593116760254	0.08608126640319824	fedaykin.goip.de
8064	0.3259410858154297	0.08439803123474121	fedaykin.goip.de
10080	0.32625269889831543	0.08655166625976562	fedaykin.goip.de
12096	0.3248140811920166	0.08725500106811523	fedaykin.goip.de
14112	0.3259713649749756	0.08746743202209473	fedaykin.goip.de
16128	0.32564353942871094	0.08735322952270508	fedaykin.goip.de
18144	0.3247828483581543	0.08736705780029297	fedaykin.goip.de
20160	0.32506656646728516	0.08743882179260254	fedaykin.goip.de
22176	0.32492518424987793	0.08581829071044922	fedaykin.goip.de
24192	0.32523417472839355	0.08720135688781738	fedaykin.goip.de
26208	0.3237450122833252	0.0880436897277832	fedaykin.goip.de
28224	0.32575392723083496	0.0878136157989502	fedaykin.goip.de
30240	0.3257606029510498	0.08628988265991211	fedaykin.goip.de
32256	0.48310375213623047	0.08669328689575195	fedaykin.goip.de
34272	0.48189449310302734	0.08658671379089355	fedaykin.goip.de
36288	0.3275134563446045	0.17589354515075684	fedaykin.goip.de
38304	0.32503581047058105	0.08757925033569336	fedaykin.goip.de
40320	0.32529664039611816	0.08657670021057129	fedaykin.goip.de
42336	0.3244283199310303	0.0871882438659668	fedaykin.goip.de
44352	0.32444262504577637	0.0866694450378418	fedaykin.goip.de
46368	0.324321985244751	0.08757662773132324	fedaykin.goip.de
48384	0.32422447204589844	0.08667421340942383	fedaykin.goip.de
50400	0.32393574714660645	0.08623528480529785	fedaykin.goip.de
52416	0.32467198371887207	0.08717966079711914	fedaykin.goip.de
54432	0.32531285285949707	0.08704042434692383	fedaykin.goip.de
56448	0.3247385025024414	0.08682870864868164	fedaykin.goip.de
58464	0.32464051246643066	0.08704900741577148	fedaykin.goip.de
60480	0.32442426681518555	0.08717513084411621	fedaykin.goip.de
62496	0.3248133659362793	0.08654570579528809	fedaykin.goip.de
64512	0.3245828151702881	0.086700439453125	fedaykin.goip.de
66528	0.32425665855407715	0.08698272705078125	fedaykin.goip.de
68544	0.3246588706970215	0.08674216270446777	fedaykin.goip.de
70560	0.32613563537597656	0.08687758445739746	fedaykin.goip.de
72576	0.32502245903015137	0.08838725090026855	fedaykin.goip.de
74592	0.32459378242492676	0.08916544914245605	fedaykin.goip.de
76608	0.3250539302825928	0.08826112747192383	fedaykin.goip.de
78624	0.3255960941314697	0.08686709403991699	fedaykin.goip.de
80640	0.325329065322876	0.0874338150024414	fedaykin.goip.de
82656	0.3259594440460205	0.08953571319580078	fedaykin.goip.de
84672	0.32508349418640137	0.08724236488342285	fedaykin.goip.de
86688	0.32626914978027344	0.08630061149597168	fedaykin.goip.de
88704	0.3256046772003174	0.08650779724121094	fedaykin.goip.de
90720	0.3241584300994873	0.08640146255493164	fedaykin.goip.de
92736	0.32395434379577637	0.0871119499206543	fedaykin.goip.de
94752	0.3249504566192627	0.08752059936523438	fedaykin.goip.de
96768	0.3240501880645752	0.08819293975830078	fedaykin.goip.de
98784	0.3250854015350342	0.08627748489379883	fedaykin.goip.de
100800	0.32416653633117676	0.08695268630981445	fedaykin.goip.de
102816	0.32450342178344727	0.08769416809082031	fedaykin.goip.de
104832	0.32456421852111816	0.08424019813537598	fedaykin.goip.de
106848	0.32449984550476074	0.08429241180419922	fedaykin.goip.de
108864	0.32467126846313477	0.0878748893737793	fedaykin.goip.de
110880	0.3240053653717041	0.08676862716674805	fedaykin.goip.de
112896	0.3261098861694336	0.08728742599487305	fedaykin.goip.de
114912	0.3264739513397217	0.08801507949829102	fedaykin.goip.de
116928	0.48229241371154785	0.0882718563079834	fedaykin.goip.de
118944	0.4819321632385254	0.08864426612854004	fedaykin.goip.de
120960	0.48165392875671387	0.08836650848388672	fedaykin.goip.de
122976	0.3243672847747803	0.08837509155273438	fedaykin.goip.de
124992	0.32663440704345703	0.0876927375793457	fedaykin.goip.de
127008	0.3248615264892578	0.08759784698486328	fedaykin.goip.de
129024	0.32499217987060547	0.08764243125915527	fedaykin.goip.de
131040	0.3256208896636963	0.08809232711791992	fedaykin.goip.de
133056	0.3255331516265869	0.08862924575805664	fedaykin.goip.de
135072	0.3255472183227539	0.08827829360961914	fedaykin.goip.de
137088	0.3242173194885254	0.08835887908935547	fedaykin.goip.de
139104	0.3250129222869873	0.08732438087463379	fedaykin.goip.de
141120	0.32691073417663574	0.08707118034362793	fedaykin.goip.de
143136	0.3257415294647217	0.08734440803527832	fedaykin.goip.de
145152	0.3293905258178711	0.08831644058227539	fedaykin.goip.de
147168	0.32431769371032715	0.08668661117553711	fedaykin.goip.de
149184	0.3247072696685791	0.08730959892272949	fedaykin.goip.de
151200	0.3263368606567383	0.08829569816589355	fedaykin.goip.de
153216	0.48322415351867676	0.09002852439880371	fedaykin.goip.de
155232	0.4817211627960205	0.08829140663146973	fedaykin.goip.de
157248	0.4836273193359375	0.08656525611877441	fedaykin.goip.de
159264	0.4841165542602539	0.08756113052368164	fedaykin.goip.de
161280	0.3267951011657715	0.08701777458190918	fedaykin.goip.de
163296	0.3259572982788086	0.08771920204162598	fedaykin.goip.de
165312	0.32439756393432617	0.08712887763977051	fedaykin.goip.de
167328	0.3276658058166504	0.08791184425354004	fedaykin.goip.de
169344	0.32430386543273926	0.08824467658996582	fedaykin.goip.de
171360	0.32485389709472656	0.08859419822692871	fedaykin.goip.de
173376	0.32495880126953125	0.08738350868225098	fedaykin.goip.de
175392	0.32433485984802246	0.08841753005981445	fedaykin.goip.de
177408	0.32415246963500977	0.08999896049499512	fedaykin.goip.de
179424	0.32497358322143555	0.0886545181274414	fedaykin.goip.de
181440	0.3245084285736084	0.08819961547851562	fedaykin.goip.de
183456	0.3252999782562256	0.08771610260009766	fedaykin.goip.de
185472	0.3251762390136719	0.08748745918273926	fedaykin.goip.de
187488	0.32613682746887207	0.08741974830627441	fedaykin.goip.de
189504	0.3259098529815674	0.08764076232910156	fedaykin.goip.de
191520	0.3257570266723633	0.0878911018371582	fedaykin.goip.de
193536	0.32480645179748535	0.08777642250061035	fedaykin.goip.de
195552	0.32419443130493164	0.08775544166564941	fedaykin.goip.de
197568	0.3250737190246582	0.0877532958984375	fedaykin.goip.de
199584	0.3246042728424072	0.08710813522338867	fedaykin.goip.de
201600	0.32436227798461914	0.08743071556091309	fedaykin.goip.de
203616	0.3246443271636963	0.0867161750793457	fedaykin.goip.de
205632	0.3242959976196289	0.08705973625183105	fedaykin.goip.de
207648	0.32488274574279785	0.08673739433288574	fedaykin.goip.de
209664	0.3254275321960449	0.08641624450683594	fedaykin.goip.de
211680	0.326005220413208	0.08704137802124023	fedaykin.goip.de
213696	0.3252906799316406	0.08756732940673828	fedaykin.goip.de
215712	0.3257133960723877	0.08783626556396484	fedaykin.goip.de
217728	0.32477378845214844	0.08721303939819336	fedaykin.goip.de
219744	0.3241870403289795	0.08679604530334473	fedaykin.goip.de
221760	0.32429957389831543	0.08729839324951172	fedaykin.goip.de
223776	0.3256692886352539	0.08788919448852539	fedaykin.goip.de
225792	0.32581400871276855	0.08736276626586914	fedaykin.goip.de
227808	0.3252387046813965	0.08864092826843262	fedaykin.goip.de
229824	0.3252866268157959	0.08742046356201172	fedaykin.goip.de
231840	0.32571864128112793	0.08751773834228516	fedaykin.goip.de
233856	0.32523036003112793	0.08750557899475098	fedaykin.goip.de
235872	0.326617956161499	0.08782029151916504	fedaykin.goip.de
237888	0.3259165287017822	0.08766984939575195	fedaykin.goip.de
239904	0.3243091106414795	0.08737754821777344	fedaykin.goip.de
241920	0.32398295402526855	0.08890938758850098	fedaykin.goip.de
243936	0.3240365982055664	0.08948659896850586	fedaykin.goip.de
245952	0.3244364261627197	0.08804655075073242	fedaykin.goip.de
247968	0.3247032165527344	0.08820009231567383	fedaykin.goip.de
249984	0.32463598251342773	0.08777594566345215	fedaykin.goip.de
252000	0.33386778831481934	0.08803200721740723	fedaykin.goip.de
254016	0.4827537536621094	0.08674478530883789	fedaykin.goip.de
256032	0.32500767707824707	0.08847808837890625	fedaykin.goip.de
258048	0.32485389709472656	0.08814167976379395	fedaykin.goip.de
260064	0.3257260322570801	0.08783960342407227	fedaykin.goip.de
262080	0.3248920440673828	0.08822512626647949	fedaykin.goip.de
264096	0.32529640197753906	0.08938932418823242	fedaykin.goip.de
266112	0.32603955268859863	0.08809518814086914	fedaykin.goip.de
268128	0.32506895065307617	0.0885012149810791	fedaykin.goip.de
270144	0.3257887363433838	0.08788299560546875	fedaykin.goip.de
272160	0.4842543601989746	0.08803749084472656	fedaykin.goip.de
274176	0.4836995601654053	0.08964943885803223	fedaykin.goip.de
276192	0.48169827461242676	0.0891571044921875	fedaykin.goip.de
278208	0.3264322280883789	0.08905887603759766	fedaykin.goip.de
280224	0.3254866600036621	0.08862566947937012	fedaykin.goip.de
282240	0.32527732849121094	0.09029197692871094	fedaykin.goip.de
284256	0.3279550075531006	0.08869647979736328	fedaykin.goip.de
286272	0.32742786407470703	0.08905172348022461	fedaykin.goip.de
288288	0.3245556354522705	0.09793734550476074	fedaykin.goip.de
290304	0.32505297660827637	0.08951902389526367	fedaykin.goip.de
292320	0.32562756538391113	0.09133648872375488	fedaykin.goip.de
294336	0.3252847194671631	0.08969402313232422	fedaykin.goip.de
296352	0.32587337493896484	0.08964776992797852	fedaykin.goip.de
298368	0.32477569580078125	0.08980774879455566	fedaykin.goip.de
300384	0.3256368637084961	0.08922696113586426	fedaykin.goip.de
302400	0.32486701011657715	0.09050750732421875	fedaykin.goip.de
304416	0.32644009590148926	0.09060192108154297	fedaykin.goip.de
306432	0.3258953094482422	0.09044265747070312	fedaykin.goip.de
308448	0.32580065727233887	0.09045171737670898	fedaykin.goip.de
310464	0.3260960578918457	0.08980894088745117	fedaykin.goip.de
312480	0.3257308006286621	0.08973884582519531	fedaykin.goip.de
314496	0.32607603073120117	0.0892326831817627	fedaykin.goip.de
316512	0.3255586624145508	0.09018540382385254	fedaykin.goip.de
318528	0.32625913619995117	0.09017229080200195	fedaykin.goip.de
320544	0.32543015480041504	0.08989906311035156	fedaykin.goip.de
322560	0.32607340812683105	0.0895395278930664	fedaykin.goip.de
324576	0.32655835151672363	0.09046530723571777	fedaykin.goip.de
326592	0.3255798816680908	0.09028053283691406	fedaykin.goip.de
328608	0.32546234130859375	0.08959150314331055	fedaykin.goip.de
330624	0.32678675651550293	0.08980894088745117	fedaykin.goip.de
332640	0.3258087635040283	0.09007811546325684	fedaykin.goip.de
334656	0.32708096504211426	0.0896155834197998	fedaykin.goip.de
336672	0.3245863914489746	0.08992409706115723	fedaykin.goip.de
338688	0.3247246742248535	0.09069347381591797	fedaykin.goip.de
340704	0.3264045715332031	0.0892343521118164	fedaykin.goip.de
342720	0.3261997699737549	0.08786463737487793	fedaykin.goip.de
344736	0.3257017135620117	0.09048342704772949	fedaykin.goip.de
346752	0.3267219066619873	0.09051990509033203	fedaykin.goip.de
348768	0.32585978507995605	0.08916592597961426	fedaykin.goip.de
350784	0.32642364501953125	0.08937454223632812	fedaykin.goip.de
352800	0.3261291980743408	0.0896921157836914	fedaykin.goip.de
354816	0.32611775398254395	0.09206843376159668	fedaykin.goip.de
356832	0.3255932331085205	0.09096097946166992	fedaykin.goip.de
358848	0.32567763328552246	0.09030032157897949	fedaykin.goip.de
360864	0.3255603313446045	0.08981680870056152	fedaykin.goip.de
362880	0.3258981704711914	0.08967089653015137	fedaykin.goip.de
364896	0.32648634910583496	0.09030604362487793	fedaykin.goip.de
366912	0.32364344596862793	0.0879526138305664	fedaykin.goip.de
368928	0.4842185974121094	0.08947587013244629	fedaykin.goip.de
370944	0.48095011711120605	0.08993816375732422	fedaykin.goip.de
372960	0.32465243339538574	0.08910608291625977	fedaykin.goip.de
374976	0.3242313861846924	0.08927273750305176	fedaykin.goip.de
376992	0.3253355026245117	0.09095168113708496	fedaykin.goip.de
379008	0.3250916004180908	0.09082961082458496	fedaykin.goip.de
381024	0.3252451419830322	0.08962845802307129	fedaykin.goip.de
383040	0.324476957321167	0.08971476554870605	fedaykin.goip.de
385056	0.3243260383605957	0.09019923210144043	fedaykin.goip.de
387072	0.3267807960510254	0.09069323539733887	fedaykin.goip.de
389088	0.3251657485961914	0.09058785438537598	fedaykin.goip.de
391104	0.3257019519805908	0.08971595764160156	fedaykin.goip.de
393120	0.325549840927124	0.09032225608825684	fedaykin.goip.de
395136	0.3239014148712158	0.08879971504211426	fedaykin.goip.de
397152	0.32416701316833496	0.09035372734069824	fedaykin.goip.de
399168	0.32430434226989746	0.08993983268737793	fedaykin.goip.de
401184	0.324892520904541	0.09004092216491699	fedaykin.goip.de
403200	0.32560110092163086	0.08924341201782227	fedaykin.goip.de
405216	0.3243119716644287	0.09072160720825195	fedaykin.goip.de
407232	0.32439351081848145	0.09036493301391602	fedaykin.goip.de
409248	0.32602405548095703	0.0900259017944336	fedaykin.goip.de
411264	0.32477831840515137	0.09054827690124512	fedaykin.goip.de
413280	0.483914852142334	0.08965110778808594	fedaykin.goip.de
415296	0.4823017120361328	0.08810234069824219	fedaykin.goip.de
417312	0.3243257999420166	0.08790445327758789	fedaykin.goip.de
419328	0.3245103359222412	0.09077572822570801	fedaykin.goip.de
421344	0.325437068939209	0.09027552604675293	fedaykin.goip.de
423360	0.3253312110900879	0.09023714065551758	fedaykin.goip.de
425376	0.32605409622192383	0.08990192413330078	fedaykin.goip.de
427392	0.3263695240020752	0.08894467353820801	fedaykin.goip.de
429408	0.32547640800476074	0.08977293968200684	fedaykin.goip.de
431424	0.4827749729156494	0.0872809886932373	fedaykin.goip.de
433440	0.48363280296325684	0.08834052085876465	fedaykin.goip.de
435456	0.48119091987609863	0.08829426765441895	fedaykin.goip.de
437472	0.48145461082458496	0.0884711742401123	fedaykin.goip.de
439488	0.32564473152160645	0.0886240005493164	fedaykin.goip.de
441504	0.326129674911499	0.0906822681427002	fedaykin.goip.de
443520	0.32545018196105957	0.08902645111083984	fedaykin.goip.de
445536	0.3252749443054199	0.08880233764648438	fedaykin.goip.de
447552	0.32582974433898926	0.08903288841247559	fedaykin.goip.de
449568	0.3265984058380127	0.08847260475158691	fedaykin.goip.de
451584	0.3269615173339844	0.08945178985595703	fedaykin.goip.de
453600	0.32657766342163086	0.08803081512451172	fedaykin.goip.de
455616	0.32648539543151855	0.08769822120666504	fedaykin.goip.de
457632	0.3266866207122803	0.08896160125732422	fedaykin.goip.de
459648	0.325031042098999	0.08920168876647949	fedaykin.goip.de
461664	0.3249475955963135	0.0883793830871582	fedaykin.goip.de
463680	0.325167179107666	0.0890045166015625	fedaykin.goip.de
465696	0.32654380798339844	0.08899068832397461	fedaykin.goip.de
467712	0.3259882926940918	0.0876016616821289	fedaykin.goip.de
469728	0.32634973526000977	0.08932232856750488	fedaykin.goip.de
471744	0.3255953788757324	0.08884072303771973	fedaykin.goip.de
473760	0.3244965076446533	0.08828973770141602	fedaykin.goip.de
475776	0.3245208263397217	0.08882355690002441	fedaykin.goip.de
477792	0.3266904354095459	0.08846306800842285	fedaykin.goip.de
479808	0.3243553638458252	0.08815526962280273	fedaykin.goip.de
481824	0.32646822929382324	0.0883786678314209	fedaykin.goip.de
483840	0.32451891899108887	0.0889427661895752	fedaykin.goip.de
485856	0.3243682384490967	0.08906245231628418	fedaykin.goip.de
487872	0.3247489929199219	0.08974814414978027	fedaykin.goip.de
489888	0.32476186752319336	0.09018659591674805	fedaykin.goip.de
491904	0.32547831535339355	0.08939981460571289	fedaykin.goip.de
493920	0.32533764839172363	0.09018230438232422	fedaykin.goip.de
495936	0.32480788230895996	0.08937931060791016	fedaykin.goip.de
497952	0.32418298721313477	0.08935141563415527	fedaykin.goip.de
499968	0.32530927658081055	0.08955502510070801	fedaykin.goip.de
501984	0.32650041580200195	0.08969330787658691	fedaykin.goip.de
504000	0.3247871398925781	0.08874225616455078	fedaykin.goip.de
506016	0.3260836601257324	0.08913016319274902	fedaykin.goip.de
508032	0.32843899726867676	0.08898210525512695	fedaykin.goip.de
510048	0.3254506587982178	0.08843874931335449	fedaykin.goip.de
512064	0.32639646530151367	0.08960199356079102	fedaykin.goip.de
514080	0.3246431350708008	0.08983135223388672	fedaykin.goip.de
516096	0.3267350196838379	0.08918213844299316	fedaykin.goip.de
518112	0.32605743408203125	0.08977746963500977	fedaykin.goip.de
520128	0.3257625102996826	0.08869123458862305	fedaykin.goip.de
522144	0.32537412643432617	0.0894918441772461	fedaykin.goip.de
524160	0.3252379894256592	0.0896005630493164	fedaykin.goip.de
526176	0.3254721164703369	0.08972907066345215	fedaykin.goip.de
528192	0.32517337799072266	0.08831429481506348	fedaykin.goip.de
530208	0.32411670684814453	0.0897986888885498	fedaykin.goip.de
532224	0.32594943046569824	0.08952212333679199	fedaykin.goip.de
534240	0.32767486572265625	0.0894613265991211	fedaykin.goip.de
536256	0.4835653305053711	0.0939629077911377	fedaykin.goip.de
538272	0.32621169090270996	0.08950257301330566	fedaykin.goip.de
540288	0.3249530792236328	0.08880257606506348	fedaykin.goip.de
542304	0.3251049518585205	0.08956217765808105	fedaykin.goip.de
544320	0.32428789138793945	0.08986806869506836	fedaykin.goip.de
546336	0.3252835273742676	0.08925557136535645	fedaykin.goip.de
548352	0.3243067264556885	0.09011244773864746	fedaykin.goip.de
550368	0.32572507858276367	0.08949542045593262	fedaykin.goip.de
552384	0.3250617980957031	0.08961749076843262	fedaykin.goip.de
554400	0.3256714344024658	0.08993172645568848	fedaykin.goip.de
556416	0.4840352535247803	0.08992385864257812	fedaykin.goip.de
558432	0.48198485374450684	0.08908677101135254	fedaykin.goip.de
560448	0.3251349925994873	0.09030628204345703	fedaykin.goip.de
562464	0.3253166675567627	0.09085416793823242	fedaykin.goip.de
564480	0.32486939430236816	0.08953666687011719	fedaykin.goip.de
566496	0.32476186752319336	0.0908653736114502	fedaykin.goip.de
568512	0.32607603073120117	0.08940386772155762	fedaykin.goip.de
570528	0.32659316062927246	0.08871102333068848	fedaykin.goip.de
572544	0.326401948928833	0.08867764472961426	fedaykin.goip.de
574560	0.32585811614990234	0.08896946907043457	fedaykin.goip.de
576576	0.32588720321655273	0.08947587013244629	fedaykin.goip.de
578592	0.32608580589294434	0.09026360511779785	fedaykin.goip.de
580608	0.3247795104980469	0.09075164794921875	fedaykin.goip.de
582624	0.32475805282592773	0.09037637710571289	fedaykin.goip.de
584640	0.32652831077575684	0.08929872512817383	fedaykin.goip.de
586656	0.325822114944458	0.08948969841003418	fedaykin.goip.de
588672	0.32610011100769043	0.09020590782165527	fedaykin.goip.de
590688	0.32669901847839355	0.09065771102905273	fedaykin.goip.de
592704	0.325237512588501	0.0896303653717041	fedaykin.goip.de
594720	0.3280649185180664	0.09094548225402832	fedaykin.goip.de
596736	0.32522153854370117	0.09129977226257324	fedaykin.goip.de
598752	0.325056791305542	0.0892341136932373	bitcoin.aranguren.org
600768	0.3263843059539795	0.09000968933105469	bitcoin.aranguren.org
602784	0.325894832611084	0.09044599533081055	bitcoin.aranguren.org
604800	0.3257930278778076	0.08961939811706543	bitcoin.aranguren.org
606816	0.3257911205291748	0.0893256664276123	bitcoin.aranguren.org
608832	0.3245549201965332	0.09098672866821289	bitcoin.aranguren.org
610848	0.32440900802612305	0.09042572975158691	bitcoin.aranguren.org
612864	0.32396602630615234	0.09015965461730957	bitcoin.aranguren.org
614880	0.32405710220336914	0.09043359756469727	bitcoin.aranguren.org
616896	0.3239588737487793	0.0891265869140625	bitcoin.aranguren.org
618912	0.3243107795715332	0.08944892883300781	bitcoin.aranguren.org
620928	0.3240649700164795	0.08939027786254883	bitcoin.aranguren.org
622944	0.32462596893310547	0.08937406539916992	bitcoin.aranguren.org
624960	0.3242490291595459	0.08997917175292969	bitcoin.aranguren.org
626976	0.32387423515319824	0.09006619453430176	bitcoin.aranguren.org
628992	0.32466554641723633	0.09036636352539062	bitcoin.aranguren.org
631008	0.32384634017944336	0.09061932563781738	bitcoin.aranguren.org
633024	0.32637858390808105	0.09051680564880371	bitcoin.aranguren.org
635040	0.3242201805114746	0.09051036834716797	bitcoin.aranguren.org
637056	0.32427549362182617	0.08983731269836426	bitcoin.aranguren.org
639072	0.3241715431213379	0.08702754974365234	bitcoin.aranguren.org
641088	0.3238489627838135	0.08942341804504395	bitcoin.aranguren.org
643104	0.32433533668518066	0.08906149864196777	bitcoin.aranguren.org
645120	0.3251454830169678	0.08948373794555664	bitcoin.aranguren.org
647136	0.32527828216552734	0.08899664878845215	bitcoin.aranguren.org
649152	0.3283417224884033	0.08958268165588379	bitcoin.aranguren.org
651168	0.48278021812438965	0.08894634246826172	bitcoin.aranguren.org
653184	0.481719970703125	0.08899879455566406	bitcoin.aranguren.org
655200	0.32512521743774414	0.0890655517578125	bitcoin.aranguren.org
657216	0.322049617767334	0.05622410774230957	bitcoin.aranguren.org
