1	0.7419235706329346	0.08647012710571289	electrum3.hodlister.co
2016	0.3059070110321045	0.08577227592468262	electrum3.hodlister.co
4032	0.2154529094696045	0.08512210845947266	electrum3.hodlister.co
6048	0.21547389030456543	0.0862278938293457	electrum3.hodlister.co
8064	0.21415925025939941	0.08603191375732422	electrum3.hodlister.co
10080	0.21456098556518555	0.08683919906616211	electrum3.hodlister.co
12096	0.21630024909973145	0.08958864212036133	electrum3.hodlister.co
14112	0.21523451805114746	0.08684968948364258	electrum3.hodlister.co
16128	0.21484875679016113	0.08521413803100586	electrum3.hodlister.co
18144	0.21463513374328613	0.08497500419616699	electrum3.hodlister.co
20160	0.21518158912658691	0.08481574058532715	electrum3.hodlister.co
22176	0.2148599624633789	0.08543634414672852	electrum3.hodlister.co
24192	0.21472549438476562	0.08551526069641113	electrum3.hodlister.co
26208	0.21492457389831543	0.08550167083740234	electrum3.hodlister.co
28224	0.21442675590515137	0.08493900299072266	electrum3.hodlister.co
30240	0.21541786193847656	0.0862269401550293	electrum3.hodlister.co
32256	0.2167341709136963	0.0863807201385498	electrum3.hodlister.co
34272	0.21476030349731445	0.08612799644470215	electrum3.hodlister.co
36288	0.21506333351135254	0.08609604835510254	electrum3.hodlister.co
38304	0.2178339958190918	0.08585739135742188	electrum3.hodlister.co
40320	0.2154250144958496	0.0852060317993164	electrum3.hodlister.co
42336	0.2160940170288086	0.08538484573364258	electrum3.hodlister.co
44352	0.21468615531921387	0.08510255813598633	electrum3.hodlister.co
46368	0.21461224555969238	0.08449339866638184	electrum3.hodlister.co
48384	0.21424341201782227	0.08531045913696289	electrum3.hodlister.co
50400	0.21463251113891602	0.08527588844299316	electrum3.hodlister.co
52416	0.21480369567871094	0.08489823341369629	electrum3.hodlister.co
54432	0.2146759033203125	0.1722123622894287	electrum3.hodlister.co
56448	0.21521615982055664	0.17412567138671875	electrum3.hodlister.co
58464	0.21527385711669922	0.08635854721069336	electrum3.hodlister.co
60480	0.2148723602294922	0.0859675407409668	electrum3.hodlister.co
62496	0.21419906616210938	0.08526802062988281	electrum3.hodlister.co
64512	0.2156057357788086	0.08649230003356934	electrum3.hodlister.co
66528	0.21675825119018555	0.08673381805419922	electrum3.hodlister.co
68544	0.21542739868164062	0.08719778060913086	electrum3.hodlister.co
70560	0.21519804000854492	0.08575439453125	electrum3.hodlister.co
72576	0.21550440788269043	0.0866847038269043	electrum3.hodlister.co
74592	0.21463799476623535	0.08650088310241699	electrum3.hodlister.co
76608	0.21540522575378418	0.08524227142333984	electrum3.hodlister.co
78624	0.21858477592468262	0.08573555946350098	electrum3.hodlister.co
80640	0.2176218032836914	0.0853738784790039	electrum3.hodlister.co
82656	0.21541166305541992	0.08488798141479492	electrum3.hodlister.co
84672	0.21503543853759766	0.08706355094909668	electrum3.hodlister.co
86688	0.2144026756286621	0.08650374412536621	electrum3.hodlister.co
88704	0.21494460105895996	0.08673810958862305	electrum3.hodlister.co
90720	0.2158055305480957	0.0858614444732666	electrum3.hodlister.co
92736	0.21462559700012207	0.08632850646972656	electrum3.hodlister.co
94752	0.21516990661621094	0.0862419605255127	electrum3.hodlister.co
96768	0.21524882316589355	0.08663058280944824	electrum3.hodlister.co
98784	0.21478986740112305	0.08617234230041504	electrum3.hodlister.co
100800	0.21701550483703613	0.08604788780212402	electrum3.hodlister.co
102816	0.2154240608215332	0.08595108985900879	electrum3.hodlister.co
104832	0.21476459503173828	0.0868837833404541	electrum3.hodlister.co
106848	0.21471667289733887	0.08774542808532715	electrum3.hodlister.co
108864	0.21475625038146973	0.08651375770568848	electrum3.hodlister.co
110880	0.21532249450683594	0.08691120147705078	electrum3.hodlister.co
112896	0.21453166007995605	0.08802056312561035	electrum3.hodlister.co
114912	0.21868252754211426	0.08758854866027832	electrum3.hodlister.co
116928	0.2151033878326416	0.08765697479248047	electrum3.hodlister.co
118944	0.21466541290283203	0.08712244033813477	electrum3.hodlister.co
120960	0.21489930152893066	0.08703947067260742	electrum3.hodlister.co
122976	0.21494722366333008	0.08562660217285156	electrum3.hodlister.co
124992	0.21510028839111328	0.08598780632019043	electrum3.hodlister.co
127008	0.21452784538269043	0.08614706993103027	electrum3.hodlister.co
129024	0.21478605270385742	0.0863349437713623	electrum3.hodlister.co
131040	0.21533465385437012	0.08709859848022461	electrum3.hodlister.co
133056	0.21471858024597168	0.08663558959960938	electrum3.hodlister.co
135072	0.2149801254272461	0.08746957778930664	electrum3.hodlister.co
137088	0.2173459529876709	0.08695220947265625	electrum3.hodlister.co
139104	0.2149815559387207	0.08642721176147461	electrum3.hodlister.co
141120	0.2152700424194336	0.08618283271789551	electrum3.hodlister.co
143136	0.21539545059204102	0.08745336532592773	electrum3.hodlister.co
145152	0.21537017822265625	0.08705759048461914	electrum3.hodlister.co
147168	0.21475672721862793	0.09093213081359863	electrum3.hodlister.co
149184	0.21477866172790527	0.08696269989013672	electrum3.hodlister.co
151200	0.21514225006103516	0.0858466625213623	electrum3.hodlister.co
153216	0.2153148651123047	0.08601117134094238	electrum3.hodlister.co
155232	0.21460390090942383	0.08658099174499512	electrum3.hodlister.co
157248	0.21419548988342285	0.08623361587524414	electrum3.hodlister.co
159264	0.21514391899108887	0.08678674697875977	electrum3.hodlister.co
161280	0.21538996696472168	0.0864102840423584	electrum3.hodlister.co
163296	0.2169480323791504	0.08696389198303223	electrum3.hodlister.co
165312	0.215529203414917	0.08646416664123535	electrum3.hodlister.co
167328	0.21490478515625	0.08675813674926758	electrum3.hodlister.co
169344	0.2148439884185791	0.08773612976074219	electrum3.hodlister.co
171360	0.2159268856048584	0.08755230903625488	electrum3.hodlister.co
173376	0.21532273292541504	0.08732914924621582	electrum3.hodlister.co
175392	0.21554136276245117	0.08754682540893555	electrum3.hodlister.co
177408	0.2146909236907959	0.08790373802185059	electrum3.hodlister.co
179424	0.2141556739807129	0.0872962474822998	electrum3.hodlister.co
181440	0.21452736854553223	0.0872201919555664	electrum3.hodlister.co
183456	0.21463418006896973	0.08728504180908203	electrum3.hodlister.co
185472	0.23778605461120605	0.09157276153564453	electrum3.hodlister.co
187488	0.2246863842010498	0.08743572235107422	electrum3.hodlister.co
189504	0.24196386337280273	0.08774495124816895	electrum3.hodlister.co
191520	0.21649503707885742	0.08638930320739746	electrum3.hodlister.co
193536	0.2151777744293213	0.08784198760986328	electrum3.hodlister.co
195552	0.21598434448242188	0.08974742889404297	electrum3.hodlister.co
197568	0.21477079391479492	0.08713030815124512	electrum3.hodlister.co
199584	0.21492910385131836	0.08753061294555664	electrum3.hodlister.co
201600	0.21511006355285645	0.0869443416595459	electrum3.hodlister.co
203616	0.214738130569458	0.08698606491088867	electrum3.hodlister.co
205632	0.21455788612365723	0.08637380599975586	electrum3.hodlister.co
207648	0.2167949676513672	0.08751630783081055	electrum3.hodlister.co
209664	0.21718358993530273	0.08727717399597168	electrum3.hodlister.co
211680	0.21438908576965332	0.08678174018859863	electrum3.hodlister.co
213696	0.21504473686218262	0.08579325675964355	electrum3.hodlister.co
215712	0.21605205535888672	0.08656978607177734	electrum3.hodlister.co
217728	0.21562528610229492	0.08710694313049316	electrum3.hodlister.co
219744	0.22012948989868164	0.08655834197998047	electrum3.hodlister.co
221760	0.21486592292785645	0.08737301826477051	electrum3.hodlister.co
223776	0.21498680114746094	0.08536624908447266	electrum3.hodlister.co
225792	0.21541714668273926	0.08637595176696777	electrum3.hodlister.co
227808	0.21445107460021973	0.0868520736694336	electrum3.hodlister.co
229824	0.21489477157592773	0.0861363410949707	electrum3.hodlister.co
231840	0.2147676944732666	0.08631086349487305	electrum3.hodlister.co
233856	0.21494436264038086	0.08727860450744629	electrum3.hodlister.co
235872	0.2153329849243164	0.08726716041564941	electrum3.hodlister.co
237888	0.21509313583374023	0.08737421035766602	electrum3.hodlister.co
239904	0.21475720405578613	0.08812284469604492	electrum3.hodlister.co
241920	0.21628236770629883	0.08739399909973145	electrum3.hodlister.co
243936	0.21756505966186523	0.0878744125366211	electrum3.hodlister.co
245952	0.21662116050720215	0.08705949783325195	electrum3.hodlister.co
247968	0.21680259704589844	0.08836007118225098	electrum3.hodlister.co
249984	0.21748876571655273	0.08649396896362305	electrum3.hodlister.co
252000	0.21492886543273926	0.0860147476196289	electrum3.hodlister.co
254016	0.21509623527526855	0.08755302429199219	electrum3.hodlister.co
256032	0.2148277759552002	0.08769059181213379	electrum3.hodlister.co
258048	0.21516656875610352	0.08687210083007812	electrum3.hodlister.co
260064	0.2145535945892334	0.08683395385742188	electrum3.hodlister.co
262080	0.21415925025939941	0.08746027946472168	electrum3.hodlister.co
264096	0.21486282348632812	0.08716702461242676	electrum3.hodlister.co
266112	0.21486210823059082	0.08696794509887695	electrum3.hodlister.co
268128	0.21534013748168945	0.08769631385803223	electrum3.hodlister.co
270144	0.21479535102844238	0.08778548240661621	electrum3.hodlister.co
272160	0.21477508544921875	0.08770442008972168	electrum3.hodlister.co
274176	0.2148728370666504	0.08698081970214844	electrum3.hodlister.co
276192	0.21591734886169434	0.08809638023376465	electrum3.hodlister.co
278208	0.21504735946655273	0.0861978530883789	electrum3.hodlister.co
280224	0.2141258716583252	0.086883544921875	electrum3.hodlister.co
282240	0.34041380882263184	0.08739995956420898	electrum3.hodlister.co
284256	0.21468544006347656	0.08701872825622559	electrum3.hodlister.co
286272	0.21523308753967285	0.0870659351348877	electrum3.hodlister.co
288288	0.2149336338043213	0.08852624893188477	electrum3.hodlister.co
290304	0.21466565132141113	0.08725595474243164	electrum3.hodlister.co
292320	0.2149214744567871	0.08786249160766602	electrum3.hodlister.co
294336	0.2170088291168213	0.08851242065429688	electrum3.hodlister.co
296352	0.2146768569946289	0.08837556838989258	electrum3.hodlister.co
298368	0.2147996425628662	0.0884850025177002	electrum3.hodlister.co
300384	0.21446013450622559	0.08806276321411133	electrum3.hodlister.co
302400	0.21575403213500977	0.08960461616516113	electrum3.hodlister.co
304416	0.21452903747558594	0.08847236633300781	electrum3.hodlister.co
306432	0.21477365493774414	0.08906173706054688	electrum3.hodlister.co
308448	0.2147808074951172	0.08717942237854004	electrum3.hodlister.co
310464	0.21646809577941895	0.0877985954284668	electrum3.hodlister.co
312480	0.21692681312561035	0.08752775192260742	electrum3.hodlister.co
314496	0.21457552909851074	0.08868288993835449	electrum3.hodlister.co
316512	0.21457171440124512	0.08856940269470215	electrum3.hodlister.co
318528	0.21495676040649414	0.08759880065917969	electrum3.hodlister.co
320544	0.21446442604064941	0.08655333518981934	electrum3.hodlister.co
322560	0.21699166297912598	0.08864164352416992	electrum3.hodlister.co
324576	0.2152857780456543	0.08730888366699219	electrum3.hodlister.co
326592	0.21624207496643066	0.08777189254760742	electrum3.hodlister.co
328608	0.21692585945129395	0.0869300365447998	electrum3.hodlister.co
330624	0.21511006355285645	0.08815979957580566	electrum3.hodlister.co
332640	0.218156099319458	0.08681058883666992	electrum3.hodlister.co
334656	0.21466732025146484	0.08734536170959473	electrum3.hodlister.co
336672	0.21532559394836426	0.08765530586242676	electrum3.hodlister.co
338688	0.21437597274780273	0.08723711967468262	electrum3.hodlister.co
340704	0.21456646919250488	0.08751416206359863	electrum3.hodlister.co
342720	0.2145216464996338	0.08643794059753418	electrum3.hodlister.co
344736	0.21526765823364258	0.08806371688842773	electrum3.hodlister.co
346752	0.21701979637145996	0.08893680572509766	electrum3.hodlister.co
348768	0.21712136268615723	0.08809804916381836	electrum3.hodlister.co
350784	0.21506476402282715	0.08825111389160156	electrum3.hodlister.co
352800	0.21531319618225098	0.08864307403564453	electrum3.hodlister.co
354816	0.2145223617553711	0.08715248107910156	electrum3.hodlister.co
356832	0.215226411819458	0.08804869651794434	electrum3.hodlister.co
358848	0.2148115634918213	0.08816647529602051	electrum3.hodlister.co
360864	0.21494030952453613	0.08795714378356934	electrum3.hodlister.co
362880	0.2146754264831543	0.08964323997497559	electrum3.hodlister.co
364896	0.2147212028503418	0.08822298049926758	electrum3.hodlister.co
366912	0.4394073486328125	0.08883023262023926	electrum3.hodlister.co
368928	0.21479225158691406	0.08844661712646484	electrum3.hodlister.co
370944	0.21436667442321777	0.087890625	electrum3.hodlister.co
372960	0.21521592140197754	0.08886146545410156	electrum3.hodlister.co
374976	0.2144777774810791	0.0890507698059082	electrum3.hodlister.co
376992	0.21512961387634277	0.0883028507232666	electrum3.hodlister.co
379008	0.21425509452819824	0.09943842887878418	electrum3.hodlister.co
381024	0.21518826484680176	0.08744263648986816	electrum3.hodlister.co
383040	0.21558547019958496	0.08761787414550781	electrum3.hodlister.co
385056	0.2150111198425293	0.0886075496673584	electrum3.hodlister.co
387072	0.22377514839172363	0.08898520469665527	electrum3.hodlister.co
389088	0.21484160423278809	0.08735036849975586	electrum3.hodlister.co
391104	0.22977423667907715	0.0908668041229248	electrum3.hodlister.co
393120	0.21636319160461426	0.08774113655090332	electrum3.hodlister.co
395136	0.21541643142700195	0.0877838134765625	electrum3.hodlister.co
397152	0.21546292304992676	0.08648872375488281	electrum3.hodlister.co
399168	0.2147369384765625	0.0881643295288086	electrum3.hodlister.co
401184	0.21478652954101562	0.08770155906677246	electrum3.hodlister.co
403200	0.21439409255981445	0.08692264556884766	electrum3.hodlister.co
405216	0.215562105178833	0.08835887908935547	electrum3.hodlister.co
407232	0.21520781517028809	0.08980679512023926	electrum3.hodlister.co
409248	0.21532082557678223	0.08951139450073242	electrum3.hodlister.co
411264	0.21474146842956543	0.08729147911071777	electrum3.hodlister.co
413280	0.2154374122619629	0.0873556137084961	electrum3.hodlister.co
415296	0.21509003639221191	0.08762049674987793	electrum3.hodlister.co
417312	0.21509957313537598	0.08663797378540039	electrum3.hodlister.co
419328	0.21468496322631836	0.0874485969543457	electrum3.hodlister.co
421344	0.21583318710327148	0.08703303337097168	electrum3.hodlister.co
423360	0.21526193618774414	0.08735537528991699	electrum3.hodlister.co
425376	0.21452093124389648	0.08668065071105957	bitcoin.aranguren.org
427392	0.21493077278137207	0.0862112045288086	bitcoin.aranguren.org
429408	0.2146623134613037	0.08639264106750488	bitcoin.aranguren.org
431424	0.21508431434631348	0.08742785453796387	bitcoin.aranguren.org
433440	0.21491503715515137	0.08574557304382324	bitcoin.aranguren.org
435456	0.21478271484375	0.08841896057128906	bitcoin.aranguren.org
437472	0.2150280475616455	0.08896613121032715	bitcoin.aranguren.org
439488	0.21490883827209473	0.08736371994018555	bitcoin.aranguren.org
441504	0.2148284912109375	0.08734416961669922	bitcoin.aranguren.org
443520	0.21536755561828613	0.08750724792480469	bitcoin.aranguren.org
445536	0.21483778953552246	0.08751082420349121	bitcoin.aranguren.org
447552	0.2148289680480957	0.08672022819519043	bitcoin.aranguren.org
449568	0.21455907821655273	0.08608031272888184	bitcoin.aranguren.org
451584	0.2154066562652588	0.08665132522583008	bitcoin.aranguren.org
453600	0.2157886028289795	0.08754587173461914	bitcoin.aranguren.org
455616	0.21484708786010742	0.08737897872924805	bitcoin.aranguren.org
457632	0.21491551399230957	0.08782339096069336	bitcoin.aranguren.org
459648	0.2145535945892334	0.08683133125305176	bitcoin.aranguren.org
461664	0.21478700637817383	0.08767557144165039	bitcoin.aranguren.org
463680	0.2143111228942871	0.08724570274353027	bitcoin.aranguren.org
465696	0.21481800079345703	0.08803272247314453	bitcoin.aranguren.org
467712	0.21618080139160156	0.08565449714660645	bitcoin.aranguren.org
469728	0.21521925926208496	0.08718585968017578	bitcoin.aranguren.org
471744	0.21391654014587402	0.08689045906066895	bitcoin.aranguren.org
473760	0.21474719047546387	0.08704710006713867	bitcoin.aranguren.org
475776	0.21524596214294434	0.08718013763427734	bitcoin.aranguren.org
477792	0.21515679359436035	0.08748984336853027	bitcoin.aranguren.org
479808	0.21442937850952148	0.08715510368347168	bitcoin.aranguren.org
481824	0.2154393196105957	0.08693552017211914	bitcoin.aranguren.org
483840	0.21663761138916016	0.08794116973876953	bitcoin.aranguren.org
485856	0.2148747444152832	0.0878596305847168	bitcoin.aranguren.org
487872	0.21512508392333984	0.08827829360961914	bitcoin.aranguren.org
489888	0.21484160423278809	0.08785247802734375	bitcoin.aranguren.org
491904	0.21505165100097656	0.09615635871887207	bitcoin.aranguren.org
493920	0.2153923511505127	0.08873891830444336	bitcoin.aranguren.org
495936	0.2151350975036621	0.08829402923583984	bitcoin.aranguren.org
497952	0.21464133262634277	0.08930420875549316	bitcoin.aranguren.org
499968	0.21496820449829102	0.08899402618408203	bitcoin.aranguren.org
501984	0.21457958221435547	0.08842897415161133	bitcoin.aranguren.org
504000	0.21641826629638672	0.08873605728149414	bitcoin.aranguren.org
506016	0.21541666984558105	0.08844137191772461	bitcoin.aranguren.org
508032	0.21481060981750488	0.08842587471008301	bitcoin.aranguren.org
510048	0.21435856819152832	0.08831334114074707	bitcoin.aranguren.org
512064	0.21656084060668945	0.08787131309509277	bitcoin.aranguren.org
514080	0.21609830856323242	0.08802056312561035	bitcoin.aranguren.org
516096	0.21494269371032715	0.08739495277404785	bitcoin.aranguren.org
518112	0.21535158157348633	0.0879673957824707	bitcoin.aranguren.org
520128	0.2148725986480713	0.08820128440856934	bitcoin.aranguren.org
522144	0.21496915817260742	0.08806681632995605	bitcoin.aranguren.org
524160	0.21477055549621582	0.08821558952331543	bitcoin.aranguren.org
526176	0.21482157707214355	0.08783960342407227	bitcoin.aranguren.org
528192	0.21479296684265137	0.08817315101623535	bitcoin.aranguren.org
530208	0.21469378471374512	0.08814811706542969	bitcoin.aranguren.org
532224	0.21490192413330078	0.08783698081970215	bitcoin.aranguren.org
534240	0.21458935737609863	0.08822059631347656	bitcoin.aranguren.org
536256	0.214890718460083	0.08828902244567871	bitcoin.aranguren.org
538272	0.21474838256835938	0.08885049819946289	bitcoin.aranguren.org
540288	0.21503090858459473	0.08832478523254395	bitcoin.aranguren.org
542304	0.21639752388000488	0.08817267417907715	bitcoin.aranguren.org
544320	0.21434760093688965	0.08952021598815918	bitcoin.aranguren.org
546336	0.21494126319885254	0.0882866382598877	bitcoin.aranguren.org
548352	0.21541309356689453	0.08904409408569336	bitcoin.aranguren.org
550368	0.21599340438842773	0.09049010276794434	bitcoin.aranguren.org
552384	0.2147054672241211	0.08862853050231934	bitcoin.aranguren.org
554400	0.21492743492126465	0.08774924278259277	bitcoin.aranguren.org
556416	0.3405444622039795	0.08830118179321289	bitcoin.aranguren.org
558432	0.21549034118652344	0.08771228790283203	bitcoin.aranguren.org
560448	0.21480369567871094	0.08781671524047852	bitcoin.aranguren.org
562464	0.21491503715515137	0.08855628967285156	bitcoin.aranguren.org
564480	0.21536564826965332	0.08746623992919922	bitcoin.aranguren.org
566496	0.2151927947998047	0.0880274772644043	bitcoin.aranguren.org
568512	0.21558380126953125	0.08843040466308594	bitcoin.aranguren.org
570528	0.21445775032043457	0.08756375312805176	bitcoin.aranguren.org
572544	0.21460318565368652	0.08801865577697754	bitcoin.aranguren.org
574560	0.2147376537322998	0.0875399112701416	bitcoin.aranguren.org
576576	0.2148141860961914	0.08823728561401367	bitcoin.aranguren.org
578592	0.2154831886291504	0.08796811103820801	bitcoin.aranguren.org
580608	0.21507644653320312	0.08775210380554199	bitcoin.aranguren.org
582624	0.21506285667419434	0.08937311172485352	bitcoin.aranguren.org
584640	0.21566534042358398	0.08965611457824707	bitcoin.aranguren.org
586656	0.21472930908203125	0.08835816383361816	bitcoin.aranguren.org
588672	0.2151186466217041	0.08818411827087402	bitcoin.aranguren.org
590688	0.21512269973754883	0.09126687049865723	bitcoin.aranguren.org
592704	0.21595335006713867	0.08947086334228516	bitcoin.aranguren.org
594720	0.21480369567871094	0.08888864517211914	bitcoin.aranguren.org
596736	0.22209548950195312	0.08893346786499023	bitcoin.aranguren.org
598752	0.21461987495422363	0.08936548233032227	bitcoin.aranguren.org
600768	0.21535611152648926	0.08816742897033691	bitcoin.aranguren.org
602784	0.21517324447631836	0.08931684494018555	bitcoin.aranguren.org
604800	0.21530818939208984	0.0876915454864502	bitcoin.aranguren.org
606816	0.21469879150390625	0.0883171558380127	bitcoin.aranguren.org
608832	0.21532034873962402	0.08890295028686523	bitcoin.aranguren.org
610848	0.21526026725769043	0.0885157585144043	bitcoin.aranguren.org
612864	0.2169809341430664	0.08852291107177734	bitcoin.aranguren.org
614880	0.21503591537475586	0.0882568359375	bitcoin.aranguren.org
616896	0.21505093574523926	0.08799505233764648	bitcoin.aranguren.org
618912	0.21509289741516113	0.08888411521911621	bitcoin.aranguren.org
620928	0.21471261978149414	0.08948731422424316	bitcoin.aranguren.org
622944	0.21474099159240723	0.08847236633300781	bitcoin.aranguren.org
624960	0.2174086570739746	0.08931875228881836	bitcoin.aranguren.org
626976	0.21516823768615723	0.08926653861999512	bitcoin.aranguren.org
628992	0.2150118350982666	0.0892636775970459	bitcoin.aranguren.org
631008	0.2148606777191162	0.08884358406066895	bitcoin.aranguren.org
633024	0.2151334285736084	0.08850741386413574	bitcoin.aranguren.org
635040	0.21503543853759766	0.08848786354064941	bitcoin.aranguren.org
637056	0.21507692337036133	0.08868074417114258	bitcoin.aranguren.org
639072	0.21656298637390137	0.0893857479095459	bitcoin.aranguren.org
641088	0.21482539176940918	0.08868169784545898	bitcoin.aranguren.org
643104	0.2148571014404297	0.08859467506408691	bitcoin.aranguren.org
645120	0.21474027633666992	0.0880889892578125	bitcoin.aranguren.org
647136	0.21430277824401855	0.0868077278137207	bitcoin.aranguren.org
649152	0.2145986557006836	0.08814215660095215	bitcoin.aranguren.org
651168	0.3404510021209717	0.08487749099731445	bitcoin.aranguren.org
653184	0.21509218215942383	0.0864098072052002	bitcoin.aranguren.org
655200	0.21450209617614746	0.08810877799987793	bitcoin.aranguren.org
657216	0.19291925430297852	0.05672311782836914	bitcoin.aranguren.org
