1	1.4500975608825684	0.09139776229858398	fortress.qtornado.com
2016	0.5905628204345703	0.09230208396911621	fortress.qtornado.com
4032	0.29356884956359863	0.09200859069824219	fortress.qtornado.com
6048	0.357924222946167	0.09385323524475098	fortress.qtornado.com
8064	0.29506564140319824	0.09389829635620117	fortress.qtornado.com
10080	0.30347323417663574	0.09253859519958496	fortress.qtornado.com
12096	0.29373836517333984	0.09278321266174316	fortress.qtornado.com
14112	0.29436230659484863	0.09261655807495117	fortress.qtornado.com
16128	0.29505467414855957	0.0930624008178711	fortress.qtornado.com
18144	0.3019568920135498	0.0929267406463623	fortress.qtornado.com
20160	0.2957181930541992	0.09195518493652344	fortress.qtornado.com
22176	0.2937772274017334	0.0920407772064209	fortress.qtornado.com
24192	0.3053405284881592	0.0927422046661377	fortress.qtornado.com
26208	0.30115437507629395	0.19122052192687988	fortress.qtornado.com
28224	0.2983536720275879	0.15503334999084473	fortress.qtornado.com
30240	0.2944338321685791	0.09301519393920898	fortress.qtornado.com
32256	0.3201260566711426	0.09148073196411133	fortress.qtornado.com
34272	0.3002655506134033	0.08987903594970703	fortress.qtornado.com
36288	0.29685378074645996	0.09131979942321777	fortress.qtornado.com
38304	0.29345130920410156	0.09180951118469238	fortress.qtornado.com
40320	0.29418301582336426	0.09142279624938965	fortress.qtornado.com
42336	0.2956671714782715	0.09155845642089844	fortress.qtornado.com
44352	0.2944457530975342	0.09105086326599121	fortress.qtornado.com
46368	0.293806791305542	0.0882728099822998	fortress.qtornado.com
48384	1.2142324447631836	0.08925127983093262	fortress.qtornado.com
50400	0.29908037185668945	0.0919198989868164	fortress.qtornado.com
52416	0.295391321182251	0.09182524681091309	fortress.qtornado.com
54432	0.29306483268737793	0.09139800071716309	fortress.qtornado.com
56448	0.30020999908447266	0.09154462814331055	fortress.qtornado.com
58464	0.3016622066497803	0.0911257266998291	fortress.qtornado.com
60480	0.29482293128967285	0.09084534645080566	fortress.qtornado.com
62496	0.2938265800476074	0.09198141098022461	fortress.qtornado.com
64512	0.29956722259521484	0.09148168563842773	fortress.qtornado.com
66528	0.29434847831726074	0.09158086776733398	fortress.qtornado.com
68544	0.29813361167907715	0.09204769134521484	fortress.qtornado.com
70560	0.29319334030151367	0.09017801284790039	fortress.qtornado.com
72576	0.2961561679840088	0.09313750267028809	fortress.qtornado.com
74592	0.2946591377258301	0.09224057197570801	fortress.qtornado.com
76608	0.29324984550476074	0.09228825569152832	fortress.qtornado.com
78624	0.2942960262298584	0.09231376647949219	fortress.qtornado.com
80640	0.30133891105651855	0.09106230735778809	fortress.qtornado.com
82656	0.29900050163269043	0.09009718894958496	fortress.qtornado.com
84672	0.2942769527435303	0.08984756469726562	fortress.qtornado.com
86688	0.30248141288757324	0.09050631523132324	fortress.qtornado.com
88704	0.29361534118652344	0.09083271026611328	fortress.qtornado.com
90720	0.29742956161499023	0.09131669998168945	fortress.qtornado.com
92736	0.29471540451049805	0.09034895896911621	fortress.qtornado.com
94752	0.2955198287963867	0.09772634506225586	fortress.qtornado.com
96768	0.29941630363464355	0.09132528305053711	fortress.qtornado.com
98784	0.29433250427246094	0.09001922607421875	fortress.qtornado.com
100800	0.2939577102661133	0.09154605865478516	fortress.qtornado.com
102816	0.2974579334259033	0.0913076400756836	fortress.qtornado.com
104832	0.3001549243927002	0.09195423126220703	fortress.qtornado.com
106848	0.29405832290649414	0.09191036224365234	fortress.qtornado.com
108864	0.29636549949645996	0.09152650833129883	fortress.qtornado.com
110880	0.2968766689300537	0.09048104286193848	fortress.qtornado.com
112896	0.30542993545532227	0.09459805488586426	fortress.qtornado.com
114912	0.32300853729248047	0.09262800216674805	fortress.qtornado.com
116928	0.31262946128845215	0.09079170227050781	fortress.qtornado.com
118944	0.2954292297363281	0.09309029579162598	fortress.qtornado.com
120960	0.2970290184020996	0.09103012084960938	fortress.qtornado.com
122976	0.3003218173980713	0.09015440940856934	fortress.qtornado.com
124992	0.2935159206390381	0.09049463272094727	fortress.qtornado.com
127008	0.29753851890563965	0.09179306030273438	fortress.qtornado.com
129024	0.29363465309143066	0.09349656105041504	fortress.qtornado.com
131040	0.32013702392578125	0.09094619750976562	fortress.qtornado.com
133056	0.3145787715911865	0.09084701538085938	fortress.qtornado.com
135072	0.2950780391693115	0.09154319763183594	fortress.qtornado.com
137088	0.29863405227661133	0.09228873252868652	fortress.qtornado.com
139104	0.29881882667541504	0.09191131591796875	fortress.qtornado.com
141120	0.29692864418029785	0.09134411811828613	fortress.qtornado.com
143136	0.2959418296813965	0.09284853935241699	fortress.qtornado.com
145152	0.2955055236816406	0.09294962882995605	fortress.qtornado.com
147168	0.300079345703125	0.09211874008178711	fortress.qtornado.com
149184	0.36131715774536133	0.09112787246704102	fortress.qtornado.com
151200	0.2986302375793457	0.09263753890991211	fortress.qtornado.com
153216	0.2957749366760254	0.09163880348205566	fortress.qtornado.com
155232	0.2935957908630371	0.09047532081604004	fortress.qtornado.com
157248	0.3075540065765381	0.09135627746582031	fortress.qtornado.com
159264	0.2934892177581787	0.09149575233459473	fortress.qtornado.com
161280	0.2947506904602051	0.08975839614868164	fortress.qtornado.com
163296	0.3254518508911133	0.0971217155456543	fortress.qtornado.com
165312	0.30272722244262695	0.08996033668518066	fortress.qtornado.com
167328	0.3071467876434326	0.09061503410339355	fortress.qtornado.com
169344	0.29697394371032715	0.10277128219604492	fortress.qtornado.com
171360	0.30803465843200684	0.0903770923614502	fortress.qtornado.com
173376	0.29760193824768066	0.09064602851867676	fortress.qtornado.com
175392	0.30110907554626465	0.09162306785583496	fortress.qtornado.com
177408	0.2946736812591553	0.09152913093566895	fortress.qtornado.com
179424	0.30009961128234863	0.09108138084411621	fortress.qtornado.com
181440	0.30552196502685547	0.09199786186218262	fortress.qtornado.com
183456	0.2967391014099121	0.09113645553588867	fortress.qtornado.com
185472	0.294175386428833	0.09194087982177734	fortress.qtornado.com
187488	0.3072853088378906	0.09077024459838867	fortress.qtornado.com
189504	0.29800939559936523	0.09132957458496094	fortress.qtornado.com
191520	0.29880213737487793	0.0914769172668457	fortress.qtornado.com
193536	0.30325937271118164	0.09081816673278809	fortress.qtornado.com
195552	0.29360508918762207	0.09102702140808105	fortress.qtornado.com
197568	0.2950632572174072	0.09075641632080078	fortress.qtornado.com
199584	0.2987487316131592	0.09189867973327637	fortress.qtornado.com
201600	0.30094265937805176	0.0910489559173584	fortress.qtornado.com
203616	0.2955453395843506	0.09099411964416504	fortress.qtornado.com
205632	0.3042631149291992	0.09034991264343262	fortress.qtornado.com
207648	0.2933628559112549	0.09133172035217285	fortress.qtornado.com
209664	0.29575085639953613	0.09029364585876465	fortress.qtornado.com
211680	0.293717622756958	0.0963435173034668	fortress.qtornado.com
213696	0.3001565933227539	0.08992481231689453	fortress.qtornado.com
215712	0.29833030700683594	0.09002161026000977	fortress.qtornado.com
217728	0.29370784759521484	0.09339189529418945	fortress.qtornado.com
219744	0.2932734489440918	0.09032988548278809	fortress.qtornado.com
221760	0.30738258361816406	0.09093451499938965	fortress.qtornado.com
223776	0.2954256534576416	0.0916280746459961	fortress.qtornado.com
225792	0.3005852699279785	0.09033799171447754	fortress.qtornado.com
227808	0.30487561225891113	0.09036755561828613	fortress.qtornado.com
229824	1.4636878967285156	0.0909428596496582	fortress.qtornado.com
231840	0.3012247085571289	0.09096121788024902	fortress.qtornado.com
233856	0.2934708595275879	0.09090185165405273	fortress.qtornado.com
235872	0.2931387424468994	0.09268736839294434	fortress.qtornado.com
237888	0.29403185844421387	0.09109759330749512	fortress.qtornado.com
239904	0.29318785667419434	0.09053945541381836	fortress.qtornado.com
241920	0.2952606678009033	0.09331560134887695	fortress.qtornado.com
243936	0.3030130863189697	0.09133005142211914	fortress.qtornado.com
245952	0.2953188419342041	0.09177899360656738	fortress.qtornado.com
247968	0.2951982021331787	0.09299921989440918	fortress.qtornado.com
249984	0.29442930221557617	0.09073472023010254	fortress.qtornado.com
252000	0.2950260639190674	0.0911250114440918	fortress.qtornado.com
254016	0.3429715633392334	0.09200143814086914	fortress.qtornado.com
256032	0.2942385673522949	0.09072542190551758	fortress.qtornado.com
258048	0.29905271530151367	0.09086799621582031	fortress.qtornado.com
260064	0.2966187000274658	0.09085917472839355	fortress.qtornado.com
262080	0.29675912857055664	0.09204268455505371	fortress.qtornado.com
264096	0.2959320545196533	0.09109282493591309	fortress.qtornado.com
266112	0.3017282485961914	0.09054160118103027	fortress.qtornado.com
268128	0.29356861114501953	0.09156131744384766	fortress.qtornado.com
270144	0.29697465896606445	0.09139299392700195	fortress.qtornado.com
272160	0.2955360412597656	0.0907137393951416	fortress.qtornado.com
274176	0.3020036220550537	0.0907588005065918	fortress.qtornado.com
276192	0.2962493896484375	0.09251689910888672	fortress.qtornado.com
278208	0.2940714359283447	0.09046173095703125	fortress.qtornado.com
280224	0.2954730987548828	0.0907888412475586	fortress.qtornado.com
282240	0.2935354709625244	0.09020185470581055	fortress.qtornado.com
284256	0.2945523262023926	0.09055089950561523	fortress.qtornado.com
286272	0.2961134910583496	0.09193134307861328	fortress.qtornado.com
288288	0.30538344383239746	0.09297418594360352	fortress.qtornado.com
290304	0.29657506942749023	0.0928964614868164	fortress.qtornado.com
292320	0.2959914207458496	0.09397006034851074	fortress.qtornado.com
294336	0.2996699810028076	0.09434151649475098	fortress.qtornado.com
296352	0.30394911766052246	0.09335184097290039	fortress.qtornado.com
298368	0.29529881477355957	0.09362077713012695	fortress.qtornado.com
300384	0.29546499252319336	0.09162020683288574	fortress.qtornado.com
302400	0.299633264541626	0.09300112724304199	fortress.qtornado.com
304416	0.293179988861084	0.09173035621643066	fortress.qtornado.com
306432	0.2968862056732178	0.09322190284729004	fortress.qtornado.com
308448	0.30236315727233887	0.09151768684387207	fortress.qtornado.com
310464	0.32191944122314453	0.09145283699035645	fortress.qtornado.com
312480	0.29520153999328613	0.0916590690612793	fortress.qtornado.com
314496	0.2954995632171631	0.09249544143676758	fortress.qtornado.com
316512	0.2943685054779053	0.09140181541442871	fortress.qtornado.com
318528	0.2943565845489502	0.0914156436920166	fortress.qtornado.com
320544	0.2964925765991211	0.09246587753295898	fortress.qtornado.com
322560	0.29979729652404785	0.09378647804260254	fortress.qtornado.com
324576	0.29552268981933594	0.0932462215423584	fortress.qtornado.com
326592	0.2945566177368164	0.09271717071533203	fortress.qtornado.com
328608	0.29442858695983887	0.0918729305267334	fortress.qtornado.com
330624	0.2945249080657959	0.09238791465759277	fortress.qtornado.com
332640	0.29940295219421387	0.09293556213378906	fortress.qtornado.com
334656	0.29437756538391113	0.09219789505004883	fortress.qtornado.com
336672	0.2944974899291992	0.0922842025756836	fortress.qtornado.com
338688	0.29528141021728516	0.09229779243469238	fortress.qtornado.com
340704	0.29453063011169434	0.09292316436767578	fortress.qtornado.com
342720	0.2982780933380127	0.09321045875549316	fortress.qtornado.com
344736	0.29587483406066895	0.09325981140136719	fortress.qtornado.com
346752	0.2964468002319336	0.09297561645507812	fortress.qtornado.com
348768	0.3008749485015869	0.09263348579406738	fortress.qtornado.com
350784	0.29572629928588867	0.09208178520202637	fortress.qtornado.com
352800	0.29480552673339844	0.09194564819335938	fortress.qtornado.com
354816	0.29332756996154785	0.09272146224975586	fortress.qtornado.com
356832	0.29579997062683105	0.09231042861938477	fortress.qtornado.com
358848	0.29888224601745605	0.09349799156188965	fortress.qtornado.com
360864	0.29782962799072266	0.0922081470489502	fortress.qtornado.com
362880	0.2956960201263428	0.09284234046936035	fortress.qtornado.com
364896	0.2942028045654297	0.09231138229370117	fortress.qtornado.com
366912	0.2990894317626953	0.09345149993896484	fortress.qtornado.com
368928	0.29589056968688965	0.09240007400512695	fortress.qtornado.com
370944	0.29376816749572754	0.09237003326416016	fortress.qtornado.com
372960	0.29690051078796387	0.09293675422668457	fortress.qtornado.com
374976	0.2946193218231201	0.09284853935241699	fortress.qtornado.com
376992	0.29470372200012207	0.09260320663452148	fortress.qtornado.com
379008	0.296825647354126	0.09279918670654297	fortress.qtornado.com
381024	0.30283641815185547	0.09228873252868652	fortress.qtornado.com
383040	0.30724620819091797	0.09277915954589844	fortress.qtornado.com
385056	0.2965066432952881	0.09279203414916992	fortress.qtornado.com
387072	0.29412245750427246	0.09240365028381348	fortress.qtornado.com
389088	0.31272053718566895	0.09124302864074707	fortress.qtornado.com
391104	0.2933309078216553	0.0924384593963623	fortress.qtornado.com
393120	0.2953197956085205	0.09311461448669434	fortress.qtornado.com
395136	0.29721641540527344	0.0924384593963623	fortress.qtornado.com
397152	0.29912781715393066	0.09288883209228516	fortress.qtornado.com
399168	0.296140193939209	0.09274744987487793	fortress.qtornado.com
401184	0.2975199222564697	0.0920109748840332	fortress.qtornado.com
403200	0.2958793640136719	0.09277963638305664	fortress.qtornado.com
405216	0.2951505184173584	0.09284806251525879	fortress.qtornado.com
407232	0.29454612731933594	0.09246158599853516	fortress.qtornado.com
409248	0.29523801803588867	0.09238433837890625	fortress.qtornado.com
411264	0.2936580181121826	0.09358739852905273	fortress.qtornado.com
413280	0.29816746711730957	0.09266996383666992	fortress.qtornado.com
415296	0.2949061393737793	0.09235024452209473	fortress.qtornado.com
417312	0.2943437099456787	0.09253191947937012	fortress.qtornado.com
419328	0.2962172031402588	0.09215331077575684	fortress.qtornado.com
421344	0.29459476470947266	0.09241008758544922	fortress.qtornado.com
423360	0.2947685718536377	0.09224224090576172	fortress.qtornado.com
425376	0.2955503463745117	0.09082627296447754	fortress.qtornado.com
427392	0.2945566177368164	0.09158706665039062	fortress.qtornado.com
429408	0.3078491687774658	0.09120512008666992	fortress.qtornado.com
431424	0.2950751781463623	0.09194016456604004	fortress.qtornado.com
433440	0.29578542709350586	0.09201693534851074	fortress.qtornado.com
435456	0.2949061393737793	0.09125685691833496	fortress.qtornado.com
437472	0.2974827289581299	0.09183287620544434	fortress.qtornado.com
439488	0.2978794574737549	0.09165573120117188	fortress.qtornado.com
441504	0.29479551315307617	0.09078431129455566	fortress.qtornado.com
443520	0.29600954055786133	0.0918569564819336	fortress.qtornado.com
445536	0.29381728172302246	0.09113311767578125	fortress.qtornado.com
447552	0.29396772384643555	0.09211230278015137	fortress.qtornado.com
449568	0.2946474552154541	0.0917503833770752	fortress.qtornado.com
451584	0.29549574851989746	0.09287476539611816	fortress.qtornado.com
453600	0.2954554557800293	0.09180593490600586	fortress.qtornado.com
455616	0.29668426513671875	0.09166789054870605	fortress.qtornado.com
457632	0.2962360382080078	0.09281468391418457	fortress.qtornado.com
459648	0.2965080738067627	0.09013509750366211	fortress.qtornado.com
461664	0.2938270568847656	0.09192705154418945	fortress.qtornado.com
463680	0.2960531711578369	0.09091687202453613	fortress.qtornado.com
465696	0.29459595680236816	0.0927274227142334	fortress.qtornado.com
467712	0.2955043315887451	0.09156441688537598	fortress.qtornado.com
469728	0.2950255870819092	0.09205102920532227	fortress.qtornado.com
471744	0.2946484088897705	0.09247636795043945	fortress.qtornado.com
473760	0.3400847911834717	0.09405398368835449	fortress.qtornado.com
475776	0.29683566093444824	0.0928184986114502	fortress.qtornado.com
477792	0.2958343029022217	0.09218931198120117	fortress.qtornado.com
479808	0.2969629764556885	0.0929114818572998	fortress.qtornado.com
481824	0.2960681915283203	0.0929117202758789	fortress.qtornado.com
483840	0.2958557605743408	0.09271788597106934	fortress.qtornado.com
485856	0.2961556911468506	0.0953376293182373	fortress.qtornado.com
487872	0.2950561046600342	0.09585690498352051	fortress.qtornado.com
489888	0.2945404052734375	0.09573984146118164	fortress.qtornado.com
491904	0.29431748390197754	0.09459137916564941	fortress.qtornado.com
493920	0.2962532043457031	0.09512019157409668	fortress.qtornado.com
495936	0.29340171813964844	0.09710526466369629	fortress.qtornado.com
497952	0.29854679107666016	0.09425878524780273	fortress.qtornado.com
499968	0.29369044303894043	0.09503650665283203	fortress.qtornado.com
501984	0.2933483123779297	0.09485387802124023	fortress.qtornado.com
504000	0.29593873023986816	0.09496760368347168	fortress.qtornado.com
506016	0.29442286491394043	0.09478926658630371	fortress.qtornado.com
508032	0.2965092658996582	0.09526872634887695	fortress.qtornado.com
510048	0.2954545021057129	0.09296607971191406	fortress.qtornado.com
512064	0.29550886154174805	0.09407615661621094	fortress.qtornado.com
514080	0.30098819732666016	0.09421110153198242	fortress.qtornado.com
516096	0.29467201232910156	0.09257245063781738	fortress.qtornado.com
518112	0.29560375213623047	0.0926058292388916	fortress.qtornado.com
520128	0.2957186698913574	0.09232020378112793	fortress.qtornado.com
522144	0.2946629524230957	0.09269571304321289	fortress.qtornado.com
524160	0.29895710945129395	0.09315252304077148	fortress.qtornado.com
526176	0.2940709590911865	0.09315252304077148	fortress.qtornado.com
528192	1.4925105571746826	0.09314489364624023	fortress.qtornado.com
530208	0.2937333583831787	0.09414505958557129	fortress.qtornado.com
532224	0.2935671806335449	0.09292125701904297	fortress.qtornado.com
534240	0.2953064441680908	0.0938727855682373	fortress.qtornado.com
536256	0.29834818840026855	0.09399199485778809	fortress.qtornado.com
538272	0.29587292671203613	0.09350991249084473	fortress.qtornado.com
540288	0.2958688735961914	0.09393477439880371	fortress.qtornado.com
542304	0.2962307929992676	0.09389233589172363	fortress.qtornado.com
544320	0.29582667350769043	0.09410834312438965	fortress.qtornado.com
546336	0.2973146438598633	0.0954122543334961	fortress.qtornado.com
548352	0.2942385673522949	0.09375762939453125	fortress.qtornado.com
550368	0.2945833206176758	0.09440469741821289	fortress.qtornado.com
552384	0.32259511947631836	0.09408187866210938	fortress.qtornado.com
554400	0.2955172061920166	0.09367895126342773	fortress.qtornado.com
556416	0.29479241371154785	0.09379267692565918	fortress.qtornado.com
558432	0.29428553581237793	0.09385275840759277	fortress.qtornado.com
560448	0.2965824604034424	0.09246611595153809	fortress.qtornado.com
562464	0.29788732528686523	0.09297513961791992	fortress.qtornado.com
564480	0.2950410842895508	0.09502577781677246	fortress.qtornado.com
566496	0.30174732208251953	0.09425520896911621	fortress.qtornado.com
568512	0.2948124408721924	0.0930938720703125	fortress.qtornado.com
570528	0.29592370986938477	0.09308314323425293	fortress.qtornado.com
572544	0.29497289657592773	0.09274029731750488	fortress.qtornado.com
574560	0.29448556900024414	0.09249615669250488	fortress.qtornado.com
576576	0.29626893997192383	0.09337306022644043	fortress.qtornado.com
578592	0.29331016540527344	0.09292340278625488	fortress.qtornado.com
580608	0.2942924499511719	0.09271550178527832	fortress.qtornado.com
582624	0.2932007312774658	0.09280824661254883	fortress.qtornado.com
584640	0.2938685417175293	0.09285712242126465	fortress.qtornado.com
586656	0.29541492462158203	0.09392070770263672	fortress.qtornado.com
588672	0.2969224452972412	0.0935053825378418	fortress.qtornado.com
590688	0.2975287437438965	0.09347057342529297	fortress.qtornado.com
592704	0.29540467262268066	0.09370040893554688	fortress.qtornado.com
594720	0.3027012348175049	0.09315633773803711	fortress.qtornado.com
596736	0.29437780380249023	0.09343385696411133	fortress.qtornado.com
598752	0.2953150272369385	0.09237194061279297	fortress.qtornado.com
600768	0.2935330867767334	0.09261584281921387	fortress.qtornado.com
602784	0.29344797134399414	0.09203910827636719	fortress.qtornado.com
604800	0.29770469665527344	0.09428715705871582	fortress.qtornado.com
606816	0.29460644721984863	0.09254121780395508	fortress.qtornado.com
608832	0.3380546569824219	0.09200668334960938	fortress.qtornado.com
610848	0.295335054397583	0.09320354461669922	fortress.qtornado.com
612864	0.2943301200866699	0.0942525863647461	fortress.qtornado.com
614880	0.2947862148284912	0.09245920181274414	fortress.qtornado.com
616896	0.2943613529205322	0.09154796600341797	fortress.qtornado.com
618912	0.3043239116668701	0.09160208702087402	fortress.qtornado.com
620928	0.2961742877960205	0.09271526336669922	fortress.qtornado.com
622944	0.31234025955200195	0.09297394752502441	fortress.qtornado.com
624960	0.29523348808288574	0.09108328819274902	fortress.qtornado.com
626976	0.2959010601043701	0.09232068061828613	fortress.qtornado.com
628992	0.29441070556640625	0.09198451042175293	fortress.qtornado.com
631008	0.2960331439971924	0.09157490730285645	fortress.qtornado.com
633024	0.2947680950164795	0.09236764907836914	fortress.qtornado.com
635040	0.29317784309387207	0.09230542182922363	fortress.qtornado.com
637056	0.29435014724731445	0.09241938591003418	fortress.qtornado.com
639072	0.2956404685974121	0.0921332836151123	fortress.qtornado.com
641088	0.29331159591674805	0.09262824058532715	fortress.qtornado.com
643104	0.2940175533294678	0.09137320518493652	fortress.qtornado.com
645120	0.2944333553314209	0.09150195121765137	fortress.qtornado.com
647136	0.29756999015808105	0.09260439872741699	fortress.qtornado.com
649152	0.294710636138916	0.09545087814331055	fortress.qtornado.com
651168	0.29607510566711426	0.09178042411804199	fortress.qtornado.com
653184	0.29546642303466797	0.09286832809448242	fortress.qtornado.com
655200	0.2958698272705078	0.0929269790649414	fortress.qtornado.com
657216	0.29337382316589355	0.05773615837097168	fortress.qtornado.com
