1	0.6051483154296875	0.08518075942993164	blockstream.info
2016	0.28815364837646484	0.08703255653381348	blockstream.info
4032	0.24489164352416992	0.08793330192565918	blockstream.info
6048	0.23877334594726562	0.08665823936462402	blockstream.info
8064	0.23705410957336426	0.08707499504089355	blockstream.info
10080	0.2380819320678711	0.08775496482849121	blockstream.info
12096	0.2364654541015625	0.08891654014587402	blockstream.info
14112	0.23651838302612305	0.08590459823608398	blockstream.info
16128	0.23648524284362793	0.08626580238342285	blockstream.info
18144	0.23642182350158691	0.08550643920898438	blockstream.info
20160	0.23651647567749023	0.0853884220123291	blockstream.info
22176	0.23724699020385742	0.08553004264831543	blockstream.info
24192	0.23879003524780273	0.0859994888305664	blockstream.info
26208	0.23630809783935547	0.08542561531066895	blockstream.info
28224	0.23571276664733887	0.0868687629699707	blockstream.info
30240	0.23670077323913574	0.08629679679870605	blockstream.info
32256	0.23595166206359863	0.08762073516845703	blockstream.info
34272	0.23613715171813965	0.08604645729064941	blockstream.info
36288	0.2363440990447998	0.08614158630371094	blockstream.info
38304	0.23604083061218262	0.08801031112670898	blockstream.info
40320	0.23616647720336914	0.08581256866455078	blockstream.info
42336	0.2371220588684082	0.08687829971313477	blockstream.info
44352	0.23607921600341797	0.08753752708435059	blockstream.info
46368	0.23605608940124512	0.08566737174987793	blockstream.info
48384	0.23613238334655762	0.176954984664917	blockstream.info
50400	0.23649311065673828	0.1740128993988037	blockstream.info
52416	0.23615694046020508	0.08605718612670898	blockstream.info
54432	0.23551487922668457	0.08814573287963867	blockstream.info
56448	0.23992371559143066	0.08700990676879883	blockstream.info
58464	0.23642349243164062	0.08579826354980469	blockstream.info
60480	0.23656296730041504	0.08610892295837402	blockstream.info
62496	0.23661589622497559	0.08672094345092773	blockstream.info
64512	0.2361278533935547	0.08553004264831543	blockstream.info
66528	0.23612022399902344	0.08565974235534668	blockstream.info
68544	0.23625969886779785	0.08564519882202148	blockstream.info
70560	0.2362973690032959	0.08650398254394531	blockstream.info
72576	0.2442607879638672	0.0869135856628418	blockstream.info
74592	0.2359604835510254	0.0874941349029541	blockstream.info
76608	0.2361278533935547	0.08722686767578125	blockstream.info
78624	0.23649883270263672	0.0869147777557373	blockstream.info
80640	0.23580098152160645	0.08724594116210938	blockstream.info
82656	0.23588323593139648	0.08741450309753418	blockstream.info
84672	0.23585987091064453	0.08746623992919922	blockstream.info
86688	0.23627042770385742	0.08683466911315918	blockstream.info
88704	0.2360999584197998	0.08677887916564941	blockstream.info
90720	0.2368941307067871	0.08796501159667969	blockstream.info
92736	0.2360694408416748	0.0867459774017334	blockstream.info
94752	0.2358417510986328	0.08722972869873047	blockstream.info
96768	0.23625397682189941	0.08664584159851074	blockstream.info
98784	0.23758316040039062	0.08708763122558594	blockstream.info
100800	0.23598599433898926	0.08653545379638672	blockstream.info
102816	0.23616242408752441	0.08705425262451172	blockstream.info
104832	0.2360541820526123	0.08711838722229004	blockstream.info
106848	0.23602938652038574	0.08810710906982422	blockstream.info
108864	0.237288236618042	0.08760547637939453	blockstream.info
110880	0.2360692024230957	0.08784866333007812	blockstream.info
112896	0.236555814743042	0.08900284767150879	blockstream.info
114912	0.23629546165466309	0.08805513381958008	blockstream.info
116928	0.23617124557495117	0.08907151222229004	blockstream.info
118944	0.23617005348205566	0.08853268623352051	blockstream.info
120960	0.23846983909606934	0.08903956413269043	blockstream.info
122976	0.23607945442199707	0.08811116218566895	blockstream.info
124992	0.23595762252807617	0.08874988555908203	blockstream.info
127008	0.2362072467803955	0.0880422592163086	blockstream.info
129024	0.23597359657287598	0.08806824684143066	blockstream.info
131040	0.23604369163513184	0.08786463737487793	blockstream.info
133056	0.2360372543334961	0.08827948570251465	blockstream.info
135072	0.2362823486328125	0.08738064765930176	blockstream.info
137088	0.23605012893676758	0.08803248405456543	blockstream.info
139104	0.23600172996520996	0.08786416053771973	blockstream.info
141120	0.23616480827331543	0.0879673957824707	blockstream.info
143136	0.23639392852783203	0.08820796012878418	blockstream.info
145152	0.23623943328857422	0.08761334419250488	blockstream.info
147168	0.23611021041870117	0.08772921562194824	blockstream.info
149184	0.23626232147216797	0.08819127082824707	blockstream.info
151200	0.23710417747497559	0.08768534660339355	blockstream.info
153216	0.23720979690551758	0.08751916885375977	blockstream.info
155232	0.23647832870483398	0.0880272388458252	blockstream.info
157248	0.2361927032470703	0.08775901794433594	blockstream.info
159264	0.23613667488098145	0.08758306503295898	blockstream.info
161280	0.2361454963684082	0.08788704872131348	blockstream.info
163296	0.23650836944580078	0.08919453620910645	blockstream.info
165312	0.23667693138122559	0.0884253978729248	blockstream.info
167328	0.23604416847229004	0.08813357353210449	blockstream.info
169344	0.23607087135314941	0.08955168724060059	blockstream.info
171360	0.23667097091674805	0.08791470527648926	blockstream.info
173376	0.23632025718688965	0.08707165718078613	blockstream.info
175392	0.2366178035736084	0.0886375904083252	blockstream.info
177408	0.2358994483947754	0.08824038505554199	blockstream.info
179424	0.23570990562438965	0.08599162101745605	blockstream.info
181440	0.23581743240356445	0.08726334571838379	blockstream.info
183456	0.2364344596862793	0.08629727363586426	blockstream.info
185472	0.4796633720397949	0.08688163757324219	blockstream.info
187488	0.23740291595458984	0.08594250679016113	blockstream.info
189504	0.23656463623046875	0.08695077896118164	blockstream.info
191520	0.23594355583190918	0.08681440353393555	blockstream.info
193536	0.23590660095214844	0.08782243728637695	blockstream.info
195552	0.23584461212158203	0.08942985534667969	blockstream.info
197568	0.23653602600097656	0.08841419219970703	blockstream.info
199584	0.23583412170410156	0.08795452117919922	blockstream.info
201600	0.23603034019470215	0.08797502517700195	blockstream.info
203616	0.235856294631958	0.08762073516845703	blockstream.info
205632	0.23584580421447754	0.08940434455871582	blockstream.info
207648	0.23599791526794434	0.08761143684387207	blockstream.info
209664	0.23578619956970215	0.0872647762298584	blockstream.info
211680	0.23696327209472656	0.08798599243164062	blockstream.info
213696	0.23674392700195312	0.08748960494995117	blockstream.info
215712	0.23729777336120605	0.08686089515686035	blockstream.info
217728	0.23594021797180176	0.08829045295715332	blockstream.info
219744	0.23610424995422363	0.0876467227935791	blockstream.info
221760	0.23597431182861328	0.08691573143005371	blockstream.info
223776	0.23604083061218262	0.08727860450744629	blockstream.info
225792	0.2358865737915039	0.08675575256347656	blockstream.info
227808	0.23641300201416016	0.08775782585144043	blockstream.info
229824	0.23655295372009277	0.08794689178466797	blockstream.info
231840	0.23602914810180664	0.0878000259399414	blockstream.info
233856	0.23687529563903809	0.08839106559753418	blockstream.info
235872	0.23586368560791016	0.08713889122009277	blockstream.info
237888	0.23674440383911133	0.08780026435852051	blockstream.info
239904	0.23591089248657227	0.08671188354492188	blockstream.info
241920	0.23601651191711426	0.08893418312072754	blockstream.info
243936	0.23592448234558105	0.08975982666015625	blockstream.info
245952	0.23606586456298828	0.08859419822692871	blockstream.info
247968	0.23609113693237305	0.08870434761047363	blockstream.info
249984	0.2359602451324463	0.0870826244354248	blockstream.info
252000	0.23792219161987305	0.08715438842773438	blockstream.info
254016	0.2358837127685547	0.08851003646850586	blockstream.info
256032	0.23575496673583984	0.08753204345703125	blockstream.info
258048	0.23593926429748535	0.09059929847717285	blockstream.info
260064	0.2360239028930664	0.0876762866973877	blockstream.info
262080	0.2362964153289795	0.08782386779785156	blockstream.info
264096	0.2361009120941162	0.08842229843139648	blockstream.info
266112	0.2357480525970459	0.08802366256713867	blockstream.info
268128	0.23621749877929688	0.08845210075378418	blockstream.info
270144	0.23589849472045898	0.08701133728027344	blockstream.info
272160	0.23592472076416016	0.08707284927368164	blockstream.info
274176	0.23583626747131348	0.08861780166625977	blockstream.info
276192	0.23580050468444824	0.08632683753967285	blockstream.info
278208	0.23572325706481934	0.08773040771484375	blockstream.info
280224	0.23627042770385742	0.0872793197631836	blockstream.info
282240	0.23938202857971191	0.08703994750976562	blockstream.info
284256	0.23796963691711426	0.08777236938476562	blockstream.info
286272	0.23571300506591797	0.08703327178955078	blockstream.info
288288	0.2359755039215088	0.08726167678833008	blockstream.info
290304	0.23632478713989258	0.086334228515625	blockstream.info
292320	0.23591923713684082	0.08829832077026367	blockstream.info
294336	0.2357466220855713	0.08756852149963379	blockstream.info
296352	0.2358262538909912	0.08698129653930664	blockstream.info
298368	0.23594307899475098	0.08866429328918457	blockstream.info
300384	0.2358074188232422	0.0892479419708252	blockstream.info
302400	0.23568511009216309	0.08643341064453125	blockstream.info
304416	0.2357771396636963	0.08857464790344238	blockstream.info
306432	0.2360224723815918	0.08825993537902832	blockstream.info
308448	0.23606109619140625	0.08798599243164062	blockstream.info
310464	0.2359323501586914	0.08737897872924805	blockstream.info
312480	0.23580360412597656	0.08705997467041016	blockstream.info
314496	0.23595643043518066	0.08739423751831055	blockstream.info
316512	0.23652267456054688	0.08772945404052734	blockstream.info
318528	0.2359001636505127	0.08721208572387695	blockstream.info
320544	0.2366797924041748	0.08683896064758301	blockstream.info
322560	0.23576879501342773	0.08622241020202637	blockstream.info
324576	0.23638486862182617	0.08750557899475098	blockstream.info
326592	0.23569035530090332	0.08952021598815918	blockstream.info
328608	0.23590993881225586	0.08877348899841309	blockstream.info
330624	0.2372574806213379	0.08516550064086914	blockstream.info
332640	0.23576736450195312	0.08663654327392578	blockstream.info
334656	0.23606443405151367	0.08757376670837402	blockstream.info
336672	0.23731398582458496	0.08886528015136719	blockstream.info
338688	0.23642706871032715	0.08803296089172363	blockstream.info
340704	0.236572265625	0.08717942237854004	blockstream.info
342720	0.2358851432800293	0.08689403533935547	blockstream.info
344736	0.24129581451416016	0.0863039493560791	blockstream.info
346752	0.23636746406555176	0.087554931640625	blockstream.info
348768	0.2355031967163086	0.08683156967163086	blockstream.info
350784	0.2357625961303711	0.08689332008361816	blockstream.info
352800	0.23584890365600586	0.08575296401977539	blockstream.info
354816	0.23634624481201172	0.08688998222351074	blockstream.info
356832	0.23652291297912598	0.08622121810913086	blockstream.info
358848	0.23586034774780273	0.08943057060241699	blockstream.info
360864	0.23570561408996582	0.08689141273498535	blockstream.info
362880	0.23623251914978027	0.08505558967590332	blockstream.info
364896	0.2359600067138672	0.08774900436401367	blockstream.info
366912	0.23769831657409668	0.08768272399902344	blockstream.info
368928	0.2344043254852295	0.08685469627380371	blockstream.info
370944	0.2348635196685791	0.0875098705291748	blockstream.info
372960	0.23665690422058105	0.0885772705078125	blockstream.info
374976	0.23463964462280273	0.08693885803222656	blockstream.info
376992	0.23413467407226562	0.08734321594238281	blockstream.info
379008	0.2345433235168457	0.08838438987731934	blockstream.info
381024	0.23441290855407715	0.08872485160827637	blockstream.info
383040	0.23665094375610352	0.08899521827697754	blockstream.info
385056	0.23453855514526367	0.08747649192810059	blockstream.info
387072	0.3624131679534912	0.08873224258422852	blockstream.info
389088	0.23468542098999023	0.08819437026977539	blockstream.info
391104	0.23427176475524902	0.08822512626647949	blockstream.info
393120	0.2344341278076172	0.08827543258666992	blockstream.info
395136	0.23526549339294434	0.08794546127319336	blockstream.info
397152	0.23434686660766602	0.08742523193359375	blockstream.info
399168	0.23494291305541992	0.08833646774291992	blockstream.info
401184	0.23463940620422363	0.08824658393859863	blockstream.info
403200	0.23451924324035645	0.0877225399017334	blockstream.info
405216	0.23450756072998047	0.08823513984680176	blockstream.info
407232	0.23454976081848145	0.08790302276611328	blockstream.info
409248	0.234405517578125	0.08728742599487305	blockstream.info
411264	0.2352299690246582	0.08798408508300781	blockstream.info
413280	0.23450922966003418	0.08741569519042969	blockstream.info
415296	0.23461627960205078	0.08810806274414062	blockstream.info
417312	0.2347118854522705	0.08727145195007324	blockstream.info
419328	0.23446249961853027	0.08705878257751465	blockstream.info
421344	0.23441267013549805	0.08676600456237793	blockstream.info
423360	0.23433899879455566	0.0871882438659668	blockstream.info
425376	0.23444128036499023	0.08879709243774414	blockstream.info
427392	0.2348496913909912	0.08748960494995117	blockstream.info
429408	0.2344048023223877	0.08729338645935059	blockstream.info
431424	0.2347123622894287	0.0867319107055664	blockstream.info
433440	0.23540973663330078	0.08726978302001953	blockstream.info
435456	0.2346334457397461	0.08711838722229004	blockstream.info
437472	0.23450279235839844	0.08715629577636719	blockstream.info
439488	0.23484182357788086	0.08713603019714355	blockstream.info
441504	0.23459100723266602	0.08735060691833496	blockstream.info
443520	0.23474979400634766	0.08664703369140625	blockstream.info
445536	0.23462343215942383	0.08806824684143066	blockstream.info
447552	0.2347104549407959	0.08890604972839355	blockstream.info
449568	0.23506784439086914	0.08785438537597656	blockstream.info
451584	0.23434758186340332	0.08807492256164551	blockstream.info
453600	0.23438382148742676	0.08838343620300293	blockstream.info
455616	0.23453021049499512	0.08809661865234375	blockstream.info
457632	0.23511886596679688	0.08870625495910645	blockstream.info
459648	0.2344040870666504	0.08760666847229004	blockstream.info
461664	0.23456048965454102	0.08780574798583984	blockstream.info
463680	0.23435425758361816	0.08856844902038574	blockstream.info
465696	0.23490476608276367	0.08676624298095703	blockstream.info
467712	0.23467373847961426	0.0874779224395752	blockstream.info
469728	0.23433542251586914	0.08852601051330566	blockstream.info
471744	0.23447465896606445	0.08930277824401855	blockstream.info
473760	0.23432135581970215	0.08882713317871094	blockstream.info
475776	0.23493719100952148	0.08905220031738281	blockstream.info
477792	0.23456621170043945	0.08699345588684082	blockstream.info
479808	0.23450589179992676	0.08896708488464355	blockstream.info
481824	0.23456263542175293	0.08953046798706055	blockstream.info
483840	0.23415875434875488	0.08828139305114746	blockstream.info
485856	0.23431968688964844	0.08913707733154297	blockstream.info
487872	0.23450303077697754	0.08959293365478516	blockstream.info
489888	0.23447132110595703	0.09028911590576172	blockstream.info
491904	0.23427629470825195	0.09131193161010742	blockstream.info
493920	0.23408198356628418	0.09050202369689941	blockstream.info
495936	0.23443961143493652	0.09014725685119629	blockstream.info
497952	0.23424196243286133	0.08795714378356934	blockstream.info
499968	0.23412537574768066	0.08885622024536133	blockstream.info
501984	0.23468279838562012	0.08881878852844238	blockstream.info
504000	0.23444104194641113	0.08957386016845703	blockstream.info
506016	0.23492026329040527	0.08792901039123535	blockstream.info
508032	0.48620009422302246	0.08795690536499023	blockstream.info
510048	0.23477435111999512	0.09021234512329102	blockstream.info
512064	0.23804426193237305	0.0890500545501709	blockstream.info
514080	0.23706769943237305	0.08916640281677246	blockstream.info
516096	0.23457813262939453	0.08836102485656738	blockstream.info
518112	0.23501300811767578	0.08864927291870117	blockstream.info
520128	0.23451685905456543	0.08911347389221191	blockstream.info
522144	0.23486828804016113	0.0914163589477539	blockstream.info
524160	0.23575115203857422	0.08852744102478027	blockstream.info
526176	0.2347412109375	0.08869814872741699	blockstream.info
528192	0.23445916175842285	0.0916745662689209	blockstream.info
530208	0.23456883430480957	0.08930826187133789	blockstream.info
532224	0.23436713218688965	0.08863043785095215	blockstream.info
534240	0.2349872589111328	0.08829832077026367	blockstream.info
536256	0.23462533950805664	0.0895087718963623	blockstream.info
538272	0.23424530029296875	0.0892038345336914	blockstream.info
540288	0.23454546928405762	0.0882561206817627	blockstream.info
542304	0.2344493865966797	0.08870077133178711	blockstream.info
544320	0.23723793029785156	0.08795881271362305	blockstream.info
546336	0.23703312873840332	0.08757948875427246	blockstream.info
548352	0.3624122142791748	0.08805346488952637	blockstream.info
550368	0.2345716953277588	0.0892324447631836	blockstream.info
552384	0.23444747924804688	0.08824777603149414	blockstream.info
554400	0.2348499298095703	0.08832359313964844	blockstream.info
556416	0.2348957061767578	0.0920257568359375	blockstream.info
558432	0.2358255386352539	0.08790946006774902	blockstream.info
560448	0.2354893684387207	0.08731293678283691	blockstream.info
562464	0.23437166213989258	0.0884096622467041	blockstream.info
564480	0.23455500602722168	0.08767509460449219	blockstream.info
566496	0.23488783836364746	0.08838772773742676	blockstream.info
568512	0.23421144485473633	0.0888357162475586	blockstream.info
570528	0.23563098907470703	0.08896684646606445	blockstream.info
572544	0.23580241203308105	0.08727836608886719	blockstream.info
574560	0.23427343368530273	0.09619736671447754	blockstream.info
576576	0.23484563827514648	0.08910369873046875	blockstream.info
578592	0.23426461219787598	0.08938860893249512	blockstream.info
580608	0.23438668251037598	0.08823704719543457	blockstream.info
582624	0.23407626152038574	0.08940792083740234	blockstream.info
584640	0.23454833030700684	0.0897066593170166	blockstream.info
586656	0.23505425453186035	0.08887982368469238	blockstream.info
588672	0.23452520370483398	0.08967471122741699	blockstream.info
590688	0.23461174964904785	0.08753347396850586	blockstream.info
592704	0.2345285415649414	0.08782958984375	blockstream.info
594720	0.2361743450164795	0.0877237319946289	blockstream.info
596736	0.23440170288085938	0.08840703964233398	blockstream.info
598752	0.23481988906860352	0.08806419372558594	blockstream.info
600768	0.23443293571472168	0.08829569816589355	blockstream.info
602784	0.23439431190490723	0.08920621871948242	blockstream.info
604800	0.23439359664916992	0.08843302726745605	blockstream.info
606816	0.23434758186340332	0.0874178409576416	blockstream.info
608832	0.23436594009399414	0.08861112594604492	blockstream.info
610848	0.234968900680542	0.08816170692443848	blockstream.info
612864	0.23468351364135742	0.08806562423706055	blockstream.info
614880	0.23453640937805176	0.08922410011291504	blockstream.info
616896	0.23439431190490723	0.08806324005126953	blockstream.info
618912	0.23482537269592285	0.08734607696533203	blockstream.info
620928	0.23435091972351074	0.08863377571105957	blockstream.info
622944	0.23493385314941406	0.08763766288757324	blockstream.info
624960	0.23454022407531738	0.08841323852539062	blockstream.info
626976	0.2356090545654297	0.08837223052978516	blockstream.info
628992	0.2346184253692627	0.0874330997467041	blockstream.info
631008	0.23448467254638672	0.08829450607299805	blockstream.info
633024	0.23448896408081055	0.08875846862792969	blockstream.info
635040	0.23498296737670898	0.08871197700500488	blockstream.info
637056	0.47220444679260254	0.08894085884094238	blockstream.info
639072	0.2348012924194336	0.09209775924682617	blockstream.info
641088	0.23447537422180176	0.08905887603759766	blockstream.info
643104	0.2350451946258545	0.08923006057739258	blockstream.info
645120	0.23453497886657715	0.08882260322570801	blockstream.info
647136	0.2343597412109375	0.08887672424316406	blockstream.info
649152	0.23445439338684082	0.0889286994934082	blockstream.info
651168	0.23432326316833496	0.08817815780639648	blockstream.info
653184	0.23448944091796875	0.08852124214172363	blockstream.info
655200	0.23443961143493652	0.08879685401916504	blockstream.info
657216	0.2078413963317871	0.056275129318237305	blockstream.info
