1	1.2702279090881348	0.08587861061096191	fortress.qtornado.com
2016	0.8014891147613525	0.0866084098815918	fortress.qtornado.com
4032	0.7990207672119141	0.08647537231445312	fortress.qtornado.com
6048	0.8336114883422852	0.08667802810668945	fortress.qtornado.com
8064	1.007328748703003	0.08574056625366211	fortress.qtornado.com
10080	1.032898187637329	0.08664560317993164	fortress.qtornado.com
12096	0.9625279903411865	0.0863947868347168	fortress.qtornado.com
14112	1.0002021789550781	0.174668550491333	fortress.qtornado.com
16128	1.0122575759887695	0.08675241470336914	fortress.qtornado.com
18144	1.132051944732666	0.08786821365356445	fortress.qtornado.com
20160	1.2390093803405762	0.08826470375061035	fortress.qtornado.com
22176	1.3015832901000977	0.0874931812286377	fortress.qtornado.com
24192	1.2734806537628174	0.08735346794128418	fortress.qtornado.com
26208	1.4585957527160645	0.08651518821716309	fortress.qtornado.com
28224	1.4052183628082275	0.08563852310180664	fortress.qtornado.com
30240	1.4452979564666748	0.0878305435180664	fortress.qtornado.com
32256	3.822941303253174	0.08615398406982422	fortress.qtornado.com
34272	1.5265846252441406	0.08607673645019531	fortress.qtornado.com
36288	1.573075771331787	0.0861196517944336	fortress.qtornado.com
38304	2.6179511547088623	0.08650398254394531	fortress.qtornado.com
40320	1.6930925846099854	0.08619475364685059	fortress.qtornado.com
42336	1.843662977218628	0.0853569507598877	fortress.qtornado.com
44352	1.9047722816467285	0.08475518226623535	fortress.qtornado.com
46368	1.9479620456695557	0.08487296104431152	fortress.qtornado.com
48384	1.8748588562011719	0.08552145957946777	fortress.qtornado.com
50400	1.9073865413665771	0.08553528785705566	fortress.qtornado.com
52416	1.9945037364959717	0.08611488342285156	fortress.qtornado.com
54432	2.2615981101989746	0.08675813674926758	fortress.qtornado.com
56448	2.0582168102264404	0.08467388153076172	fortress.qtornado.com
58464	2.1899232864379883	0.08655905723571777	fortress.qtornado.com
60480	2.1826062202453613	0.08604812622070312	fortress.qtornado.com
62496	2.187757968902588	0.08530521392822266	fortress.qtornado.com
64512	2.1326353549957275	0.08591604232788086	fortress.qtornado.com
66528	2.469013214111328	0.08552265167236328	fortress.qtornado.com
68544	2.3424007892608643	0.08546042442321777	fortress.qtornado.com
70560	2.257467269897461	0.08678269386291504	fortress.qtornado.com
72576	2.312941551208496	0.08699560165405273	fortress.qtornado.com
74592	2.3588552474975586	0.08684706687927246	fortress.qtornado.com
76608	2.4950003623962402	0.08730125427246094	fortress.qtornado.com
78624	2.487724781036377	0.08696484565734863	fortress.qtornado.com
80640	2.572826862335205	0.08679771423339844	fortress.qtornado.com
82656	2.5862085819244385	0.08664584159851074	fortress.qtornado.com
84672	2.935147285461426	0.08674979209899902	fortress.qtornado.com
86688	2.813229560852051	0.08655905723571777	fortress.qtornado.com
88704	2.8592686653137207	0.08748936653137207	fortress.qtornado.com
90720	2.9285316467285156	0.0871577262878418	fortress.qtornado.com
92736	5.287501573562622	0.08601880073547363	fortress.qtornado.com
94752	3.932016611099243	0.08815717697143555	fortress.qtornado.com
96768	3.6898367404937744	0.0871124267578125	fortress.qtornado.com
98784	3.5828189849853516	0.0868082046508789	fortress.qtornado.com
100800	3.3788678646087646	0.08658742904663086	fortress.qtornado.com
102816	3.2493979930877686	0.08605313301086426	fortress.qtornado.com
104832	3.174741268157959	0.08643555641174316	fortress.qtornado.com
106848	3.28045916557312	0.0864710807800293	fortress.qtornado.com
108865	1.6616721153259277	0.08649349212646484	fortress.qtornado.com
110880	0.5597925186157227	0.08658528327941895	fortress.qtornado.com
112896	0.28424644470214844	0.08751773834228516	fortress.qtornado.com
114912	0.2821063995361328	0.08786487579345703	fortress.qtornado.com
116928	0.33833813667297363	0.08725261688232422	fortress.qtornado.com
118944	0.2850806713104248	0.08716368675231934	fortress.qtornado.com
120960	0.29296207427978516	0.08725500106811523	fortress.qtornado.com
122976	0.2840456962585449	0.08649635314941406	fortress.qtornado.com
124992	0.2837669849395752	0.08583450317382812	fortress.qtornado.com
127008	0.2820751667022705	0.08720278739929199	fortress.qtornado.com
129024	0.2837526798248291	0.08630537986755371	fortress.qtornado.com
131040	0.28336238861083984	0.08776736259460449	fortress.qtornado.com
133056	0.28370046615600586	0.08699369430541992	fortress.qtornado.com
135072	0.2837259769439697	0.08716320991516113	fortress.qtornado.com
137088	0.28406238555908203	0.08885455131530762	fortress.qtornado.com
139104	0.28408169746398926	0.08759570121765137	fortress.qtornado.com
141120	0.28327107429504395	0.08806967735290527	fortress.qtornado.com
143136	0.2841506004333496	0.0886528491973877	fortress.qtornado.com
145152	0.28234362602233887	0.0880894660949707	fortress.qtornado.com
147168	0.28515028953552246	0.08808636665344238	fortress.qtornado.com
149184	0.2856316566467285	0.08942675590515137	fortress.qtornado.com
151200	0.28230881690979004	0.08841538429260254	fortress.qtornado.com
153216	0.2839341163635254	0.08837699890136719	fortress.qtornado.com
155232	0.2823677062988281	0.0885312557220459	fortress.qtornado.com
157248	0.2824866771697998	0.08840203285217285	fortress.qtornado.com
159264	0.28201818466186523	0.0881049633026123	fortress.qtornado.com
161280	0.2831904888153076	0.08745503425598145	fortress.qtornado.com
163296	0.291790246963501	0.08840513229370117	fortress.qtornado.com
165312	0.28415656089782715	0.08868694305419922	fortress.qtornado.com
167328	0.28447961807250977	0.08721613883972168	fortress.qtornado.com
169344	0.28200292587280273	0.0888981819152832	fortress.qtornado.com
171360	0.28233933448791504	0.08810853958129883	fortress.qtornado.com
173376	0.2859232425689697	0.08806920051574707	fortress.qtornado.com
175392	1.5524373054504395	0.0878610610961914	fortress.qtornado.com
177408	0.29114294052124023	0.08782362937927246	fortress.qtornado.com
179424	0.2853865623474121	0.08850526809692383	fortress.qtornado.com
181440	0.28485989570617676	0.08754134178161621	fortress.qtornado.com
183456	0.2844381332397461	0.08797478675842285	fortress.qtornado.com
185472	0.2824077606201172	0.0875082015991211	fortress.qtornado.com
187488	0.2829704284667969	0.08747625350952148	fortress.qtornado.com
189504	0.2844538688659668	0.08776521682739258	fortress.qtornado.com
191520	0.28501367568969727	0.08693480491638184	fortress.qtornado.com
193536	0.2844223976135254	0.08757662773132324	fortress.qtornado.com
195552	0.28221988677978516	0.08664464950561523	fortress.qtornado.com
197568	0.28459620475769043	0.08702254295349121	fortress.qtornado.com
199584	0.2846949100494385	0.08728814125061035	fortress.qtornado.com
201600	0.28463053703308105	0.08810162544250488	fortress.qtornado.com
203616	0.2823038101196289	0.08853912353515625	fortress.qtornado.com
205632	0.28247952461242676	0.08831143379211426	fortress.qtornado.com
207648	0.28327345848083496	0.08974456787109375	fortress.qtornado.com
209664	0.2845919132232666	0.08730649948120117	fortress.qtornado.com
211680	0.2841324806213379	0.0884239673614502	fortress.qtornado.com
213696	0.28354811668395996	0.08885860443115234	fortress.qtornado.com
215712	0.28336405754089355	0.08928418159484863	fortress.qtornado.com
217728	0.28406405448913574	0.0882563591003418	fortress.qtornado.com
219744	0.2822432518005371	0.08840799331665039	fortress.qtornado.com
221760	0.2837646007537842	0.0883786678314209	fortress.qtornado.com
223776	0.28257131576538086	0.08828997611999512	fortress.qtornado.com
225792	0.28368616104125977	0.08820962905883789	fortress.qtornado.com
227808	0.2821629047393799	0.08816790580749512	fortress.qtornado.com
229824	0.3762781620025635	0.08769035339355469	fortress.qtornado.com
231840	0.29199957847595215	0.08786273002624512	fortress.qtornado.com
233856	0.2820873260498047	0.08803224563598633	fortress.qtornado.com
235872	0.2865920066833496	0.08782744407653809	fortress.qtornado.com
237888	0.2980482578277588	0.08783125877380371	fortress.qtornado.com
239904	0.2837390899658203	0.08932042121887207	fortress.qtornado.com
241920	0.28466796875	0.08886194229125977	fortress.qtornado.com
243936	0.28365540504455566	0.0891563892364502	fortress.qtornado.com
245952	0.28540825843811035	0.0888063907623291	fortress.qtornado.com
247968	0.2822434902191162	0.08992862701416016	fortress.qtornado.com
249984	0.2822113037109375	0.08739304542541504	fortress.qtornado.com
252000	0.29434990882873535	0.08835530281066895	fortress.qtornado.com
254016	0.28353381156921387	0.08837771415710449	fortress.qtornado.com
256032	0.2864389419555664	0.08777022361755371	fortress.qtornado.com
258048	0.3499326705932617	0.08830523490905762	fortress.qtornado.com
260064	0.28304076194763184	0.08700680732727051	fortress.qtornado.com
262080	0.28487610816955566	0.08937668800354004	fortress.qtornado.com
264096	0.2832639217376709	0.0873270034790039	fortress.qtornado.com
266112	0.28440332412719727	0.08986783027648926	fortress.qtornado.com
268128	0.2843170166015625	0.08871340751647949	fortress.qtornado.com
270144	0.28258609771728516	0.08803963661193848	fortress.qtornado.com
272160	0.2844393253326416	0.08845019340515137	fortress.qtornado.com
274176	0.28447818756103516	0.08890843391418457	fortress.qtornado.com
276192	0.2854626178741455	0.08771252632141113	fortress.qtornado.com
278208	0.2827446460723877	0.08835506439208984	fortress.qtornado.com
280224	0.2834913730621338	0.08850550651550293	fortress.qtornado.com
282240	0.2848329544067383	0.08934998512268066	fortress.qtornado.com
284256	0.2824366092681885	0.08899617195129395	fortress.qtornado.com
286272	0.3505370616912842	0.08902120590209961	fortress.qtornado.com
288288	0.29015111923217773	0.08921384811401367	fortress.qtornado.com
290304	0.2826545238494873	0.08878040313720703	fortress.qtornado.com
292320	0.28356456756591797	0.09017109870910645	fortress.qtornado.com
294336	0.2841622829437256	0.09029579162597656	fortress.qtornado.com
296352	0.28214001655578613	0.09201550483703613	fortress.qtornado.com
298368	0.29013848304748535	0.08961701393127441	fortress.qtornado.com
300384	0.2863881587982178	0.08924198150634766	fortress.qtornado.com
302400	0.28409838676452637	0.08856797218322754	fortress.qtornado.com
304416	0.2845447063446045	0.08936142921447754	fortress.qtornado.com
306432	0.28212404251098633	0.08945441246032715	fortress.qtornado.com
308448	0.28816699981689453	0.08880877494812012	fortress.qtornado.com
310464	0.2865176200866699	0.08980441093444824	fortress.qtornado.com
312480	0.28363895416259766	0.08921504020690918	fortress.qtornado.com
314496	0.3286747932434082	0.08865189552307129	fortress.qtornado.com
316512	0.28214335441589355	0.0891122817993164	fortress.qtornado.com
318528	0.28225111961364746	0.08932781219482422	fortress.qtornado.com
320544	0.2822229862213135	0.08996009826660156	fortress.qtornado.com
322560	0.28446435928344727	0.08932161331176758	fortress.qtornado.com
324576	0.2838134765625	0.08854913711547852	fortress.qtornado.com
326592	0.2821929454803467	0.08871912956237793	fortress.qtornado.com
328608	0.28400707244873047	0.08921122550964355	fortress.qtornado.com
330624	0.2835268974304199	0.08974814414978027	fortress.qtornado.com
332640	0.28720808029174805	0.08905267715454102	fortress.qtornado.com
334656	0.28333282470703125	0.0880436897277832	fortress.qtornado.com
336672	0.2823667526245117	0.08900785446166992	fortress.qtornado.com
338688	0.28334999084472656	0.0892479419708252	fortress.qtornado.com
340704	0.28237390518188477	0.08856534957885742	fortress.qtornado.com
342720	0.360614538192749	0.08864355087280273	fortress.qtornado.com
344736	0.2824387550354004	0.0882110595703125	fortress.qtornado.com
346752	0.2821671962738037	0.08893036842346191	fortress.qtornado.com
348768	0.284595251083374	0.0886678695678711	fortress.qtornado.com
350784	0.29051995277404785	0.08821773529052734	fortress.qtornado.com
352800	0.2837643623352051	0.08913350105285645	fortress.qtornado.com
354816	0.28511548042297363	0.08825278282165527	fortress.qtornado.com
356832	0.2839796543121338	0.08890962600708008	fortress.qtornado.com
358848	0.28356337547302246	0.08947944641113281	fortress.qtornado.com
360864	0.2841377258300781	0.08862566947937012	fortress.qtornado.com
362880	0.2843649387359619	0.08872079849243164	fortress.qtornado.com
364896	0.2823140621185303	0.08970785140991211	fortress.qtornado.com
366912	0.2849924564361572	0.08815813064575195	fortress.qtornado.com
368928	0.28679394721984863	0.08898043632507324	fortress.qtornado.com
370944	0.3627197742462158	0.08866667747497559	fortress.qtornado.com
372960	0.2853395938873291	0.08890676498413086	fortress.qtornado.com
374976	0.2825803756713867	0.08925557136535645	fortress.qtornado.com
376992	0.2848012447357178	0.08810782432556152	fortress.qtornado.com
379008	0.2846519947052002	0.08838081359863281	fortress.qtornado.com
381024	0.2824587821960449	0.0883476734161377	fortress.qtornado.com
383040	0.284271240234375	0.08837890625	fortress.qtornado.com
385056	0.2920548915863037	0.08832883834838867	fortress.qtornado.com
387072	0.2943456172943115	0.08849549293518066	fortress.qtornado.com
389088	0.28219079971313477	0.08904623985290527	fortress.qtornado.com
391104	0.28256869316101074	0.08855628967285156	fortress.qtornado.com
393120	0.2832310199737549	0.08955669403076172	fortress.qtornado.com
395136	0.2823960781097412	0.08861327171325684	fortress.qtornado.com
397152	0.2822699546813965	0.0896916389465332	fortress.qtornado.com
399168	0.3771634101867676	0.08912253379821777	fortress.qtornado.com
401184	0.2833836078643799	0.08864140510559082	fortress.qtornado.com
403200	0.28279876708984375	0.08831930160522461	fortress.qtornado.com
405216	0.3253593444824219	0.08864593505859375	fortress.qtornado.com
407232	0.2825195789337158	0.08803820610046387	fortress.qtornado.com
409248	0.2830808162689209	0.08862638473510742	fortress.qtornado.com
411264	0.28661489486694336	0.08727884292602539	fortress.qtornado.com
413280	0.28699207305908203	0.0870063304901123	fortress.qtornado.com
415296	0.28429102897644043	0.08659672737121582	fortress.qtornado.com
417312	0.2835521697998047	0.08614778518676758	fortress.qtornado.com
419328	0.28502845764160156	0.08693814277648926	fortress.qtornado.com
421344	0.28344273567199707	0.0869755744934082	fortress.qtornado.com
423360	0.28377270698547363	0.08706140518188477	fortress.qtornado.com
425376	0.28202366828918457	0.0847012996673584	fortress.qtornado.com
427392	0.38207578659057617	0.0846872329711914	fortress.qtornado.com
429408	0.28387451171875	0.08417344093322754	fortress.qtornado.com
431424	0.2845611572265625	0.08694171905517578	fortress.qtornado.com
433440	0.28490686416625977	0.08477258682250977	fortress.qtornado.com
435456	0.28205251693725586	0.08646821975708008	fortress.qtornado.com
437472	0.2820854187011719	0.087005615234375	fortress.qtornado.com
439488	0.282059907913208	0.08773493766784668	fortress.qtornado.com
441504	0.2831404209136963	0.08701872825622559	fortress.qtornado.com
443520	0.28463244438171387	0.08514118194580078	fortress.qtornado.com
445536	0.28383326530456543	0.08630943298339844	fortress.qtornado.com
447552	0.2823467254638672	0.08366584777832031	fortress.qtornado.com
449568	0.2833075523376465	0.08599615097045898	fortress.qtornado.com
451584	0.2825939655303955	0.08773589134216309	fortress.qtornado.com
453600	0.28382062911987305	0.08529162406921387	fortress.qtornado.com
455616	0.36878514289855957	0.08498024940490723	fortress.qtornado.com
457632	0.2843663692474365	0.0857081413269043	fortress.qtornado.com
459648	0.28644299507141113	0.08449125289916992	fortress.qtornado.com
461664	0.28355956077575684	0.08606433868408203	fortress.qtornado.com
463680	0.284015417098999	0.08633565902709961	fortress.qtornado.com
465696	0.28232860565185547	0.08496212959289551	fortress.qtornado.com
467712	0.28363728523254395	0.08655643463134766	fortress.qtornado.com
469728	0.2848317623138428	0.08408379554748535	fortress.qtornado.com
471744	0.28208136558532715	0.08816027641296387	fortress.qtornado.com
473760	0.2840902805328369	0.08713269233703613	fortress.qtornado.com
475776	0.28592777252197266	0.0872952938079834	fortress.qtornado.com
477792	0.2837789058685303	0.08834576606750488	fortress.qtornado.com
479808	0.28220415115356445	0.08691096305847168	fortress.qtornado.com
481824	0.2841970920562744	0.08765339851379395	fortress.qtornado.com
483840	0.369251012802124	0.08850979804992676	fortress.qtornado.com
485856	0.2841181755065918	0.08846139907836914	fortress.qtornado.com
487872	0.28337931632995605	0.08848738670349121	fortress.qtornado.com
489888	0.28380608558654785	0.08829021453857422	fortress.qtornado.com
491904	0.28330326080322266	0.08774828910827637	fortress.qtornado.com
493920	0.2840588092803955	0.08968901634216309	fortress.qtornado.com
495936	0.2844250202178955	0.08911895751953125	fortress.qtornado.com
497952	0.2886624336242676	0.0890345573425293	fortress.qtornado.com
499968	0.2820923328399658	0.08920454978942871	fortress.qtornado.com
501984	0.2877614498138428	0.0892939567565918	fortress.qtornado.com
504000	0.2843756675720215	0.0881509780883789	fortress.qtornado.com
506016	0.2841155529022217	0.08901166915893555	fortress.qtornado.com
508032	0.28431105613708496	0.0938725471496582	fortress.qtornado.com
510048	0.28353381156921387	0.08806729316711426	fortress.qtornado.com
512064	0.312197208404541	0.08756303787231445	fortress.qtornado.com
514080	0.2933664321899414	0.088104248046875	fortress.qtornado.com
516096	0.28216981887817383	0.08823800086975098	fortress.qtornado.com
518112	0.2845304012298584	0.08852052688598633	fortress.qtornado.com
520128	0.28379392623901367	0.08858561515808105	fortress.qtornado.com
522144	0.2857792377471924	0.08811497688293457	fortress.qtornado.com
524160	0.28511977195739746	0.08794403076171875	fortress.qtornado.com
526176	0.28517985343933105	0.08775019645690918	fortress.qtornado.com
528192	0.2825300693511963	0.08693790435791016	fortress.qtornado.com
530208	0.2821059226989746	0.08744287490844727	fortress.qtornado.com
532224	0.28336429595947266	0.08791279792785645	fortress.qtornado.com
534240	0.28363966941833496	0.08829808235168457	fortress.qtornado.com
536256	0.2831847667694092	0.08841943740844727	fortress.qtornado.com
538272	0.28213071823120117	0.08914661407470703	fortress.qtornado.com
540288	0.2906005382537842	0.08891701698303223	fortress.qtornado.com
542304	1.4307959079742432	0.08848714828491211	fortress.qtornado.com
544320	0.29000115394592285	0.08811092376708984	fortress.qtornado.com
546336	0.28332042694091797	0.08728599548339844	fortress.qtornado.com
548352	0.28353142738342285	0.08819341659545898	fortress.qtornado.com
550368	0.2859628200531006	0.08730864524841309	fortress.qtornado.com
552384	0.2838141918182373	0.08693218231201172	fortress.qtornado.com
554400	0.2845134735107422	0.08848953247070312	fortress.qtornado.com
556416	0.2853224277496338	0.0872945785522461	fortress.qtornado.com
558432	0.28258800506591797	0.08778738975524902	fortress.qtornado.com
560448	0.28305554389953613	0.08771443367004395	fortress.qtornado.com
562464	0.29076409339904785	0.08847761154174805	fortress.qtornado.com
564480	0.2851543426513672	0.0881187915802002	fortress.qtornado.com
566496	0.2866361141204834	0.08764386177062988	fortress.qtornado.com
568512	0.28196096420288086	0.08864879608154297	fortress.qtornado.com
570528	0.2861804962158203	0.08782339096069336	fortress.qtornado.com
572544	0.2833843231201172	0.0877840518951416	fortress.qtornado.com
574560	0.2841835021972656	0.08864998817443848	fortress.qtornado.com
576576	0.28217625617980957	0.08778047561645508	fortress.qtornado.com
578592	0.2821967601776123	0.08743000030517578	fortress.qtornado.com
580608	0.28441572189331055	0.08809924125671387	fortress.qtornado.com
582624	0.28459930419921875	0.08941340446472168	fortress.qtornado.com
584640	0.2840230464935303	0.08806276321411133	fortress.qtornado.com
586656	0.29176855087280273	0.08742499351501465	fortress.qtornado.com
588672	0.2857482433319092	0.08847761154174805	fortress.qtornado.com
590688	0.2844538688659668	0.08805418014526367	fortress.qtornado.com
592704	0.2845306396484375	0.08796572685241699	fortress.qtornado.com
594720	0.2832515239715576	0.0866391658782959	fortress.qtornado.com
596736	0.2825150489807129	0.08822441101074219	fortress.qtornado.com
598752	0.28484082221984863	0.08852148056030273	fortress.qtornado.com
600768	0.2835056781768799	0.08704328536987305	fortress.qtornado.com
602784	0.28427839279174805	0.0882577896118164	fortress.qtornado.com
604800	0.283153772354126	0.0904541015625	fortress.qtornado.com
606816	0.29113054275512695	0.08795046806335449	fortress.qtornado.com
608832	0.2888197898864746	0.08725118637084961	fortress.qtornado.com
610848	0.28381848335266113	0.0875082015991211	fortress.qtornado.com
612864	0.28426527976989746	0.08521175384521484	fortress.qtornado.com
614880	0.2831742763519287	0.08584213256835938	fortress.qtornado.com
616896	0.2844867706298828	0.08666801452636719	fortress.qtornado.com
618912	0.28412389755249023	0.08722710609436035	fortress.qtornado.com
620928	0.2843360900878906	0.08686065673828125	fortress.qtornado.com
622944	0.28194713592529297	0.08741021156311035	fortress.qtornado.com
624960	0.2837066650390625	0.08559179306030273	fortress.qtornado.com
626976	0.342801570892334	0.08683562278747559	fortress.qtornado.com
628992	0.29419732093811035	0.08639383316040039	fortress.qtornado.com
631008	0.2931375503540039	0.08929634094238281	fortress.qtornado.com
633024	0.2838733196258545	0.08549165725708008	fortress.qtornado.com
635040	0.2824361324310303	0.08657550811767578	fortress.qtornado.com
637056	0.283428430557251	0.08771324157714844	fortress.qtornado.com
639072	0.2937312126159668	0.08646202087402344	fortress.qtornado.com
641088	0.28209853172302246	0.08675384521484375	fortress.qtornado.com
643104	0.2843048572540283	0.08626055717468262	fortress.qtornado.com
645120	0.28410887718200684	0.08694148063659668	fortress.qtornado.com
647136	0.2855865955352783	0.08783793449401855	fortress.qtornado.com
649152	0.2824578285217285	0.08790230751037598	fortress.qtornado.com
651168	0.281949520111084	0.08753085136413574	fortress.qtornado.com
653184	0.29216551780700684	0.08789205551147461	fortress.qtornado.com
655200	0.28325724601745605	0.08816647529602051	fortress.qtornado.com
657216	0.280132532119751	0.05583381652832031	fortress.qtornado.com
