1	0.757582426071167	0.08645391464233398	ndnd.selfhost.eu
2016	0.268096923828125	0.0857546329498291	ndnd.selfhost.eu
4032	0.24953794479370117	0.0865790843963623	ndnd.selfhost.eu
6048	0.2412724494934082	0.08589649200439453	ndnd.selfhost.eu
8064	0.2393207550048828	0.08636879920959473	ndnd.selfhost.eu
10080	0.23900318145751953	0.08728861808776855	ndnd.selfhost.eu
12096	0.23917269706726074	0.08656787872314453	ndnd.selfhost.eu
14112	0.23860478401184082	0.08648872375488281	ndnd.selfhost.eu
16128	0.23924612998962402	0.08754158020019531	ndnd.selfhost.eu
18144	0.23919463157653809	0.08657217025756836	ndnd.selfhost.eu
20160	0.2402195930480957	0.08616399765014648	ndnd.selfhost.eu
22176	0.2385563850402832	0.08593916893005371	ndnd.selfhost.eu
24192	0.23893284797668457	0.08679699897766113	ndnd.selfhost.eu
26208	0.23873615264892578	0.08609819412231445	ndnd.selfhost.eu
28224	0.23912668228149414	0.0863199234008789	ndnd.selfhost.eu
30240	0.2387998104095459	0.08764433860778809	ndnd.selfhost.eu
32256	0.23855924606323242	0.08512258529663086	ndnd.selfhost.eu
34272	0.23915433883666992	0.0872349739074707	ndnd.selfhost.eu
36288	0.2386610507965088	0.08639883995056152	ndnd.selfhost.eu
38304	0.23865890502929688	0.08698701858520508	ndnd.selfhost.eu
40320	0.23986124992370605	0.08620285987854004	ndnd.selfhost.eu
42336	0.24143671989440918	0.08577632904052734	ndnd.selfhost.eu
44352	0.23917412757873535	0.08617043495178223	ndnd.selfhost.eu
46368	0.23902392387390137	0.08536481857299805	ndnd.selfhost.eu
48384	0.23814749717712402	0.08518767356872559	ndnd.selfhost.eu
50400	0.23864531517028809	0.17534208297729492	ndnd.selfhost.eu
52416	0.23866605758666992	0.17389750480651855	ndnd.selfhost.eu
54432	0.23842763900756836	0.0857706069946289	ndnd.selfhost.eu
56448	0.23804450035095215	0.0851290225982666	ndnd.selfhost.eu
58464	0.23834705352783203	0.08584213256835938	ndnd.selfhost.eu
60480	0.23982524871826172	0.08588910102844238	ndnd.selfhost.eu
62496	0.2391197681427002	0.08573007583618164	ndnd.selfhost.eu
64512	0.2382810115814209	0.08695554733276367	ndnd.selfhost.eu
66528	0.2383880615234375	0.08547806739807129	ndnd.selfhost.eu
68544	0.24065208435058594	0.08597826957702637	ndnd.selfhost.eu
70560	0.23768258094787598	0.0871119499206543	ndnd.selfhost.eu
72576	0.22984695434570312	0.08678770065307617	ndnd.selfhost.eu
74592	0.23018407821655273	0.0887598991394043	ndnd.selfhost.eu
76608	0.23198914527893066	0.08545088768005371	ndnd.selfhost.eu
78624	0.23010563850402832	0.0854032039642334	ndnd.selfhost.eu
80640	0.2307603359222412	0.08478426933288574	ndnd.selfhost.eu
82656	0.23031210899353027	0.08657956123352051	ndnd.selfhost.eu
84672	0.2298297882080078	0.08520102500915527	ndnd.selfhost.eu
86688	0.2301492691040039	0.08452415466308594	ndnd.selfhost.eu
88704	0.23012495040893555	0.08442163467407227	ndnd.selfhost.eu
90720	0.23026776313781738	0.08559966087341309	ndnd.selfhost.eu
92736	0.23007464408874512	0.08470296859741211	ndnd.selfhost.eu
94752	0.22968459129333496	0.08622574806213379	ndnd.selfhost.eu
96768	0.23012661933898926	0.08666157722473145	ndnd.selfhost.eu
98784	0.23030900955200195	0.087188720703125	ndnd.selfhost.eu
100800	0.23000526428222656	0.0865774154663086	ndnd.selfhost.eu
102816	0.230086088180542	0.08671951293945312	ndnd.selfhost.eu
104832	0.2301926612854004	0.0859684944152832	ndnd.selfhost.eu
106848	0.23035526275634766	0.08613896369934082	ndnd.selfhost.eu
108864	0.23023653030395508	0.08735227584838867	ndnd.selfhost.eu
110880	0.22984528541564941	0.08667707443237305	ndnd.selfhost.eu
112896	0.23195910453796387	0.08707141876220703	ndnd.selfhost.eu
114912	0.23015499114990234	0.0871577262878418	ndnd.selfhost.eu
116928	0.23049163818359375	0.08819842338562012	ndnd.selfhost.eu
118944	0.23093318939208984	0.08670735359191895	ndnd.selfhost.eu
120960	0.22952485084533691	0.0879523754119873	ndnd.selfhost.eu
122976	0.23246383666992188	0.08891010284423828	ndnd.selfhost.eu
124992	0.23045086860656738	0.08949971199035645	ndnd.selfhost.eu
127008	0.2297534942626953	0.08771395683288574	ndnd.selfhost.eu
129024	0.23171377182006836	0.08666396141052246	ndnd.selfhost.eu
131040	0.22963356971740723	0.08690404891967773	ndnd.selfhost.eu
133056	0.23004388809204102	0.08837652206420898	ndnd.selfhost.eu
135072	0.230665922164917	0.08610057830810547	ndnd.selfhost.eu
137088	0.2295377254486084	0.08614420890808105	ndnd.selfhost.eu
139104	0.23067641258239746	0.08683991432189941	ndnd.selfhost.eu
141120	0.23076128959655762	0.08676981925964355	ndnd.selfhost.eu
143136	0.22952580451965332	0.08668732643127441	ndnd.selfhost.eu
145152	0.23040318489074707	0.08542466163635254	ndnd.selfhost.eu
147168	0.23153066635131836	0.08581304550170898	ndnd.selfhost.eu
149184	0.231093168258667	0.08695626258850098	ndnd.selfhost.eu
151200	0.2299213409423828	0.0857076644897461	ndnd.selfhost.eu
153216	0.22991037368774414	0.0863199234008789	ndnd.selfhost.eu
155232	0.23079776763916016	0.0856940746307373	ndnd.selfhost.eu
157248	0.23084044456481934	0.08596682548522949	ndnd.selfhost.eu
159264	0.23057842254638672	0.08711433410644531	ndnd.selfhost.eu
161280	0.23016142845153809	0.08551430702209473	ndnd.selfhost.eu
163296	0.23024725914001465	0.08717679977416992	ndnd.selfhost.eu
165312	0.2302381992340088	0.08586764335632324	ndnd.selfhost.eu
167328	0.22980093955993652	0.0860300064086914	ndnd.selfhost.eu
169344	0.23008179664611816	0.08659982681274414	ndnd.selfhost.eu
171360	0.22996163368225098	0.08621072769165039	ndnd.selfhost.eu
173376	0.23199915885925293	0.08686709403991699	ndnd.selfhost.eu
175392	0.23989391326904297	0.08951520919799805	ndnd.selfhost.eu
177408	0.2296292781829834	0.08707499504089355	ndnd.selfhost.eu
179424	0.23044943809509277	0.08642435073852539	ndnd.selfhost.eu
181440	0.23075175285339355	0.08721661567687988	ndnd.selfhost.eu
183456	0.23011541366577148	0.08845901489257812	ndnd.selfhost.eu
185472	0.2307736873626709	0.0870821475982666	ndnd.selfhost.eu
187488	0.23015189170837402	0.08703136444091797	ndnd.selfhost.eu
189504	0.23183989524841309	0.08590459823608398	ndnd.selfhost.eu
191520	0.2302260398864746	0.08830833435058594	ndnd.selfhost.eu
193536	0.23009943962097168	0.08745551109313965	ndnd.selfhost.eu
195552	0.23010468482971191	0.08719444274902344	ndnd.selfhost.eu
197568	0.22990751266479492	0.08640670776367188	ndnd.selfhost.eu
199584	0.23179888725280762	0.08685922622680664	ndnd.selfhost.eu
201600	0.2297377586364746	0.08657431602478027	ndnd.selfhost.eu
203616	0.23002028465270996	0.08721470832824707	ndnd.selfhost.eu
205632	0.23256635665893555	0.08609795570373535	ndnd.selfhost.eu
207648	0.23216509819030762	0.08555817604064941	ndnd.selfhost.eu
209664	0.2309114933013916	0.08671784400939941	ndnd.selfhost.eu
211680	0.22989535331726074	0.08617591857910156	ndnd.selfhost.eu
213696	0.23015642166137695	0.08654451370239258	ndnd.selfhost.eu
215712	0.2307877540588379	0.08664131164550781	ndnd.selfhost.eu
217728	0.22969603538513184	0.08535122871398926	ndnd.selfhost.eu
219744	0.23205804824829102	0.085968017578125	ndnd.selfhost.eu
221760	0.23052668571472168	0.0859220027923584	ndnd.selfhost.eu
223776	0.2294766902923584	0.08598542213439941	ndnd.selfhost.eu
225792	0.23029804229736328	0.0850057601928711	ndnd.selfhost.eu
227808	0.22991633415222168	0.08589029312133789	ndnd.selfhost.eu
229824	0.2311232089996338	0.08655858039855957	ndnd.selfhost.eu
231840	0.2293992042541504	0.08965778350830078	ndnd.selfhost.eu
233856	0.2301015853881836	0.08630108833312988	ndnd.selfhost.eu
235872	0.23192548751831055	0.08740472793579102	ndnd.selfhost.eu
237888	0.23124217987060547	0.08585071563720703	ndnd.selfhost.eu
239904	0.22999882698059082	0.08640050888061523	ndnd.selfhost.eu
241920	0.23221373558044434	0.08803439140319824	ndnd.selfhost.eu
243936	0.22997307777404785	0.08674502372741699	ndnd.selfhost.eu
245952	0.22985172271728516	0.08672595024108887	ndnd.selfhost.eu
247968	0.2310934066772461	0.08749246597290039	ndnd.selfhost.eu
249984	0.22989439964294434	0.08619165420532227	ndnd.selfhost.eu
252000	0.22999978065490723	0.08743429183959961	ndnd.selfhost.eu
254016	0.2300872802734375	0.08738374710083008	ndnd.selfhost.eu
256032	0.22956037521362305	0.08655738830566406	ndnd.selfhost.eu
258048	0.23053717613220215	0.08685660362243652	ndnd.selfhost.eu
260064	0.22979092597961426	0.08644843101501465	ndnd.selfhost.eu
262080	0.2299807071685791	0.0868995189666748	ndnd.selfhost.eu
264096	0.23021626472473145	0.08727264404296875	ndnd.selfhost.eu
266112	0.23190522193908691	0.08790779113769531	ndnd.selfhost.eu
268128	0.22998404502868652	0.0875406265258789	ndnd.selfhost.eu
270144	0.2307891845703125	0.08648872375488281	ndnd.selfhost.eu
272160	0.2304239273071289	0.08742713928222656	ndnd.selfhost.eu
274176	0.23017072677612305	0.08695697784423828	ndnd.selfhost.eu
276192	0.2301638126373291	0.08765316009521484	ndnd.selfhost.eu
278208	0.2301933765411377	0.08847403526306152	ndnd.selfhost.eu
280224	0.23022842407226562	0.08821702003479004	ndnd.selfhost.eu
282240	0.2301616668701172	0.0872795581817627	ndnd.selfhost.eu
284256	0.22964739799499512	0.08715486526489258	ndnd.selfhost.eu
286272	0.2299823760986328	0.08790278434753418	ndnd.selfhost.eu
288288	0.23101210594177246	0.08794093132019043	ndnd.selfhost.eu
290304	0.2310009002685547	0.08701515197753906	ndnd.selfhost.eu
292320	0.23020052909851074	0.08812427520751953	ndnd.selfhost.eu
294336	0.23006176948547363	0.08823418617248535	ndnd.selfhost.eu
296352	0.2303938865661621	0.0878148078918457	ndnd.selfhost.eu
298368	0.22993206977844238	0.08824348449707031	ndnd.selfhost.eu
300384	0.2298111915588379	0.08820867538452148	ndnd.selfhost.eu
302400	0.23011040687561035	0.08761358261108398	ndnd.selfhost.eu
304416	0.23087549209594727	0.0884089469909668	ndnd.selfhost.eu
306432	0.2330632209777832	0.08978915214538574	ndnd.selfhost.eu
308448	0.2322862148284912	0.08791923522949219	ndnd.selfhost.eu
310464	0.23356914520263672	0.08822965621948242	ndnd.selfhost.eu
312480	0.2303023338317871	0.0871894359588623	ndnd.selfhost.eu
314496	0.22974205017089844	0.08579802513122559	ndnd.selfhost.eu
316512	0.2313976287841797	0.08444333076477051	ndnd.selfhost.eu
318528	0.22997808456420898	0.08763647079467773	ndnd.selfhost.eu
320544	0.2302229404449463	0.08608794212341309	ndnd.selfhost.eu
322560	0.23593711853027344	0.08597373962402344	ndnd.selfhost.eu
324576	0.22996973991394043	0.08721303939819336	ndnd.selfhost.eu
326592	0.23028230667114258	0.08692145347595215	ndnd.selfhost.eu
328608	0.22991013526916504	0.08780479431152344	ndnd.selfhost.eu
330624	0.2303154468536377	0.08664059638977051	ndnd.selfhost.eu
332640	0.2301175594329834	0.08704972267150879	ndnd.selfhost.eu
334656	0.23104453086853027	0.08924531936645508	ndnd.selfhost.eu
336672	0.23200774192810059	0.08649253845214844	ndnd.selfhost.eu
338688	0.22997641563415527	0.08792662620544434	ndnd.selfhost.eu
340704	0.23004937171936035	0.0874185562133789	ndnd.selfhost.eu
342720	0.2302227020263672	0.08785653114318848	ndnd.selfhost.eu
344736	0.23006939888000488	0.08764815330505371	ndnd.selfhost.eu
346752	0.23013043403625488	0.08809876441955566	ndnd.selfhost.eu
348768	0.23057937622070312	0.08772492408752441	ndnd.selfhost.eu
350784	0.23101806640625	0.08733701705932617	ndnd.selfhost.eu
352800	0.2297515869140625	0.0880277156829834	ndnd.selfhost.eu
354816	0.23019695281982422	0.0877842903137207	ndnd.selfhost.eu
356832	0.2298274040222168	0.08677363395690918	ndnd.selfhost.eu
358848	0.22992324829101562	0.08793401718139648	ndnd.selfhost.eu
360864	0.22933197021484375	0.08796811103820801	ndnd.selfhost.eu
362880	0.23016595840454102	0.08702206611633301	ndnd.selfhost.eu
364896	0.2303779125213623	0.08731484413146973	ndnd.selfhost.eu
366912	0.23009085655212402	0.08694028854370117	ndnd.selfhost.eu
368928	0.23007941246032715	0.08707833290100098	ndnd.selfhost.eu
370944	0.23041129112243652	0.08667540550231934	ndnd.selfhost.eu
372960	0.22988271713256836	0.08755326271057129	ndnd.selfhost.eu
374976	0.2288515567779541	0.08790707588195801	ndnd.selfhost.eu
376992	0.22655820846557617	0.08696413040161133	ndnd.selfhost.eu
379008	0.22674345970153809	0.08802056312561035	ndnd.selfhost.eu
381024	0.2271099090576172	0.08745431900024414	ndnd.selfhost.eu
383040	0.22699213027954102	0.08774733543395996	ndnd.selfhost.eu
385056	0.22721123695373535	0.08784842491149902	ndnd.selfhost.eu
387072	0.35315799713134766	0.08761739730834961	ndnd.selfhost.eu
389088	0.2274024486541748	0.08856725692749023	ndnd.selfhost.eu
391104	0.22747087478637695	0.08786177635192871	ndnd.selfhost.eu
393120	0.22717523574829102	0.08854150772094727	ndnd.selfhost.eu
395136	0.2272341251373291	0.088531494140625	ndnd.selfhost.eu
397152	0.22711467742919922	0.08792829513549805	ndnd.selfhost.eu
399168	0.22740435600280762	0.08775472640991211	ndnd.selfhost.eu
401184	0.22652649879455566	0.08833980560302734	ndnd.selfhost.eu
403200	0.22716450691223145	0.08798503875732422	ndnd.selfhost.eu
405216	0.2270195484161377	0.08877205848693848	ndnd.selfhost.eu
407232	0.22663092613220215	0.08816313743591309	ndnd.selfhost.eu
409248	0.22726130485534668	0.08903789520263672	ndnd.selfhost.eu
411264	0.2272782325744629	0.08836722373962402	ndnd.selfhost.eu
413280	0.22766542434692383	0.08780670166015625	ndnd.selfhost.eu
415296	0.22750210762023926	0.08723711967468262	ndnd.selfhost.eu
417312	0.22651028633117676	0.08701276779174805	ndnd.selfhost.eu
419328	0.2282421588897705	0.08709573745727539	ndnd.selfhost.eu
421344	0.22701597213745117	0.08763337135314941	ndnd.selfhost.eu
423360	0.2266547679901123	0.08748960494995117	ndnd.selfhost.eu
425376	0.22844266891479492	0.08806133270263672	ndnd.selfhost.eu
427392	0.2277665138244629	0.08748173713684082	ndnd.selfhost.eu
429408	0.22755002975463867	0.0879664421081543	ndnd.selfhost.eu
431424	0.22819828987121582	0.08737683296203613	ndnd.selfhost.eu
433440	0.2272510528564453	0.08751893043518066	ndnd.selfhost.eu
435456	0.22693252563476562	0.08776545524597168	ndnd.selfhost.eu
437472	0.22641754150390625	0.08745837211608887	ndnd.selfhost.eu
439488	0.2269763946533203	0.08771729469299316	ndnd.selfhost.eu
441504	0.22719168663024902	0.08725690841674805	ndnd.selfhost.eu
443520	0.22673988342285156	0.08725547790527344	ndnd.selfhost.eu
445536	0.2272474765777588	0.08813071250915527	ndnd.selfhost.eu
447552	0.22772216796875	0.08846735954284668	ndnd.selfhost.eu
449568	0.22668910026550293	0.0875856876373291	ndnd.selfhost.eu
451584	0.227402925491333	0.0877237319946289	ndnd.selfhost.eu
453600	0.22713398933410645	0.08723831176757812	ndnd.selfhost.eu
455616	0.22755885124206543	0.08669209480285645	ndnd.selfhost.eu
457632	0.22722339630126953	0.08775520324707031	ndnd.selfhost.eu
459648	0.22710323333740234	0.08797550201416016	ndnd.selfhost.eu
461664	0.22723937034606934	0.08664774894714355	ndnd.selfhost.eu
463680	0.22757387161254883	0.08771085739135742	ndnd.selfhost.eu
465696	0.22699403762817383	0.08675193786621094	ndnd.selfhost.eu
467712	0.22741150856018066	0.08788371086120605	ndnd.selfhost.eu
469728	0.2277083396911621	0.08742856979370117	ndnd.selfhost.eu
471744	0.22665858268737793	0.08675932884216309	ndnd.selfhost.eu
473760	0.22926783561706543	0.08706116676330566	ndnd.selfhost.eu
475776	0.22729825973510742	0.0873880386352539	ndnd.selfhost.eu
477792	0.22680282592773438	0.08700823783874512	ndnd.selfhost.eu
479808	0.22858095169067383	0.08656716346740723	ndnd.selfhost.eu
481824	0.2274951934814453	0.0870809555053711	ndnd.selfhost.eu
483840	0.22713661193847656	0.0871896743774414	ndnd.selfhost.eu
485856	0.2277064323425293	0.08900785446166992	ndnd.selfhost.eu
487872	0.22775053977966309	0.08836102485656738	ndnd.selfhost.eu
489888	0.22856783866882324	0.08869242668151855	ndnd.selfhost.eu
491904	0.2275834083557129	0.08784961700439453	ndnd.selfhost.eu
493920	0.22948646545410156	0.08859395980834961	ndnd.selfhost.eu
495936	0.22799324989318848	0.08790755271911621	ndnd.selfhost.eu
497952	0.22687363624572754	0.08849716186523438	ndnd.selfhost.eu
499968	0.22735929489135742	0.08851790428161621	ndnd.selfhost.eu
501984	0.22704863548278809	0.08865213394165039	ndnd.selfhost.eu
504000	0.22734785079956055	0.0879065990447998	ndnd.selfhost.eu
506016	0.2270188331604004	0.08886504173278809	ndnd.selfhost.eu
508032	0.22719287872314453	0.08946490287780762	ndnd.selfhost.eu
510048	0.22754120826721191	0.08953166007995605	ndnd.selfhost.eu
512064	0.22766637802124023	0.08823323249816895	ndnd.selfhost.eu
514080	0.22765207290649414	0.08898353576660156	ndnd.selfhost.eu
516096	0.22708582878112793	0.08878779411315918	ndnd.selfhost.eu
518112	0.22716784477233887	0.08768486976623535	ndnd.selfhost.eu
520128	0.22785663604736328	0.08833837509155273	ndnd.selfhost.eu
522144	0.2272047996520996	0.08762884140014648	ndnd.selfhost.eu
524160	0.22686481475830078	0.08978867530822754	ndnd.selfhost.eu
526176	0.22725224494934082	0.08707976341247559	ndnd.selfhost.eu
528192	0.22798705101013184	0.08778023719787598	ndnd.selfhost.eu
530208	0.22697210311889648	0.08770227432250977	ndnd.selfhost.eu
532224	0.22733616828918457	0.08761143684387207	ndnd.selfhost.eu
534240	0.22721576690673828	0.08923602104187012	ndnd.selfhost.eu
536256	0.2269742488861084	0.08768630027770996	ndnd.selfhost.eu
538272	0.22709178924560547	0.08771729469299316	ndnd.selfhost.eu
540288	0.2272169589996338	0.08847570419311523	ndnd.selfhost.eu
542304	0.22709417343139648	0.08853554725646973	ndnd.selfhost.eu
544320	0.22664666175842285	0.0881662368774414	ndnd.selfhost.eu
546336	0.22728681564331055	0.0883629322052002	ndnd.selfhost.eu
548352	0.22725462913513184	0.0873405933380127	ndnd.selfhost.eu
550368	0.22719192504882812	0.08762216567993164	ndnd.selfhost.eu
552384	0.22794222831726074	0.08702373504638672	ndnd.selfhost.eu
554400	0.22722554206848145	0.08606123924255371	ndnd.selfhost.eu
556416	0.22661614418029785	0.08658623695373535	ndnd.selfhost.eu
558432	0.22766566276550293	0.08748006820678711	ndnd.selfhost.eu
560448	0.2290945053100586	0.08754944801330566	ndnd.selfhost.eu
562464	0.2270963191986084	0.08864021301269531	ndnd.selfhost.eu
564480	0.2269423007965088	0.08769559860229492	ndnd.selfhost.eu
566496	0.22735214233398438	0.08751511573791504	ndnd.selfhost.eu
568512	0.2272028923034668	0.08786702156066895	ndnd.selfhost.eu
570528	0.334277868270874	0.0859837532043457	ndnd.selfhost.eu
572544	0.22727084159851074	0.08759951591491699	ndnd.selfhost.eu
574560	0.22730016708374023	0.08803558349609375	ndnd.selfhost.eu
576576	0.2278289794921875	0.08837366104125977	ndnd.selfhost.eu
578592	0.22707819938659668	0.0885169506072998	ndnd.selfhost.eu
580608	0.22734975814819336	0.08771705627441406	ndnd.selfhost.eu
582624	0.22749114036560059	0.08828997611999512	ndnd.selfhost.eu
584640	0.22672486305236816	0.08779573440551758	ndnd.selfhost.eu
586656	0.22699379920959473	0.08766865730285645	ndnd.selfhost.eu
588672	0.22706341743469238	0.08890867233276367	ndnd.selfhost.eu
590688	0.2269728183746338	0.08760476112365723	ndnd.selfhost.eu
592704	0.22723984718322754	0.08748841285705566	ndnd.selfhost.eu
594720	0.2274324893951416	0.08753561973571777	ndnd.selfhost.eu
596736	0.2271871566772461	0.08765697479248047	ndnd.selfhost.eu
598752	0.22717022895812988	0.08777403831481934	ndnd.selfhost.eu
600768	0.22726655006408691	0.0872809886932373	ndnd.selfhost.eu
602784	0.22690463066101074	0.08868122100830078	ndnd.selfhost.eu
604800	0.22868084907531738	0.08861112594604492	ndnd.selfhost.eu
606816	0.22745609283447266	0.08814716339111328	ndnd.selfhost.eu
608832	0.2266550064086914	0.08857274055480957	ndnd.selfhost.eu
610848	0.22871088981628418	0.08869600296020508	ndnd.selfhost.eu
612864	0.22916126251220703	0.08737874031066895	ndnd.selfhost.eu
614880	0.2292616367340088	0.08793759346008301	ndnd.selfhost.eu
616896	0.2291104793548584	0.0888514518737793	ndnd.selfhost.eu
618912	0.2288510799407959	0.08792591094970703	ndnd.selfhost.eu
620928	0.22691893577575684	0.08720064163208008	ndnd.selfhost.eu
622944	0.22721076011657715	0.08814740180969238	ndnd.selfhost.eu
624960	0.22721076011657715	0.08841633796691895	ndnd.selfhost.eu
626976	0.22661328315734863	0.08808660507202148	ndnd.selfhost.eu
628992	0.22648096084594727	0.0887298583984375	ndnd.selfhost.eu
631008	0.22736668586730957	0.08819174766540527	ndnd.selfhost.eu
633024	0.2283182144165039	0.08812880516052246	ndnd.selfhost.eu
635040	0.22698736190795898	0.08854269981384277	ndnd.selfhost.eu
637056	0.22665858268737793	0.08810067176818848	ndnd.selfhost.eu
639072	0.2271137237548828	0.08866524696350098	ndnd.selfhost.eu
641088	0.22694683074951172	0.08856511116027832	ndnd.selfhost.eu
643104	0.22678899765014648	0.08803415298461914	ndnd.selfhost.eu
645120	0.230682373046875	0.08857154846191406	ndnd.selfhost.eu
647136	0.2274472713470459	0.08841204643249512	ndnd.selfhost.eu
649152	0.2270524501800537	0.0893564224243164	ndnd.selfhost.eu
651168	0.22670245170593262	0.08852267265319824	ndnd.selfhost.eu
653184	0.22697973251342773	0.08814191818237305	ndnd.selfhost.eu
655200	0.22701740264892578	0.0883944034576416	ndnd.selfhost.eu
657216	0.2038099765777588	0.0557401180267334	ndnd.selfhost.eu
