1	0.5955033302307129	0.08595490455627441	blockstream.info
2016	0.33129286766052246	0.08634591102600098	blockstream.info
4032	0.3437645435333252	0.08628630638122559	blockstream.info
6048	0.34024930000305176	0.08570480346679688	blockstream.info
8064	0.3413658142089844	0.08560538291931152	blockstream.info
10080	0.3373126983642578	0.08658480644226074	blockstream.info
12096	0.34063196182250977	0.08648252487182617	blockstream.info
14112	0.34102511405944824	0.08561134338378906	blockstream.info
16128	0.3421518802642822	0.0857083797454834	blockstream.info
18144	0.34281134605407715	0.08447575569152832	blockstream.info
20160	0.34003162384033203	0.08442878723144531	blockstream.info
22176	0.34142422676086426	0.08684372901916504	blockstream.info
24192	0.3415229320526123	0.08751130104064941	blockstream.info
26208	0.34180498123168945	0.08561992645263672	blockstream.info
28224	0.34212779998779297	0.08666396141052246	blockstream.info
30240	0.339951753616333	0.08678793907165527	blockstream.info
32256	0.34116244316101074	0.08709573745727539	blockstream.info
34272	0.34175801277160645	0.15949225425720215	blockstream.info
36288	0.3418731689453125	0.17609500885009766	blockstream.info
38304	0.34029126167297363	0.08824634552001953	blockstream.info
40320	0.3413970470428467	0.08563470840454102	blockstream.info
42336	0.34030675888061523	0.08668804168701172	blockstream.info
44352	0.3417229652404785	0.08682918548583984	blockstream.info
46368	0.3428683280944824	0.08527779579162598	blockstream.info
48384	0.34020423889160156	0.08673214912414551	blockstream.info
50400	0.3405435085296631	0.0866086483001709	blockstream.info
52416	0.3383920192718506	0.08655929565429688	blockstream.info
54432	0.3397798538208008	0.08600378036499023	blockstream.info
56448	0.33566999435424805	0.08676695823669434	blockstream.info
58464	0.33948731422424316	0.08716249465942383	blockstream.info
60480	0.34174656867980957	0.08913445472717285	blockstream.info
62496	0.3412611484527588	0.08540821075439453	blockstream.info
64512	0.34288501739501953	0.08606219291687012	blockstream.info
66528	0.3375685214996338	0.08598184585571289	blockstream.info
68544	0.33803391456604004	0.08691143989562988	blockstream.info
70560	0.34046316146850586	0.08697795867919922	blockstream.info
72576	0.3401358127593994	0.0869896411895752	blockstream.info
74592	0.33641767501831055	0.08508181571960449	blockstream.info
76608	0.339796781539917	0.08546304702758789	blockstream.info
78624	0.33948850631713867	0.08592844009399414	blockstream.info
80640	0.34204697608947754	0.08614850044250488	blockstream.info
82656	0.3375875949859619	0.0863792896270752	blockstream.info
84672	0.33953046798706055	0.08710885047912598	blockstream.info
86688	0.33867835998535156	0.08606934547424316	blockstream.info
88704	0.33827996253967285	0.08685874938964844	blockstream.info
90720	0.3364088535308838	0.08508586883544922	blockstream.info
92736	0.33948588371276855	0.0863187313079834	blockstream.info
94752	0.33386754989624023	0.08687877655029297	blockstream.info
96768	0.3412210941314697	0.08643507957458496	blockstream.info
98784	0.3395826816558838	0.08703970909118652	blockstream.info
100800	0.344146728515625	0.08602237701416016	blockstream.info
102816	0.3417930603027344	0.08583307266235352	blockstream.info
104832	0.34319043159484863	0.08607840538024902	blockstream.info
106848	0.3414955139160156	0.08627891540527344	blockstream.info
108864	0.33803892135620117	0.08570337295532227	blockstream.info
110880	0.34012722969055176	0.0866098403930664	blockstream.info
112896	0.3414571285247803	0.08623075485229492	blockstream.info
114912	0.3424856662750244	0.08699297904968262	blockstream.info
116928	0.3407323360443115	0.08790159225463867	blockstream.info
118944	0.3415982723236084	0.08783864974975586	blockstream.info
120960	0.34169983863830566	0.08809924125671387	blockstream.info
122976	0.33841872215270996	0.08698391914367676	blockstream.info
124992	0.34055304527282715	0.08741927146911621	blockstream.info
127008	0.3393871784210205	0.0872654914855957	blockstream.info
129024	0.35654616355895996	0.0862889289855957	blockstream.info
131040	0.3471536636352539	0.08636021614074707	blockstream.info
133056	0.3471536636352539	0.08737540245056152	blockstream.info
135072	0.3423807621002197	0.08668065071105957	blockstream.info
137088	0.34038734436035156	0.0866849422454834	blockstream.info
139104	0.3424496650695801	0.08751368522644043	blockstream.info
141120	0.3422858715057373	0.0869300365447998	blockstream.info
143136	0.34052586555480957	0.08738231658935547	blockstream.info
145152	0.3444037437438965	0.08684420585632324	blockstream.info
147168	0.3462033271789551	0.08572053909301758	blockstream.info
149184	0.3420140743255615	0.08577275276184082	blockstream.info
151200	0.3423190116882324	0.08570218086242676	blockstream.info
153216	0.3403458595275879	0.08524322509765625	blockstream.info
155232	0.34279918670654297	0.0872194766998291	blockstream.info
157248	0.33858489990234375	0.08622193336486816	blockstream.info
159264	0.33607983589172363	0.08622503280639648	blockstream.info
161280	0.33908534049987793	0.08592534065246582	blockstream.info
163296	0.34201955795288086	0.08638143539428711	blockstream.info
165312	0.34042835235595703	0.08557462692260742	blockstream.info
167328	0.3429875373840332	0.0865473747253418	blockstream.info
169344	0.3405747413635254	0.08731555938720703	blockstream.info
171360	0.3383350372314453	0.08697891235351562	blockstream.info
173376	0.34238505363464355	0.08777666091918945	blockstream.info
175392	0.3392751216888428	0.08571839332580566	blockstream.info
177408	0.3403921127319336	0.08634734153747559	blockstream.info
179424	0.33646631240844727	0.08629417419433594	blockstream.info
181440	0.337188720703125	0.08650517463684082	blockstream.info
183456	0.3395991325378418	0.08800506591796875	blockstream.info
185472	0.3396780490875244	0.08763360977172852	blockstream.info
187488	0.3417472839355469	0.09083175659179688	blockstream.info
189504	0.348527193069458	0.08767914772033691	blockstream.info
191520	0.3369448184967041	0.08558917045593262	blockstream.info
193536	0.33659887313842773	0.0852816104888916	blockstream.info
195552	0.33911585807800293	0.08624649047851562	blockstream.info
197568	0.3415100574493408	0.0875544548034668	blockstream.info
199584	0.3424224853515625	0.08795976638793945	blockstream.info
201600	0.3417041301727295	0.08762121200561523	blockstream.info
203616	0.34220123291015625	0.08818483352661133	blockstream.info
205632	0.34107542037963867	0.0872490406036377	blockstream.info
207648	0.34376072883605957	0.08711051940917969	blockstream.info
209664	0.34038209915161133	0.08645939826965332	blockstream.info
211680	0.34143877029418945	0.08722758293151855	blockstream.info
213696	0.34203076362609863	0.08679771423339844	blockstream.info
215712	0.3400759696960449	0.0867466926574707	blockstream.info
217728	0.3414452075958252	0.08643150329589844	blockstream.info
219744	0.3426625728607178	0.08662581443786621	blockstream.info
221760	0.33759522438049316	0.08563804626464844	blockstream.info
223776	0.33840012550354004	0.08713626861572266	blockstream.info
225792	0.3423798084259033	0.08691692352294922	blockstream.info
227808	0.33916616439819336	0.08784937858581543	blockstream.info
229824	0.3417396545410156	0.08706450462341309	blockstream.info
231840	0.34272336959838867	0.08681678771972656	blockstream.info
233856	0.3391149044036865	0.08753275871276855	blockstream.info
235872	0.3412473201751709	0.08655166625976562	blockstream.info
237888	0.3395376205444336	0.08710241317749023	blockstream.info
239904	0.3412933349609375	0.0869591236114502	blockstream.info
241920	0.3388984203338623	0.08898305892944336	blockstream.info
243936	0.3398423194885254	0.08872795104980469	blockstream.info
245952	0.34097766876220703	0.08764338493347168	blockstream.info
247968	0.34108448028564453	0.08869719505310059	blockstream.info
249984	0.33910322189331055	0.08800578117370605	blockstream.info
252000	0.33995938301086426	0.08731579780578613	blockstream.info
254016	0.33972620964050293	0.08898138999938965	blockstream.info
256032	0.3371255397796631	0.08869314193725586	blockstream.info
258048	0.3397104740142822	0.08747267723083496	blockstream.info
260064	0.34120845794677734	0.08724641799926758	blockstream.info
262080	0.3975636959075928	0.08685612678527832	blockstream.info
264096	0.34023356437683105	0.08691740036010742	blockstream.info
266112	0.3415656089782715	0.08849596977233887	blockstream.info
268128	0.34192967414855957	0.08731627464294434	blockstream.info
270144	0.340425968170166	0.08584165573120117	blockstream.info
272160	0.3416438102722168	0.08765292167663574	blockstream.info
274176	0.34213829040527344	0.08575916290283203	blockstream.info
276192	0.3344428539276123	0.08689260482788086	blockstream.info
278208	0.34181857109069824	0.08655762672424316	blockstream.info
280224	0.3399083614349365	0.08710646629333496	blockstream.info
282240	0.3407111167907715	0.08522820472717285	blockstream.info
284256	0.343646764755249	0.08672404289245605	blockstream.info
286272	0.35228466987609863	0.08714461326599121	blockstream.info
288288	0.3408701419830322	0.08994197845458984	blockstream.info
290304	0.5535986423492432	0.08784317970275879	blockstream.info
292320	0.34368085861206055	0.0886688232421875	blockstream.info
294336	0.34151220321655273	0.08823823928833008	blockstream.info
296352	0.3504140377044678	0.08719635009765625	blockstream.info
298368	0.34325361251831055	0.08799099922180176	blockstream.info
300384	0.34196972846984863	0.0876767635345459	blockstream.info
302400	0.34047675132751465	0.08762407302856445	blockstream.info
304416	0.3421041965484619	0.0866708755493164	blockstream.info
306432	0.3424568176269531	0.08698201179504395	blockstream.info
308448	0.3436465263366699	0.08549833297729492	blockstream.info
310464	0.3420829772949219	0.08809113502502441	blockstream.info
312480	0.34043383598327637	0.08739638328552246	blockstream.info
314496	0.34224438667297363	0.08740067481994629	blockstream.info
316512	0.3424859046936035	0.08669543266296387	blockstream.info
318528	0.3460559844970703	0.08771443367004395	blockstream.info
320544	0.3399982452392578	0.0869455337524414	blockstream.info
322560	0.3472905158996582	0.08760666847229004	blockstream.info
324576	0.3506581783294678	0.08708643913269043	blockstream.info
326592	0.3420560359954834	0.08746147155761719	blockstream.info
328608	0.3502352237701416	0.08687210083007812	blockstream.info
330624	0.34756994247436523	0.08829665184020996	blockstream.info
332640	0.3421494960784912	0.0891866683959961	blockstream.info
334656	0.33708882331848145	0.08828568458557129	blockstream.info
336672	0.339616060256958	0.08845353126525879	blockstream.info
338688	0.34058284759521484	0.08828973770141602	blockstream.info
340704	0.34337711334228516	0.08875322341918945	blockstream.info
342720	0.3429281711578369	0.09108161926269531	blockstream.info
344736	0.3416574001312256	0.08906936645507812	blockstream.info
346752	0.3424351215362549	0.08836841583251953	blockstream.info
348768	0.3403289318084717	0.08830738067626953	blockstream.info
350784	0.33907175064086914	0.08824443817138672	blockstream.info
352800	0.34200453758239746	0.08843064308166504	blockstream.info
354816	0.33828210830688477	0.08934974670410156	blockstream.info
356832	0.3355216979980469	0.08889317512512207	blockstream.info
358848	0.3397846221923828	0.089263916015625	blockstream.info
360864	0.340883731842041	0.08865189552307129	blockstream.info
362880	0.34276533126831055	0.08940577507019043	blockstream.info
364896	0.3403644561767578	0.08855247497558594	blockstream.info
366912	0.3427238464355469	0.08911347389221191	blockstream.info
368928	0.3405342102050781	0.08949995040893555	blockstream.info
370944	0.33922719955444336	0.08929729461669922	blockstream.info
372960	0.340407133102417	0.08968496322631836	blockstream.info
374976	0.3400838375091553	0.08928036689758301	blockstream.info
376992	0.3420405387878418	0.08871054649353027	blockstream.info
379008	0.33679652214050293	0.08976554870605469	blockstream.info
381024	0.3396286964416504	0.08895492553710938	blockstream.info
383040	0.33704209327697754	0.08900046348571777	blockstream.info
385056	0.33945441246032715	0.08837127685546875	blockstream.info
387072	0.3392620086669922	0.08871984481811523	blockstream.info
389088	0.3402595520019531	0.08794069290161133	blockstream.info
391104	0.3422698974609375	0.08775043487548828	blockstream.info
393120	0.34055304527282715	0.08776402473449707	blockstream.info
395136	0.33712244033813477	0.08829474449157715	blockstream.info
397152	0.3370809555053711	0.08987832069396973	blockstream.info
399168	0.3391554355621338	0.08929872512817383	blockstream.info
401184	0.3398630619049072	0.08785319328308105	blockstream.info
403200	0.341655969619751	0.08829784393310547	blockstream.info
405216	0.33703184127807617	0.08837366104125977	blockstream.info
407232	0.3402104377746582	0.09000992774963379	blockstream.info
409248	0.3456418514251709	0.08816289901733398	blockstream.info
411264	0.34166693687438965	0.08731508255004883	blockstream.info
413280	0.3425159454345703	0.08772516250610352	blockstream.info
415296	0.3372824192047119	0.0880434513092041	blockstream.info
417312	0.339388370513916	0.08765292167663574	blockstream.info
419328	0.3413112163543701	0.0861961841583252	blockstream.info
421344	0.34305858612060547	0.08608388900756836	blockstream.info
423360	0.34007883071899414	0.08802962303161621	blockstream.info
425376	0.34163784980773926	0.08712172508239746	blockstream.info
427392	0.3421616554260254	0.08812618255615234	blockstream.info
429408	0.33996105194091797	0.08794593811035156	blockstream.info
431424	0.3395364284515381	0.08795595169067383	blockstream.info
433440	0.35352039337158203	0.08834028244018555	blockstream.info
435456	0.34659910202026367	0.08593487739562988	blockstream.info
437472	0.34201931953430176	0.08675813674926758	blockstream.info
439488	0.3427140712738037	0.08754611015319824	blockstream.info
441504	0.33690381050109863	0.08797812461853027	blockstream.info
443520	0.3411376476287842	0.08673954010009766	blockstream.info
445536	0.3406534194946289	0.08761382102966309	blockstream.info
447552	0.3396275043487549	0.08692765235900879	blockstream.info
449568	0.34064745903015137	0.08740019798278809	blockstream.info
451584	0.33930468559265137	0.08694148063659668	blockstream.info
453600	0.34270310401916504	0.08652114868164062	blockstream.info
455616	0.34108996391296387	0.08825063705444336	blockstream.info
457632	0.34047389030456543	0.08826661109924316	blockstream.info
459648	0.3404409885406494	0.08692121505737305	blockstream.info
461664	0.34143805503845215	0.08715581893920898	blockstream.info
463680	0.3433983325958252	0.08646345138549805	blockstream.info
465696	0.34052324295043945	0.0870978832244873	blockstream.info
467712	0.33920717239379883	0.08578848838806152	blockstream.info
469728	0.33574867248535156	0.087493896484375	blockstream.info
471744	0.34057188034057617	0.08681392669677734	blockstream.info
473760	0.33486318588256836	0.08738589286804199	blockstream.info
475776	0.33545708656311035	0.08679628372192383	blockstream.info
477792	0.3363912105560303	0.08794856071472168	blockstream.info
479808	0.3380262851715088	0.08717203140258789	blockstream.info
481824	0.34148669242858887	0.08550500869750977	blockstream.info
483840	0.3427708148956299	0.08736205101013184	blockstream.info
485856	0.3443171977996826	0.08831572532653809	blockstream.info
487872	0.3399076461791992	0.08854985237121582	blockstream.info
489888	0.3427762985229492	0.08850669860839844	blockstream.info
491904	0.340634822845459	0.0890195369720459	blockstream.info
493920	0.33847928047180176	0.08856797218322754	blockstream.info
495936	0.3433985710144043	0.08697056770324707	blockstream.info
497952	0.34089159965515137	0.09011030197143555	blockstream.info
499968	0.34546422958374023	0.08868217468261719	blockstream.info
501984	0.3433723449707031	0.08815455436706543	blockstream.info
504000	0.34268975257873535	0.08735990524291992	blockstream.info
506016	0.33736705780029297	0.08739709854125977	blockstream.info
508032	0.3436462879180908	0.0883476734161377	blockstream.info
510048	0.34062814712524414	0.08977270126342773	blockstream.info
512064	0.3415672779083252	0.08817315101623535	blockstream.info
514080	0.3413982391357422	0.08801960945129395	blockstream.info
516096	0.3422389030456543	0.08848190307617188	blockstream.info
518112	0.3407590389251709	0.0881507396697998	blockstream.info
520128	0.3415720462799072	0.0878903865814209	blockstream.info
522144	0.34205031394958496	0.08887362480163574	blockstream.info
524160	0.34311509132385254	0.08947920799255371	blockstream.info
526176	0.5506458282470703	0.088958740234375	blockstream.info
528192	0.3408198356628418	0.08892512321472168	blockstream.info
530208	0.3387176990509033	0.08871889114379883	blockstream.info
532224	0.3392021656036377	0.08945631980895996	blockstream.info
534240	0.33902931213378906	0.08737516403198242	blockstream.info
536256	0.3438858985900879	0.08779263496398926	blockstream.info
538272	0.34145617485046387	0.09035277366638184	blockstream.info
540288	0.34064626693725586	0.08765673637390137	blockstream.info
542304	0.34795141220092773	0.08722162246704102	blockstream.info
544320	0.3392517566680908	0.08765006065368652	blockstream.info
546336	0.3427574634552002	0.08795499801635742	blockstream.info
548352	0.3433511257171631	0.08866262435913086	blockstream.info
550368	0.3472869396209717	0.08814215660095215	blockstream.info
552384	0.3399677276611328	0.0886225700378418	blockstream.info
554400	0.34232664108276367	0.08775448799133301	blockstream.info
556416	0.3411996364593506	0.08752226829528809	blockstream.info
558432	0.342205286026001	0.08770632743835449	blockstream.info
560448	0.3414454460144043	0.08798694610595703	blockstream.info
562464	0.3383491039276123	0.08900332450866699	blockstream.info
564480	0.32028818130493164	0.0878143310546875	blockstream.info
566496	0.30194807052612305	0.08951139450073242	blockstream.info
568512	0.28053951263427734	0.08796262741088867	blockstream.info
570528	0.2799067497253418	0.08806467056274414	blockstream.info
572544	0.2765467166900635	0.08769011497497559	blockstream.info
574560	0.26780104637145996	0.08777308464050293	blockstream.info
576576	0.2616727352142334	0.08955121040344238	blockstream.info
578592	0.25016045570373535	0.0893547534942627	blockstream.info
580608	0.2500438690185547	0.0886390209197998	blockstream.info
582624	0.25237011909484863	0.09077215194702148	blockstream.info
584640	0.2484722137451172	0.08840394020080566	blockstream.info
586656	0.24416780471801758	0.08682417869567871	blockstream.info
588672	0.23522329330444336	0.08736467361450195	blockstream.info
590688	0.23385190963745117	0.08787870407104492	blockstream.info
592704	0.23452377319335938	0.08827924728393555	blockstream.info
594720	0.23513293266296387	0.0870051383972168	blockstream.info
596736	0.23372435569763184	0.08784770965576172	blockstream.info
598752	0.23818445205688477	0.08720636367797852	blockstream.info
600768	0.2336282730102539	0.08838152885437012	blockstream.info
602784	0.2346959114074707	0.08832907676696777	blockstream.info
604800	0.23298406600952148	0.08797454833984375	blockstream.info
606816	0.23752880096435547	0.08724689483642578	blockstream.info
608832	0.23447108268737793	0.08644604682922363	blockstream.info
610848	0.23446178436279297	0.08761787414550781	blockstream.info
612864	0.23465204238891602	0.08755016326904297	blockstream.info
614880	0.2336277961730957	0.08800244331359863	blockstream.info
616896	0.23459839820861816	0.08794307708740234	blockstream.info
618912	0.2330019474029541	0.08850860595703125	blockstream.info
620928	0.23454594612121582	0.08816719055175781	blockstream.info
622944	0.23586010932922363	0.08715367317199707	blockstream.info
624960	0.23395204544067383	0.0867767333984375	blockstream.info
626976	0.2331070899963379	0.08852195739746094	blockstream.info
628992	0.234999418258667	0.0879368782043457	blockstream.info
631008	0.36318325996398926	0.08822202682495117	blockstream.info
633024	0.23273348808288574	0.0880727767944336	blockstream.info
635040	0.23346424102783203	0.08776569366455078	blockstream.info
637056	0.2346053123474121	0.08779358863830566	blockstream.info
639072	0.23644518852233887	0.08769536018371582	blockstream.info
641088	0.2370154857635498	0.08751225471496582	blockstream.info
643104	0.23531079292297363	0.08790898323059082	blockstream.info
645120	0.23621630668640137	0.08853936195373535	blockstream.info
647136	0.23211073875427246	0.0868685245513916	blockstream.info
649152	0.2338263988494873	0.08776736259460449	blockstream.info
651168	0.233595609664917	0.08835387229919434	blockstream.info
653184	0.23417139053344727	0.08816218376159668	blockstream.info
655200	0.2345902919769287	0.08808302879333496	blockstream.info
657216	0.2053678035736084	0.0560297966003418	blockstream.info
