1	0.629817008972168	0.08722782135009766	electrum.blockstream.info
2016	0.3189084529876709	0.08633661270141602	electrum.blockstream.info
4032	0.31859898567199707	0.08810186386108398	electrum.blockstream.info
6048	0.31877708435058594	0.08826303482055664	electrum.blockstream.info
8064	0.4733867645263672	0.08799624443054199	electrum.blockstream.info
10080	0.31834912300109863	0.08739805221557617	electrum.blockstream.info
12096	0.31852197647094727	0.08799028396606445	electrum.blockstream.info
14112	0.31825685501098633	0.08742213249206543	electrum.blockstream.info
16128	0.31945157051086426	0.08772444725036621	electrum.blockstream.info
18144	0.31848740577697754	0.08729243278503418	electrum.blockstream.info
20160	0.32013821601867676	0.08588218688964844	electrum.blockstream.info
22176	0.3198201656341553	0.08791804313659668	electrum.blockstream.info
24192	0.3181929588317871	0.08856916427612305	electrum.blockstream.info
26208	0.3187873363494873	0.08804988861083984	electrum.blockstream.info
28224	0.31845664978027344	0.0872044563293457	electrum.blockstream.info
30240	0.3184971809387207	0.0885016918182373	electrum.blockstream.info
32256	0.3185250759124756	0.0887451171875	electrum.blockstream.info
34272	0.3184354305267334	0.08805370330810547	electrum.blockstream.info
36288	0.3181943893432617	0.08809757232666016	electrum.blockstream.info
38304	0.3181447982788086	0.17824077606201172	electrum.blockstream.info
40320	0.31836605072021484	0.09707403182983398	electrum.blockstream.info
42336	0.3181266784667969	0.08725285530090332	electrum.blockstream.info
44352	0.4725959300994873	0.08620619773864746	electrum.blockstream.info
46368	0.31839823722839355	0.08710861206054688	electrum.blockstream.info
48384	0.3184995651245117	0.08674478530883789	electrum.blockstream.info
50400	0.31832098960876465	0.08613276481628418	electrum.blockstream.info
52416	0.3185431957244873	0.0892333984375	electrum.blockstream.info
54432	0.31830477714538574	0.08765339851379395	electrum.blockstream.info
56448	0.3187563419342041	0.08721756935119629	electrum.blockstream.info
58464	0.3185279369354248	0.08819317817687988	electrum.blockstream.info
60480	0.31990742683410645	0.08849740028381348	electrum.blockstream.info
62496	0.31883931159973145	0.08797955513000488	electrum.blockstream.info
64512	0.3184847831726074	0.08868288993835449	electrum.blockstream.info
66528	0.3184814453125	0.0881185531616211	electrum.blockstream.info
68544	0.31914329528808594	0.08713126182556152	electrum.blockstream.info
70560	0.3187992572784424	0.08813667297363281	electrum.blockstream.info
72576	0.320148229598999	0.08930420875549316	electrum.blockstream.info
74592	0.31842780113220215	0.08809065818786621	electrum.blockstream.info
76608	0.31903600692749023	0.08775568008422852	electrum.blockstream.info
78624	0.319777250289917	0.08734989166259766	electrum.blockstream.info
80640	0.3188953399658203	0.08892178535461426	electrum.blockstream.info
82656	0.3190426826477051	0.08810019493103027	electrum.blockstream.info
84672	0.3194887638092041	0.08836698532104492	electrum.blockstream.info
86688	0.3194582462310791	0.0872490406036377	electrum.blockstream.info
88704	0.3188211917877197	0.08832716941833496	electrum.blockstream.info
90720	0.3190433979034424	0.08829402923583984	electrum.blockstream.info
92736	0.3195991516113281	0.08761191368103027	electrum.blockstream.info
94752	0.3193247318267822	0.08912253379821777	electrum.blockstream.info
96768	0.3188924789428711	0.08913588523864746	electrum.blockstream.info
98784	0.32070279121398926	0.08722114562988281	electrum.blockstream.info
100800	0.31948018074035645	0.0873558521270752	electrum.blockstream.info
102816	0.3181629180908203	0.08835339546203613	electrum.blockstream.info
104832	0.3202629089355469	0.08761048316955566	electrum.blockstream.info
106848	0.32016444206237793	0.08785343170166016	electrum.blockstream.info
108864	0.3205239772796631	0.08719682693481445	electrum.blockstream.info
110880	0.3206801414489746	0.08759355545043945	electrum.blockstream.info
112896	0.3197665214538574	0.08836889266967773	electrum.blockstream.info
114912	0.31883668899536133	0.0899658203125	electrum.blockstream.info
116928	0.3184986114501953	0.0888972282409668	electrum.blockstream.info
118944	0.3186967372894287	0.08912539482116699	electrum.blockstream.info
120960	0.31829166412353516	0.08728790283203125	electrum.blockstream.info
122976	0.31824731826782227	0.08921957015991211	electrum.blockstream.info
124992	0.4729952812194824	0.08928585052490234	electrum.blockstream.info
127008	0.4731781482696533	0.08831572532653809	electrum.blockstream.info
129024	0.3192431926727295	0.08770370483398438	electrum.blockstream.info
131040	0.32048535346984863	0.08809280395507812	electrum.blockstream.info
133056	0.3189530372619629	0.08821225166320801	electrum.blockstream.info
135072	0.32092738151550293	0.08638739585876465	electrum.blockstream.info
137088	0.31993865966796875	0.08749675750732422	electrum.blockstream.info
139104	0.3188750743865967	0.08726119995117188	electrum.blockstream.info
141120	0.31949281692504883	0.08745884895324707	electrum.blockstream.info
143136	0.3199162483215332	0.08726000785827637	electrum.blockstream.info
145152	0.3198387622833252	0.08676958084106445	electrum.blockstream.info
147168	0.3192145824432373	0.08615422248840332	electrum.blockstream.info
149184	0.31974339485168457	0.08902144432067871	electrum.blockstream.info
151200	0.31870150566101074	0.08747458457946777	electrum.blockstream.info
153216	0.3202042579650879	0.08797693252563477	electrum.blockstream.info
155232	0.3209664821624756	0.08755898475646973	electrum.blockstream.info
157248	0.31995487213134766	0.08788156509399414	electrum.blockstream.info
159264	0.32042455673217773	0.08758330345153809	electrum.blockstream.info
161280	0.3220226764678955	0.08826041221618652	electrum.blockstream.info
163296	0.32169389724731445	0.08879756927490234	electrum.blockstream.info
165312	0.3203752040863037	0.08819246292114258	electrum.blockstream.info
167328	0.3179609775543213	0.08761882781982422	electrum.blockstream.info
169344	0.31825685501098633	0.08860015869140625	electrum.blockstream.info
171360	0.3180675506591797	0.08773589134216309	electrum.blockstream.info
173376	0.47275424003601074	0.08744049072265625	electrum.blockstream.info
175392	0.47373294830322266	0.08732056617736816	electrum.blockstream.info
177408	0.3184969425201416	0.08799028396606445	electrum.blockstream.info
179424	0.31932687759399414	0.08796930313110352	electrum.blockstream.info
181440	0.3191826343536377	0.08865022659301758	electrum.blockstream.info
183456	0.3186674118041992	0.08846020698547363	electrum.blockstream.info
185472	0.3187863826751709	0.08774709701538086	electrum.blockstream.info
187488	0.3187997341156006	0.08797478675842285	electrum.blockstream.info
189504	0.31829023361206055	0.08750057220458984	electrum.blockstream.info
191520	0.31839466094970703	0.08826732635498047	electrum.blockstream.info
193536	0.31817030906677246	0.08873391151428223	electrum.blockstream.info
195552	0.31871938705444336	0.08739829063415527	electrum.blockstream.info
197568	0.3181641101837158	0.0858449935913086	electrum.blockstream.info
199584	0.3192460536956787	0.08684873580932617	electrum.blockstream.info
201600	0.32007598876953125	0.08732247352600098	electrum.blockstream.info
203616	0.31920409202575684	0.0869910717010498	electrum.blockstream.info
205632	0.3187689781188965	0.08649444580078125	electrum.blockstream.info
207648	0.3193957805633545	0.0869908332824707	electrum.blockstream.info
209664	0.31823110580444336	0.08695697784423828	electrum.blockstream.info
211680	0.3202204704284668	0.08670830726623535	electrum.blockstream.info
213696	0.3181014060974121	0.08769512176513672	electrum.blockstream.info
215712	0.32065343856811523	0.08743643760681152	electrum.blockstream.info
217728	0.3180685043334961	0.08768939971923828	electrum.blockstream.info
219744	0.31833314895629883	0.08772516250610352	electrum.blockstream.info
221760	0.31918835639953613	0.08727908134460449	electrum.blockstream.info
223776	0.3208608627319336	0.08768272399902344	electrum.blockstream.info
225792	0.32201385498046875	0.08723616600036621	electrum.blockstream.info
227808	0.47351813316345215	0.08688759803771973	electrum.blockstream.info
229824	0.47600221633911133	0.08745574951171875	electrum.blockstream.info
231840	0.31886863708496094	0.08725905418395996	electrum.blockstream.info
233856	0.31972408294677734	0.08998346328735352	electrum.blockstream.info
235872	0.3191335201263428	0.08706402778625488	electrum.blockstream.info
237888	0.3188130855560303	0.08736038208007812	electrum.blockstream.info
239904	0.31992650032043457	0.0875401496887207	electrum.blockstream.info
241920	0.318866491317749	0.10208320617675781	electrum.blockstream.info
243936	0.31917452812194824	0.08791708946228027	electrum.blockstream.info
245952	0.31888508796691895	0.08748078346252441	electrum.blockstream.info
247968	0.3201172351837158	0.0881342887878418	electrum.blockstream.info
249984	0.31854939460754395	0.0884401798248291	electrum.blockstream.info
252000	0.31913208961486816	0.08783316612243652	electrum.blockstream.info
254016	0.3191988468170166	0.0888679027557373	electrum.blockstream.info
256032	0.3184959888458252	0.08915066719055176	electrum.blockstream.info
258048	0.319089412689209	0.08778929710388184	electrum.blockstream.info
260064	0.3185920715332031	0.0884706974029541	electrum.blockstream.info
262080	0.3193359375	0.0884087085723877	electrum.blockstream.info
264096	0.3192746639251709	0.08735895156860352	electrum.blockstream.info
266112	0.31975626945495605	0.0883188247680664	electrum.blockstream.info
268128	0.3184239864349365	0.08867287635803223	electrum.blockstream.info
270144	0.3200700283050537	0.08670735359191895	electrum.blockstream.info
272160	0.31890130043029785	0.08773398399353027	electrum.blockstream.info
274176	0.31854724884033203	0.08745145797729492	electrum.blockstream.info
276192	0.31875038146972656	0.0883321762084961	electrum.blockstream.info
278208	0.3190114498138428	0.08895730972290039	electrum.blockstream.info
280224	0.3215630054473877	0.08785796165466309	electrum.blockstream.info
282240	0.31900787353515625	0.0875399112701416	electrum.blockstream.info
284256	0.3186922073364258	0.08785462379455566	electrum.blockstream.info
286272	0.3190124034881592	0.08689546585083008	electrum.blockstream.info
288288	0.3181631565093994	0.08758020401000977	electrum.blockstream.info
290304	0.31949472427368164	0.08469176292419434	electrum.blockstream.info
292320	0.31879544258117676	0.08638143539428711	electrum.blockstream.info
294336	0.3185150623321533	0.0887455940246582	electrum.blockstream.info
296352	0.3189680576324463	0.08992958068847656	electrum.blockstream.info
298368	0.32059216499328613	0.08785629272460938	electrum.blockstream.info
300384	0.32024121284484863	0.08696651458740234	electrum.blockstream.info
302400	0.3200521469116211	0.08607602119445801	electrum.blockstream.info
304416	0.3184030055999756	0.08531737327575684	electrum.blockstream.info
306432	0.47486162185668945	0.08735871315002441	electrum.blockstream.info
308448	0.4731714725494385	0.08475947380065918	electrum.blockstream.info
310464	0.3209514617919922	0.08594918251037598	electrum.blockstream.info
312480	0.3212916851043701	0.08704090118408203	electrum.blockstream.info
314496	0.31802868843078613	0.0851278305053711	electrum.blockstream.info
316512	0.3187525272369385	0.08655428886413574	electrum.blockstream.info
318528	0.3188450336456299	0.08474922180175781	electrum.blockstream.info
320544	0.31884193420410156	0.0870356559753418	electrum.blockstream.info
322560	0.31912803649902344	0.08898425102233887	electrum.blockstream.info
324576	0.31867074966430664	0.08783483505249023	electrum.blockstream.info
326592	0.3192298412322998	0.08653092384338379	electrum.blockstream.info
328608	0.4739258289337158	0.0873563289642334	electrum.blockstream.info
330624	0.4741852283477783	0.08567261695861816	electrum.blockstream.info
332640	0.4735698699951172	0.08973050117492676	electrum.blockstream.info
334656	0.47553253173828125	0.08975863456726074	electrum.blockstream.info
336672	0.47451090812683105	0.08826255798339844	electrum.blockstream.info
338688	0.47435688972473145	0.0875701904296875	electrum.blockstream.info
340704	0.32110023498535156	0.08688521385192871	electrum.blockstream.info
342720	0.31966710090637207	0.08656787872314453	electrum.blockstream.info
344736	0.3189833164215088	0.08617019653320312	electrum.blockstream.info
346752	0.31952619552612305	0.08661675453186035	electrum.blockstream.info
348768	0.3197746276855469	0.08699965476989746	electrum.blockstream.info
350784	0.3194422721862793	0.08601689338684082	electrum.blockstream.info
352800	0.3186781406402588	0.08793044090270996	electrum.blockstream.info
354816	0.31874847412109375	0.0866093635559082	electrum.blockstream.info
356832	0.3207874298095703	0.08667349815368652	electrum.blockstream.info
358848	0.32096314430236816	0.08709120750427246	electrum.blockstream.info
360864	0.3205599784851074	0.08600091934204102	electrum.blockstream.info
362880	0.318009614944458	0.08885812759399414	electrum.blockstream.info
364896	0.31876134872436523	0.08903884887695312	electrum.blockstream.info
366912	0.3188743591308594	0.08666515350341797	electrum.blockstream.info
368928	0.31830596923828125	0.0876471996307373	electrum.blockstream.info
370944	0.31925439834594727	0.08705592155456543	electrum.blockstream.info
372960	0.31972312927246094	0.08634328842163086	electrum.blockstream.info
374976	0.31834840774536133	0.08568739891052246	electrum.blockstream.info
376992	0.31809401512145996	0.08556294441223145	electrum.blockstream.info
379008	0.31870508193969727	0.08610081672668457	electrum.blockstream.info
381024	0.31845974922180176	0.08615660667419434	electrum.blockstream.info
383040	0.3191399574279785	0.08713197708129883	electrum.blockstream.info
385056	0.3198840618133545	0.08813095092773438	electrum.blockstream.info
387072	0.3195796012878418	0.08735895156860352	electrum.blockstream.info
389088	0.3190181255340576	0.08615374565124512	electrum.blockstream.info
391104	0.3191812038421631	0.08733344078063965	electrum.blockstream.info
393120	0.3194417953491211	0.08652019500732422	electrum.blockstream.info
395136	0.3190886974334717	0.08484172821044922	electrum.blockstream.info
397152	0.31894922256469727	0.08500289916992188	electrum.blockstream.info
399168	0.3191063404083252	0.08768558502197266	electrum.blockstream.info
401184	0.3184792995452881	0.08770322799682617	electrum.blockstream.info
403200	0.3188743591308594	0.0863656997680664	electrum.blockstream.info
405216	0.3181114196777344	0.08693647384643555	electrum.blockstream.info
407232	0.3183577060699463	0.08754396438598633	electrum.blockstream.info
409248	0.3181741237640381	0.0877528190612793	electrum.blockstream.info
411264	0.3201603889465332	0.08734607696533203	electrum.blockstream.info
413280	0.4754757881164551	0.08711671829223633	electrum.blockstream.info
415296	0.47535252571105957	0.08656549453735352	electrum.blockstream.info
417312	0.47455906867980957	0.08719730377197266	electrum.blockstream.info
419328	0.31816792488098145	0.0869741439819336	electrum.blockstream.info
421344	0.31823015213012695	0.08638906478881836	electrum.blockstream.info
423360	0.31819915771484375	0.0874795913696289	electrum.blockstream.info
425376	0.31859445571899414	0.0894773006439209	electrum.blockstream.info
427392	0.3184852600097656	0.08971548080444336	electrum.blockstream.info
429408	0.31815052032470703	0.08903241157531738	electrum.blockstream.info
431424	0.3184969425201416	0.08861231803894043	electrum.blockstream.info
433440	0.3186163902282715	0.0893244743347168	electrum.blockstream.info
435456	0.31859874725341797	0.08903717994689941	electrum.blockstream.info
437472	0.3205702304840088	0.08825898170471191	electrum.blockstream.info
439488	0.31812310218811035	0.08676981925964355	electrum.blockstream.info
441504	0.3195769786834717	0.08846426010131836	electrum.blockstream.info
443520	0.31859683990478516	0.08787846565246582	electrum.blockstream.info
445536	0.3184473514556885	0.08736038208007812	electrum.blockstream.info
447552	0.3160839080810547	0.08812832832336426	electrum.blockstream.info
449568	0.3167884349822998	0.08820271492004395	electrum.blockstream.info
451584	0.3178536891937256	0.08863449096679688	electrum.blockstream.info
453600	0.3161611557006836	0.08783364295959473	electrum.blockstream.info
455616	0.3169524669647217	0.08612489700317383	electrum.blockstream.info
457632	0.3164350986480713	0.08847308158874512	electrum.blockstream.info
459648	0.3169882297515869	0.08951306343078613	electrum.blockstream.info
461664	0.3172025680541992	0.0896921157836914	electrum.blockstream.info
463680	0.31655216217041016	0.08786225318908691	electrum.blockstream.info
465696	0.3164327144622803	0.08594036102294922	electrum.blockstream.info
467712	0.3168172836303711	0.08718490600585938	electrum.blockstream.info
469728	0.31894826889038086	0.08721208572387695	electrum.blockstream.info
471744	0.31673598289489746	0.0866851806640625	electrum.blockstream.info
473760	0.3178236484527588	0.08720707893371582	electrum.blockstream.info
475776	0.3167998790740967	0.08817100524902344	electrum.blockstream.info
477792	0.3168952465057373	0.08800911903381348	electrum.blockstream.info
479808	0.31753993034362793	0.08849740028381348	electrum.blockstream.info
481824	0.32534217834472656	0.08900809288024902	electrum.blockstream.info
483840	0.31607794761657715	0.08875846862792969	electrum.blockstream.info
485856	0.31705808639526367	0.09044218063354492	electrum.blockstream.info
487872	0.31912994384765625	0.09107017517089844	electrum.blockstream.info
489888	0.32016682624816895	0.09159493446350098	electrum.blockstream.info
491904	0.4697539806365967	0.0915365219116211	electrum.blockstream.info
493920	0.46964025497436523	0.09005188941955566	electrum.blockstream.info
495936	0.46949052810668945	0.08990883827209473	electrum.blockstream.info
497952	0.3166792392730713	0.09034252166748047	electrum.blockstream.info
499968	0.31693363189697266	0.09063100814819336	electrum.blockstream.info
501984	0.31704092025756836	0.09083819389343262	electrum.blockstream.info
504000	0.3184387683868408	0.08936953544616699	electrum.blockstream.info
506016	0.3179361820220947	0.08930063247680664	electrum.blockstream.info
508032	0.31753110885620117	0.08838319778442383	electrum.blockstream.info
510048	0.31649136543273926	0.08985018730163574	electrum.blockstream.info
512064	0.31955742835998535	0.08906126022338867	electrum.blockstream.info
514080	0.31914806365966797	0.08700704574584961	electrum.blockstream.info
516096	0.3170125484466553	0.0890045166015625	electrum.blockstream.info
518112	0.3169064521789551	0.0892634391784668	electrum.blockstream.info
520128	0.3168830871582031	0.08937287330627441	electrum.blockstream.info
522144	0.31704163551330566	0.09017181396484375	electrum.blockstream.info
524160	0.316678524017334	0.08850336074829102	electrum.blockstream.info
526176	0.31789183616638184	0.08900928497314453	electrum.blockstream.info
528192	0.31629490852355957	0.08840441703796387	electrum.blockstream.info
530208	0.3172414302825928	0.0883946418762207	electrum.blockstream.info
532224	0.31697750091552734	0.08911991119384766	electrum.blockstream.info
534240	0.3166077136993408	0.08874058723449707	electrum.blockstream.info
536256	0.31661081314086914	0.08778524398803711	electrum.blockstream.info
538272	0.31629157066345215	0.08882832527160645	electrum.blockstream.info
540288	0.31679749488830566	0.0887758731842041	electrum.blockstream.info
542304	0.3167839050292969	0.08897972106933594	electrum.blockstream.info
544320	0.31709957122802734	0.0886077880859375	electrum.blockstream.info
546336	0.3163435459136963	0.08852672576904297	electrum.blockstream.info
548352	0.3199899196624756	0.08739495277404785	electrum.blockstream.info
550368	0.4728124141693115	0.08905148506164551	electrum.blockstream.info
552384	0.47186708450317383	0.08949589729309082	electrum.blockstream.info
554400	0.47031426429748535	0.08871626853942871	electrum.blockstream.info
556416	0.31754183769226074	0.08919262886047363	electrum.blockstream.info
558432	0.3166625499725342	0.08840179443359375	electrum.blockstream.info
560448	0.31832361221313477	0.08895230293273926	electrum.blockstream.info
562464	0.31981849670410156	0.08863687515258789	electrum.blockstream.info
564480	0.3195650577545166	0.08953046798706055	electrum.blockstream.info
566496	0.31961560249328613	0.08829665184020996	electrum.blockstream.info
568512	0.31905674934387207	0.08910441398620605	electrum.blockstream.info
570528	0.3161914348602295	0.08903169631958008	electrum.blockstream.info
572544	0.316986083984375	0.08820247650146484	electrum.blockstream.info
574560	0.31804370880126953	0.08867168426513672	electrum.blockstream.info
576576	0.31662774085998535	0.0883951187133789	electrum.blockstream.info
578592	0.3176593780517578	0.0891256332397461	electrum.blockstream.info
580608	0.31696224212646484	0.08856868743896484	electrum.blockstream.info
582624	0.32194018363952637	0.08877015113830566	electrum.blockstream.info
584640	0.3161008358001709	0.09062719345092773	electrum.blockstream.info
586656	0.3165280818939209	0.0878453254699707	electrum.blockstream.info
588672	0.3183417320251465	0.08867907524108887	electrum.blockstream.info
590688	0.31794285774230957	0.08819150924682617	electrum.blockstream.info
592704	0.31846046447753906	0.08820676803588867	electrum.blockstream.info
594720	0.31769728660583496	0.0889596939086914	electrum.blockstream.info
596736	0.31627655029296875	0.08737730979919434	electrum.blockstream.info
598752	0.3163144588470459	0.08798718452453613	electrum.blockstream.info
600768	0.31645965576171875	0.08914947509765625	electrum.blockstream.info
602784	0.316300630569458	0.08907008171081543	electrum.blockstream.info
604800	0.31652045249938965	0.08778095245361328	electrum.blockstream.info
606816	0.3171529769897461	0.08885478973388672	electrum.blockstream.info
608832	0.31592345237731934	0.08765792846679688	electrum.blockstream.info
610848	0.31671738624572754	0.08901119232177734	electrum.blockstream.info
612864	0.31723475456237793	0.08809161186218262	electrum.blockstream.info
614880	0.31618380546569824	0.08882403373718262	electrum.blockstream.info
616896	0.31644678115844727	0.08889460563659668	electrum.blockstream.info
618912	0.3160731792449951	0.08936548233032227	electrum.blockstream.info
620928	0.3167531490325928	0.08896970748901367	electrum.blockstream.info
622944	0.316892147064209	0.08891916275024414	electrum.blockstream.info
624960	0.31627821922302246	0.08915281295776367	electrum.blockstream.info
626976	0.31690096855163574	0.08822011947631836	electrum.blockstream.info
628992	0.3178417682647705	0.08793401718139648	electrum.blockstream.info
631008	0.31796693801879883	0.08931446075439453	electrum.blockstream.info
633024	0.3166837692260742	0.08809089660644531	electrum.blockstream.info
635040	0.31682538986206055	0.08861327171325684	electrum.blockstream.info
637056	0.31943273544311523	0.08852219581604004	electrum.blockstream.info
639072	0.3175971508026123	0.08928608894348145	electrum.blockstream.info
641088	0.3182945251464844	0.08855557441711426	electrum.blockstream.info
643104	0.4704914093017578	0.08809447288513184	electrum.blockstream.info
645120	0.47068071365356445	0.08733654022216797	electrum.blockstream.info
647136	0.3167402744293213	0.08817076683044434	electrum.blockstream.info
649152	0.31711912155151367	0.08820867538452148	electrum.blockstream.info
651168	0.3166036605834961	0.0882411003112793	electrum.blockstream.info
653184	0.31789207458496094	0.08793091773986816	electrum.blockstream.info
655200	0.31801748275756836	0.08843731880187988	electrum.blockstream.info
657216	0.3138308525085449	0.05632519721984863	electrum.blockstream.info
