1	0.9299898147583008	0.08658361434936523	technetium.network
2016	0.31684207916259766	0.08584713935852051	technetium.network
4032	0.31598377227783203	0.08754849433898926	technetium.network
6048	0.31490278244018555	0.08768486976623535	technetium.network
8064	0.3163013458251953	0.0867927074432373	technetium.network
10080	0.46831703186035156	0.08648490905761719	technetium.network
12096	0.3162376880645752	0.08680868148803711	technetium.network
14112	0.31604599952697754	0.08637809753417969	technetium.network
16128	0.31502652168273926	0.08630633354187012	technetium.network
18144	0.31523585319519043	0.08730792999267578	technetium.network
20160	0.3150761127471924	0.08689570426940918	technetium.network
22176	0.3149592876434326	0.08727216720581055	technetium.network
24192	0.31526851654052734	0.08524942398071289	technetium.network
26208	0.3171098232269287	0.08588099479675293	technetium.network
28224	0.32139086723327637	0.08546018600463867	technetium.network
30240	0.31487369537353516	0.08658361434936523	technetium.network
32256	0.31650590896606445	0.08677911758422852	technetium.network
34272	0.4700758457183838	0.17265534400939941	technetium.network
36288	0.4676649570465088	0.08682894706726074	technetium.network
38304	0.31693291664123535	0.08687162399291992	technetium.network
40320	0.31708478927612305	0.08635425567626953	technetium.network
42336	0.3160984516143799	0.08573412895202637	technetium.network
44352	0.31643080711364746	0.08600068092346191	technetium.network
46368	0.31650447845458984	0.08640837669372559	technetium.network
48384	0.31626343727111816	0.08777236938476562	technetium.network
50400	0.315824031829834	0.08732175827026367	technetium.network
52416	0.3162193298339844	0.08590555191040039	technetium.network
54432	0.31630635261535645	0.08536005020141602	technetium.network
56448	0.3160116672515869	0.08581852912902832	technetium.network
58464	0.31531858444213867	0.08575153350830078	technetium.network
60480	0.31527066230773926	0.08570361137390137	technetium.network
62496	0.3148646354675293	0.0867774486541748	technetium.network
64512	0.31539201736450195	0.08674097061157227	technetium.network
66528	0.31532979011535645	0.08639097213745117	technetium.network
68544	0.31519603729248047	0.08581161499023438	technetium.network
70560	0.31540679931640625	0.08610296249389648	technetium.network
72576	0.31484055519104004	0.08742284774780273	technetium.network
74592	0.31606149673461914	0.08712291717529297	technetium.network
76608	0.31564784049987793	0.08619809150695801	technetium.network
78624	0.31676459312438965	0.08725929260253906	technetium.network
80640	0.31538963317871094	0.0868377685546875	technetium.network
82656	0.31491518020629883	0.0873415470123291	technetium.network
84672	0.3148472309112549	0.08641600608825684	technetium.network
86688	0.31633830070495605	0.08688640594482422	technetium.network
88704	0.31584692001342773	0.08683180809020996	technetium.network
90720	0.31670308113098145	0.08731842041015625	technetium.network
92736	0.315716028213501	0.08613896369934082	technetium.network
94752	0.3160543441772461	0.0856177806854248	technetium.network
96768	0.3153717517852783	0.0861666202545166	technetium.network
98784	0.3153190612792969	0.08724093437194824	technetium.network
100800	0.3152611255645752	0.08615517616271973	technetium.network
102816	0.31549572944641113	0.08637332916259766	technetium.network
104832	0.3149900436401367	0.08659672737121582	technetium.network
106848	0.31621360778808594	0.08738350868225098	technetium.network
108864	0.4695131778717041	0.08737421035766602	technetium.network
110880	0.46780824661254883	0.08584809303283691	technetium.network
112896	0.4678347110748291	0.08692479133605957	technetium.network
114912	0.3151571750640869	0.08762311935424805	technetium.network
116928	0.31509852409362793	0.08808088302612305	technetium.network
118944	0.31537795066833496	0.08727478981018066	technetium.network
120960	0.3150968551635742	0.0877528190612793	technetium.network
122976	0.31676745414733887	0.08741354942321777	technetium.network
124992	0.3153953552246094	0.08645200729370117	technetium.network
127008	0.31502842903137207	0.08700227737426758	technetium.network
129024	0.3156318664550781	0.0866096019744873	technetium.network
131040	0.31708860397338867	0.09010028839111328	technetium.network
133056	0.3187272548675537	0.08711552619934082	technetium.network
135072	0.3189551830291748	0.0870509147644043	technetium.network
137088	0.31628894805908203	0.08731985092163086	technetium.network
139104	0.31552958488464355	0.08698463439941406	technetium.network
141120	0.3148469924926758	0.08743095397949219	technetium.network
143136	0.31490468978881836	0.0884544849395752	technetium.network
145152	0.31508803367614746	0.08868527412414551	technetium.network
147168	0.31583666801452637	0.08820056915283203	technetium.network
149184	0.3152642250061035	0.08774876594543457	technetium.network
151200	0.31574583053588867	0.08648991584777832	technetium.network
153216	0.3155221939086914	0.09488821029663086	technetium.network
155232	0.3155195713043213	0.08700942993164062	technetium.network
157248	0.3155686855316162	0.0872490406036377	technetium.network
159264	0.3157069683074951	0.08688163757324219	technetium.network
161280	0.3174121379852295	0.08620023727416992	technetium.network
163296	0.3180832862854004	0.0867452621459961	technetium.network
165312	0.31470441818237305	0.08598613739013672	technetium.network
167328	0.31514811515808105	0.08641386032104492	technetium.network
169344	0.31725525856018066	0.08643722534179688	technetium.network
171360	0.315366268157959	0.08651018142700195	technetium.network
173376	0.3169887065887451	0.08713459968566895	technetium.network
175392	0.31461286544799805	0.0867776870727539	technetium.network
177408	0.3157966136932373	0.08609533309936523	technetium.network
179424	0.316403865814209	0.08637833595275879	technetium.network
181440	0.31763291358947754	0.08734893798828125	technetium.network
183456	0.31627392768859863	0.08627676963806152	technetium.network
185472	0.316176176071167	0.08671808242797852	technetium.network
187488	0.31534576416015625	0.08682894706726074	technetium.network
189504	0.31844615936279297	0.08750486373901367	technetium.network
191520	0.3170902729034424	0.08754205703735352	technetium.network
193536	0.3150136470794678	0.08670568466186523	technetium.network
195552	0.31626272201538086	0.0871586799621582	technetium.network
197568	0.3152637481689453	0.08778071403503418	technetium.network
199584	0.3155672550201416	0.08679056167602539	technetium.network
201600	0.3161799907684326	0.08821535110473633	technetium.network
203616	0.3153977394104004	0.08729004859924316	technetium.network
205632	0.31601381301879883	0.08712339401245117	technetium.network
207648	0.469951868057251	0.08679914474487305	technetium.network
209664	0.4707298278808594	0.08590579032897949	technetium.network
211680	0.3158385753631592	0.08652257919311523	technetium.network
213696	0.3152153491973877	0.0864715576171875	technetium.network
215712	0.31516599655151367	0.0872049331665039	technetium.network
217728	0.3149244785308838	0.08670854568481445	technetium.network
219744	0.3147697448730469	0.08636140823364258	technetium.network
221760	0.315082311630249	0.0867776870727539	technetium.network
223776	0.3150336742401123	0.08705592155456543	technetium.network
225792	0.31480860710144043	0.09252810478210449	technetium.network
227808	0.31493377685546875	0.08771538734436035	technetium.network
229824	0.3148791790008545	0.08627963066101074	technetium.network
231840	0.3149852752685547	0.08691644668579102	technetium.network
233856	0.3145418167114258	0.08624696731567383	technetium.network
235872	0.31500673294067383	0.08575677871704102	technetium.network
237888	0.31539273262023926	0.0859532356262207	technetium.network
239904	0.31501030921936035	0.08556461334228516	technetium.network
241920	0.3154745101928711	0.08648228645324707	technetium.network
243936	0.3147866725921631	0.08609557151794434	technetium.network
245952	0.31526780128479004	0.0873713493347168	technetium.network
247968	0.31473374366760254	0.08626723289489746	technetium.network
249984	0.31503939628601074	0.08651137351989746	technetium.network
252000	0.3151533603668213	0.08666706085205078	technetium.network
254016	0.31543922424316406	0.08532142639160156	technetium.network
256032	0.315061092376709	0.08570027351379395	technetium.network
258048	0.3147776126861572	0.08419370651245117	technetium.network
260064	0.4682939052581787	0.08493852615356445	technetium.network
262080	0.46756863594055176	0.08503413200378418	technetium.network
264096	0.3160829544067383	0.08580446243286133	technetium.network
266112	0.3173058032989502	0.08467340469360352	technetium.network
268128	0.3157343864440918	0.08481264114379883	technetium.network
270144	0.3158729076385498	0.08411216735839844	technetium.network
272160	0.3156745433807373	0.08405876159667969	technetium.network
274176	0.3150770664215088	0.08606719970703125	technetium.network
276192	0.31510138511657715	0.08542895317077637	technetium.network
278208	0.31476712226867676	0.08446550369262695	technetium.network
280224	0.31759071350097656	0.08531689643859863	technetium.network
282240	0.315232515335083	0.08696699142456055	technetium.network
284256	0.31521153450012207	0.08640789985656738	technetium.network
286272	0.3146946430206299	0.08499932289123535	technetium.network
288288	0.3152182102203369	0.08655428886413574	technetium.network
290304	0.3143918514251709	0.08836126327514648	technetium.network
292320	0.3150441646575928	0.08724093437194824	technetium.network
294336	0.31502246856689453	0.0874335765838623	technetium.network
296352	0.3146226406097412	0.08875775337219238	technetium.network
298368	0.31490349769592285	0.08889174461364746	technetium.network
300384	0.3148159980773926	0.08637857437133789	technetium.network
302400	0.31502509117126465	0.08637452125549316	technetium.network
304416	0.31525611877441406	0.08773183822631836	technetium.network
306432	0.31490516662597656	0.08826351165771484	technetium.network
308448	0.3149721622467041	0.08775758743286133	technetium.network
310464	0.3148376941680908	0.08616399765014648	technetium.network
312480	0.31484508514404297	0.08638143539428711	technetium.network
314496	0.31589579582214355	0.08751797676086426	technetium.network
316512	0.31524133682250977	0.08629083633422852	technetium.network
318528	0.31465649604797363	0.08656835556030273	technetium.network
320544	0.3147759437561035	0.08714962005615234	technetium.network
322560	0.3147103786468506	0.0871281623840332	technetium.network
324576	0.31479597091674805	0.08829808235168457	technetium.network
326592	0.4682328701019287	0.08951163291931152	technetium.network
328608	0.4677755832672119	0.08924508094787598	technetium.network
330624	0.31760072708129883	0.08866572380065918	technetium.network
332640	0.3154106140136719	0.08937335014343262	technetium.network
334656	0.31487083435058594	0.08912038803100586	technetium.network
336672	0.31540703773498535	0.09283185005187988	technetium.network
338688	0.3153672218322754	0.08915019035339355	technetium.network
340704	0.3150613307952881	0.0888664722442627	technetium.network
342720	0.31486940383911133	0.0892174243927002	technetium.network
344736	0.3156564235687256	0.0872642993927002	technetium.network
346752	0.365833044052124	0.08854269981384277	technetium.network
348768	0.4689617156982422	0.08834624290466309	technetium.network
350784	0.46799278259277344	0.0883638858795166	technetium.network
352800	0.46758079528808594	0.0887138843536377	technetium.network
354816	0.315903902053833	0.08780074119567871	technetium.network
356832	0.3158586025238037	0.08878588676452637	technetium.network
358848	0.315183162689209	0.0885016918182373	technetium.network
360864	0.3168153762817383	0.0885775089263916	technetium.network
362880	0.315502405166626	0.08636021614074707	technetium.network
364896	0.3153512477874756	0.08594799041748047	technetium.network
366912	0.3157474994659424	0.08719778060913086	technetium.network
368928	0.31599903106689453	0.0868539810180664	technetium.network
370944	0.3158698081970215	0.08721232414245605	technetium.network
372960	0.3166508674621582	0.08863091468811035	technetium.network
374976	0.3150973320007324	0.0877695083618164	technetium.network
376992	0.3150906562805176	0.08864116668701172	technetium.network
379008	0.31554579734802246	0.08904695510864258	technetium.network
381024	0.315396785736084	0.0876779556274414	technetium.network
383040	0.31595659255981445	0.08826279640197754	technetium.network
385056	0.31609010696411133	0.08804869651794434	technetium.network
387072	0.31510305404663086	0.08893179893493652	technetium.network
389088	0.31539082527160645	0.08834481239318848	technetium.network
391104	0.3153996467590332	0.0883018970489502	technetium.network
393120	0.3151235580444336	0.08850479125976562	technetium.network
395136	0.3177046775817871	0.08921670913696289	technetium.network
397152	0.31765317916870117	0.08786463737487793	technetium.network
399168	0.3174173831939697	0.0886530876159668	technetium.network
401184	0.3148994445800781	0.08880043029785156	technetium.network
403200	0.31528306007385254	0.0882565975189209	technetium.network
405216	0.3154914379119873	0.08823585510253906	technetium.network
407232	0.314802885055542	0.08788180351257324	technetium.network
409248	0.31575775146484375	0.08679962158203125	technetium.network
411264	0.3157494068145752	0.08883118629455566	technetium.network
413280	0.31632542610168457	0.08749818801879883	technetium.network
415296	0.31577277183532715	0.08673763275146484	technetium.network
417312	0.3152637481689453	0.08562469482421875	technetium.network
419328	0.3164525032043457	0.08661389350891113	technetium.network
421344	0.3154277801513672	0.08776569366455078	technetium.network
423360	0.3157804012298584	0.08790326118469238	technetium.network
425376	0.3156912326812744	0.08920502662658691	technetium.network
427392	0.3148510456085205	0.08666110038757324	technetium.network
429408	0.31655430793762207	0.08664250373840332	technetium.network
431424	0.31527256965637207	0.0894472599029541	technetium.network
433440	0.31585192680358887	0.08625364303588867	technetium.network
435456	0.3157923221588135	0.08637666702270508	technetium.network
437472	0.3152451515197754	0.08637738227844238	technetium.network
439488	0.3148660659790039	0.08804059028625488	technetium.network
441504	0.46875596046447754	0.08748221397399902	technetium.network
443520	0.4679422378540039	0.08883118629455566	technetium.network
445536	0.31494712829589844	0.08859062194824219	technetium.network
447552	0.31723570823669434	0.08858680725097656	technetium.network
449568	0.3150620460510254	0.08708620071411133	technetium.network
451584	0.31577563285827637	0.12333345413208008	technetium.network
453600	0.3150136470794678	0.1241445541381836	technetium.network
455616	0.3155534267425537	0.12202215194702148	technetium.network
457632	0.3149142265319824	0.12217020988464355	technetium.network
459648	0.31487393379211426	0.12242507934570312	technetium.network
461664	0.3147125244140625	0.12357759475708008	technetium.network
463680	0.3146536350250244	0.12355446815490723	technetium.network
465696	0.31537294387817383	0.12251019477844238	technetium.network
467712	0.31567907333374023	0.12160634994506836	technetium.network
469728	0.3162660598754883	0.1214287281036377	technetium.network
471744	0.3153114318847656	0.12458133697509766	technetium.network
473760	0.31542420387268066	0.0887610912322998	technetium.network
475776	0.31470203399658203	0.08854508399963379	technetium.network
477792	0.3151278495788574	0.08803510665893555	technetium.network
479808	0.3156771659851074	0.08882784843444824	technetium.network
481824	0.3157846927642822	0.08775711059570312	technetium.network
483840	0.3157331943511963	0.08750367164611816	technetium.network
485856	0.3163740634918213	0.08932232856750488	technetium.network
487872	0.31565380096435547	0.08939194679260254	technetium.network
489888	0.31719398498535156	0.0897517204284668	technetium.network
491904	0.3161041736602783	0.0894773006439209	technetium.network
493920	0.3157331943511963	0.08994507789611816	technetium.network
495936	0.3166470527648926	0.08965015411376953	technetium.network
497952	0.4695143699645996	0.0889439582824707	technetium.network
499968	0.46817755699157715	0.09051132202148438	technetium.network
501984	0.31650304794311523	0.08988142013549805	technetium.network
504000	0.3166201114654541	0.08935213088989258	technetium.network
506016	0.31669187545776367	0.0892019271850586	technetium.network
508032	0.31613993644714355	0.08881163597106934	technetium.network
510048	0.31673431396484375	0.0898892879486084	technetium.network
512064	0.3157491683959961	0.08994865417480469	technetium.network
514080	0.3160970211029053	0.08891892433166504	technetium.network
516096	0.32199978828430176	0.08866047859191895	technetium.network
518112	0.31550073623657227	0.08894491195678711	technetium.network
520128	0.3166511058807373	0.08783507347106934	technetium.network
522144	0.31681394577026367	0.08845877647399902	technetium.network
524160	0.31667327880859375	0.08870220184326172	technetium.network
526176	0.3165106773376465	0.08803701400756836	technetium.network
528192	0.3162882328033447	0.08845138549804688	technetium.network
530208	0.31635046005249023	0.0885004997253418	technetium.network
532224	0.31656360626220703	0.08788824081420898	technetium.network
534240	0.3153059482574463	0.08823871612548828	technetium.network
536256	0.3157684803009033	0.08913278579711914	technetium.network
538272	0.3149759769439697	0.08893203735351562	technetium.network
540288	0.46872901916503906	0.08941841125488281	technetium.network
542304	0.4688069820404053	0.0889430046081543	technetium.network
544320	0.3166356086730957	0.08937811851501465	technetium.network
546336	0.32267189025878906	0.08951187133789062	technetium.network
548352	0.31645894050598145	0.08897590637207031	technetium.network
550368	0.3160877227783203	0.08964371681213379	technetium.network
552384	0.31600093841552734	0.08914041519165039	technetium.network
554400	0.316303014755249	0.08922910690307617	technetium.network
556416	0.3156719207763672	0.08864903450012207	technetium.network
558432	0.31571245193481445	0.08744311332702637	technetium.network
560448	0.31743955612182617	0.08900856971740723	technetium.network
562464	0.3166656494140625	0.08901453018188477	technetium.network
564480	0.3162267208099365	0.08861017227172852	technetium.network
566496	0.31480956077575684	0.08790278434753418	technetium.network
568512	0.3157200813293457	0.08948278427124023	technetium.network
570528	0.31705594062805176	0.08827781677246094	technetium.network
572544	0.3169116973876953	0.08776497840881348	technetium.network
574560	0.31737232208251953	0.08894801139831543	technetium.network
576576	0.31718945503234863	0.08795475959777832	technetium.network
578592	0.3183917999267578	0.08817481994628906	technetium.network
580608	0.3186914920806885	0.08825135231018066	technetium.network
582624	0.3182957172393799	0.09087562561035156	technetium.network
584640	0.3149573802947998	0.08965325355529785	technetium.network
586656	0.3146626949310303	0.08939671516418457	technetium.network
588672	0.3144845962524414	0.08910131454467773	technetium.network
590688	0.3160250186920166	0.08927083015441895	technetium.network
592704	0.31531405448913574	0.08713746070861816	technetium.network
594720	0.31569409370422363	0.08865928649902344	technetium.network
596736	0.3162221908569336	0.0878899097442627	technetium.network
598752	0.31688714027404785	0.08824896812438965	technetium.network
600768	0.3170478343963623	0.08832740783691406	technetium.network
602784	0.3151998519897461	0.08943557739257812	technetium.network
604800	0.31590962409973145	0.08751249313354492	technetium.network
606816	0.47037386894226074	0.08752822875976562	technetium.network
608832	0.468494176864624	0.08806133270263672	technetium.network
610848	0.31645727157592773	0.08759450912475586	technetium.network
612864	0.31831979751586914	0.08802914619445801	technetium.network
614880	0.32208943367004395	0.08792972564697266	electrum.blockstream.info
616896	0.3169844150543213	0.0878145694732666	electrum.blockstream.info
618912	0.3180274963378906	0.08705425262451172	electrum.blockstream.info
620928	0.31738805770874023	0.08783936500549316	electrum.blockstream.info
622944	0.31767940521240234	0.08839678764343262	electrum.blockstream.info
624960	0.3177804946899414	0.08843135833740234	electrum.blockstream.info
626976	0.3188292980194092	0.08881354331970215	electrum.blockstream.info
628992	0.3182094097137451	0.08796024322509766	electrum.blockstream.info
631008	0.3189659118652344	0.08966898918151855	electrum.blockstream.info
633024	0.3173089027404785	0.08834075927734375	electrum.blockstream.info
635040	0.3165316581726074	0.0894782543182373	electrum.blockstream.info
637056	0.3189220428466797	0.08866643905639648	electrum.blockstream.info
639072	0.3175652027130127	0.08840250968933105	electrum.blockstream.info
641088	0.31748032569885254	0.0891110897064209	electrum.blockstream.info
643104	0.3177835941314697	0.08917403221130371	electrum.blockstream.info
645120	0.3183586597442627	0.08861541748046875	electrum.blockstream.info
647136	0.4723658561706543	0.09126663208007812	electrum.blockstream.info
649152	0.4713561534881592	0.08934140205383301	electrum.blockstream.info
651168	0.31746959686279297	0.08869004249572754	electrum.blockstream.info
653184	0.3169260025024414	0.08892297744750977	electrum.blockstream.info
655200	0.3183763027191162	0.08944034576416016	electrum.blockstream.info
657216	0.31525230407714844	0.05685615539550781	electrum.blockstream.info
