1	2.339315891265869	0.08726763725280762	electrum.hodlister.co
2016	1.32486891746521	0.08632516860961914	electrum.hodlister.co
4032	0.3760488033294678	0.08601951599121094	electrum.hodlister.co
6048	0.35178709030151367	0.08632969856262207	electrum.hodlister.co
8064	0.3428359031677246	0.08615589141845703	electrum.hodlister.co
10080	0.3441760540008545	0.08611369132995605	electrum.hodlister.co
12096	0.34387826919555664	0.0869758129119873	electrum.hodlister.co
14112	0.3673081398010254	0.17312335968017578	electrum.hodlister.co
16128	0.36136388778686523	0.14220070838928223	electrum.hodlister.co
18144	0.3431415557861328	0.0876312255859375	electrum.hodlister.co
20160	0.3549680709838867	0.08766698837280273	electrum.hodlister.co
22176	0.3469717502593994	0.08645963668823242	electrum.hodlister.co
24192	0.3502311706542969	0.0875086784362793	electrum.hodlister.co
26208	0.3417472839355469	0.08707642555236816	electrum.hodlister.co
28224	0.34992432594299316	0.08677196502685547	electrum.hodlister.co
30240	0.3605799674987793	0.08812093734741211	electrum.hodlister.co
32256	0.34456849098205566	0.08780312538146973	electrum.hodlister.co
34272	0.36829471588134766	0.08628487586975098	electrum.hodlister.co
36288	0.35346269607543945	0.08755946159362793	electrum.hodlister.co
38304	0.3586239814758301	0.08738851547241211	electrum.hodlister.co
40321	1.3680939674377441	0.08653998374938965	ecdsa.net
42336	0.5349729061126709	0.0869593620300293	ecdsa.net
44352	0.4548299312591553	0.0872347354888916	ecdsa.net
46368	0.35179734230041504	0.08904194831848145	ecdsa.net
48384	0.35006213188171387	0.08616161346435547	ecdsa.net
50400	0.351917028427124	0.08598971366882324	ecdsa.net
52416	0.35912442207336426	0.08607244491577148	ecdsa.net
54432	0.3527238368988037	0.0858163833618164	ecdsa.net
56448	0.3503150939941406	0.0862281322479248	ecdsa.net
58464	0.34698963165283203	0.08698892593383789	ecdsa.net
60480	0.5544371604919434	0.0852346420288086	ecdsa.net
62496	0.34839344024658203	0.08536076545715332	ecdsa.net
64512	0.34955859184265137	0.08664464950561523	ecdsa.net
66528	0.35115528106689453	0.08642172813415527	ecdsa.net
68544	0.34774327278137207	0.08620715141296387	ecdsa.net
70560	0.35051751136779785	0.08749032020568848	ecdsa.net
72576	0.34894776344299316	0.0897057056427002	ecdsa.net
74592	0.37325143814086914	0.08730149269104004	ecdsa.net
76608	0.34711170196533203	0.0867013931274414	ecdsa.net
78624	0.3507997989654541	0.0866706371307373	ecdsa.net
80640	0.34795355796813965	0.09225654602050781	ecdsa.net
82656	0.3475651741027832	0.08642268180847168	ecdsa.net
84672	0.3468821048736572	0.08723020553588867	ecdsa.net
86688	0.34744906425476074	0.0861051082611084	ecdsa.net
88704	0.34764957427978516	0.0866861343383789	ecdsa.net
90720	0.3503711223602295	0.08676791191101074	ecdsa.net
92736	0.3508644104003906	0.08720827102661133	ecdsa.net
94752	0.3504018783569336	0.08697962760925293	ecdsa.net
96768	0.34819912910461426	0.08749246597290039	ecdsa.net
98784	0.35042572021484375	0.0889589786529541	ecdsa.net
100800	0.35302114486694336	0.08819890022277832	ecdsa.net
102816	0.35007572174072266	0.08630251884460449	ecdsa.net
104832	0.35483264923095703	0.08871984481811523	ecdsa.net
106848	0.3520848751068115	0.08690667152404785	ecdsa.net
108864	0.35259580612182617	0.08737373352050781	ecdsa.net
110880	0.33342576026916504	0.0880885124206543	ecdsa.net
112897	1.6176156997680664	0.0893104076385498	bitcoin.aranguren.org
114912	1.1840267181396484	0.08841133117675781	bitcoin.aranguren.org
116928	1.463346004486084	0.08951759338378906	bitcoin.aranguren.org
118944	1.5022990703582764	0.08887910842895508	bitcoin.aranguren.org
120960	1.5284423828125	0.08940315246582031	bitcoin.aranguren.org
122976	1.5609664916992188	0.08753395080566406	bitcoin.aranguren.org
124992	1.5875329971313477	0.08698272705078125	bitcoin.aranguren.org
127008	1.6105005741119385	0.08695578575134277	bitcoin.aranguren.org
129024	1.641496181488037	0.08777499198913574	bitcoin.aranguren.org
131040	1.6683473587036133	0.08661031723022461	bitcoin.aranguren.org
133056	1.915992259979248	0.08681917190551758	bitcoin.aranguren.org
135072	1.734083890914917	0.08699750900268555	bitcoin.aranguren.org
137088	1.7572672367095947	0.08696460723876953	bitcoin.aranguren.org
139104	1.7785472869873047	0.08716583251953125	bitcoin.aranguren.org
141120	1.8123056888580322	0.08652162551879883	bitcoin.aranguren.org
143136	1.8527212142944336	0.0871269702911377	bitcoin.aranguren.org
145152	1.8897104263305664	0.08906984329223633	bitcoin.aranguren.org
147168	1.8990445137023926	0.08712363243103027	bitcoin.aranguren.org
149184	1.9523200988769531	0.08860492706298828	bitcoin.aranguren.org
151200	2.2357993125915527	0.08904218673706055	bitcoin.aranguren.org
153216	2.2460639476776123	0.0881037712097168	bitcoin.aranguren.org
155232	2.288506507873535	0.08717012405395508	bitcoin.aranguren.org
157248	2.3023788928985596	0.08768343925476074	bitcoin.aranguren.org
159264	2.3311307430267334	0.09032011032104492	bitcoin.aranguren.org
161280	2.3571269512176514	0.08896636962890625	bitcoin.aranguren.org
163296	2.3867604732513428	0.08956408500671387	bitcoin.aranguren.org
165312	2.4151673316955566	0.08803439140319824	bitcoin.aranguren.org
167328	2.4536538124084473	0.0892953872680664	bitcoin.aranguren.org
169344	2.474513530731201	0.08786869049072266	bitcoin.aranguren.org
171360	2.501011371612549	0.08734941482543945	bitcoin.aranguren.org
173376	2.5301101207733154	0.08684825897216797	bitcoin.aranguren.org
175392	2.5596001148223877	0.08757925033569336	bitcoin.aranguren.org
177408	2.6008081436157227	0.08727312088012695	bitcoin.aranguren.org
179424	2.6389975547790527	0.08721542358398438	bitcoin.aranguren.org
181440	2.9151499271392822	0.08742117881774902	bitcoin.aranguren.org
183456	2.9399266242980957	0.08708357810974121	bitcoin.aranguren.org
185472	2.9711287021636963	0.08702230453491211	bitcoin.aranguren.org
187488	2.997494697570801	0.08875918388366699	bitcoin.aranguren.org
189504	3.026151418685913	0.08834123611450195	bitcoin.aranguren.org
191520	3.1823678016662598	0.08729100227355957	bitcoin.aranguren.org
193536	3.09259295463562	0.08814740180969238	bitcoin.aranguren.org
195552	3.113152265548706	0.08893465995788574	bitcoin.aranguren.org
197568	3.1400439739227295	0.08996820449829102	bitcoin.aranguren.org
199584	3.1738314628601074	0.08936834335327148	bitcoin.aranguren.org
201600	3.198185682296753	0.09015059471130371	bitcoin.aranguren.org
203616	3.226555585861206	0.0880281925201416	bitcoin.aranguren.org
205632	3.256834030151367	0.08857941627502441	bitcoin.aranguren.org
207648	3.2827863693237305	0.08835673332214355	bitcoin.aranguren.org
209664	3.336883068084717	0.08762097358703613	bitcoin.aranguren.org
211680	3.3527112007141113	0.08675980567932129	bitcoin.aranguren.org
213696	3.3811705112457275	0.0882101058959961	bitcoin.aranguren.org
215712	3.412071704864502	0.1264817714691162	bitcoin.aranguren.org
217728	3.4646074771881104	0.1254274845123291	bitcoin.aranguren.org
219744	3.500830888748169	0.12438416481018066	bitcoin.aranguren.org
221760	3.4862165451049805	0.1242837905883789	bitcoin.aranguren.org
223776	3.566441774368286	0.12652587890625	bitcoin.aranguren.org
225792	3.543755531311035	0.12723970413208008	bitcoin.aranguren.org
227808	3.5743350982666016	0.12673521041870117	bitcoin.aranguren.org
229824	3.6213715076446533	0.12676501274108887	bitcoin.aranguren.org
231840	11.324776887893677	0.1275310516357422	bitcoin.aranguren.org
233856	3.6582484245300293	0.12714767456054688	bitcoin.aranguren.org
235872	3.686650514602661	0.12609434127807617	bitcoin.aranguren.org
237888	3.7141568660736084	0.1286778450012207	bitcoin.aranguren.org
239904	3.7580490112304688	0.12811994552612305	bitcoin.aranguren.org
241920	3.7708213329315186	0.1272740364074707	bitcoin.aranguren.org
243936	3.797833204269409	0.1258547306060791	bitcoin.aranguren.org
245952	3.8726749420166016	0.126953125	bitcoin.aranguren.org
247969	2.0109519958496094	0.09003615379333496	bitcoin.aranguren.org
249984	0.7248156070709229	0.08701515197753906	bitcoin.aranguren.org
252000	0.679760217666626	0.08815288543701172	bitcoin.aranguren.org
254016	0.36630773544311523	0.0875098705291748	bitcoin.aranguren.org
256032	0.6667721271514893	0.08793020248413086	bitcoin.aranguren.org
258048	0.6765785217285156	0.08725523948669434	bitcoin.aranguren.org
260064	0.3870360851287842	0.08709001541137695	bitcoin.aranguren.org
262080	0.7118370532989502	0.08722281455993652	bitcoin.aranguren.org
264096	0.3382587432861328	0.08945393562316895	bitcoin.aranguren.org
266112	0.6710999011993408	0.08806324005126953	bitcoin.aranguren.org
268128	0.3658740520477295	0.08886384963989258	bitcoin.aranguren.org
270144	0.6705734729766846	0.08790946006774902	bitcoin.aranguren.org
272160	0.6895191669464111	0.08814501762390137	bitcoin.aranguren.org
274176	0.6959183216094971	0.08852100372314453	bitcoin.aranguren.org
276192	0.3448972702026367	0.08738303184509277	bitcoin.aranguren.org
278208	0.7116062641143799	0.08842182159423828	bitcoin.aranguren.org
280224	0.4356057643890381	0.08811783790588379	bitcoin.aranguren.org
282240	0.7244687080383301	0.08728146553039551	bitcoin.aranguren.org
284256	0.4248480796813965	0.08919835090637207	bitcoin.aranguren.org
286272	0.715522050857544	0.0883169174194336	bitcoin.aranguren.org
288288	0.6945247650146484	0.08932328224182129	bitcoin.aranguren.org
290304	0.7039141654968262	0.08840632438659668	bitcoin.aranguren.org
292320	0.7101683616638184	0.08857440948486328	bitcoin.aranguren.org
294336	0.37271642684936523	0.08964848518371582	bitcoin.aranguren.org
296352	0.7272651195526123	0.08944559097290039	bitcoin.aranguren.org
298368	0.4387688636779785	0.09033608436584473	bitcoin.aranguren.org
300384	0.4308922290802002	0.08979368209838867	bitcoin.aranguren.org
302400	0.40568113327026367	0.08934235572814941	bitcoin.aranguren.org
304416	0.445406436920166	0.08891177177429199	bitcoin.aranguren.org
306433	2.0972414016723633	0.08932948112487793	167.172.226.175
308448	2.7966954708099365	0.08790707588195801	167.172.226.175
310464	2.8197200298309326	0.0887308120727539	167.172.226.175
312480	3.3342878818511963	0.08703064918518066	167.172.226.175
314496	2.8768820762634277	0.08837342262268066	167.172.226.175
316512	2.9028637409210205	0.08733725547790527	167.172.226.175
318528	2.934425115585327	0.09049272537231445	167.172.226.175
320544	2.9645285606384277	0.08999919891357422	167.172.226.175
322560	2.9582982063293457	0.09181618690490723	167.172.226.175
324576	3.02170991897583	0.08960390090942383	167.172.226.175
326592	3.0471765995025635	0.08885955810546875	167.172.226.175
328608	3.0722644329071045	0.08844280242919922	167.172.226.175
330624	3.1080734729766846	0.09067749977111816	167.172.226.175
332640	3.1338791847229004	0.08927345275878906	167.172.226.175
334656	3.1639792919158936	0.08976483345031738	167.172.226.175
336672	3.0111494064331055	0.09079289436340332	167.172.226.175
338688	3.0148255825042725	0.08871889114379883	167.172.226.175
340704	3.5343453884124756	0.08870959281921387	167.172.226.175
342720	3.0747222900390625	0.08833003044128418	167.172.226.175
