1	0.6215481758117676	0.08639907836914062	electrum.blockstream.info
2016	0.3143043518066406	0.08655714988708496	electrum.blockstream.info
4032	0.3140134811401367	0.0856940746307373	electrum.blockstream.info
6048	0.3164401054382324	0.08667802810668945	electrum.blockstream.info
8064	0.3140265941619873	0.08622980117797852	electrum.blockstream.info
10080	0.31368589401245117	0.09308195114135742	electrum.blockstream.info
12096	0.4677746295928955	0.08673381805419922	electrum.blockstream.info
14112	0.3146030902862549	0.08669710159301758	electrum.blockstream.info
16128	0.31493449211120605	0.08632445335388184	electrum.blockstream.info
18144	0.31445813179016113	0.08544731140136719	electrum.blockstream.info
20160	0.3147120475769043	0.08586645126342773	electrum.blockstream.info
22176	0.3145768642425537	0.08531618118286133	electrum.blockstream.info
24192	0.3141169548034668	0.08652901649475098	electrum.blockstream.info
26208	0.4687516689300537	0.08667731285095215	electrum.blockstream.info
28224	0.31484532356262207	0.08568882942199707	electrum.blockstream.info
30240	0.31639766693115234	0.08700084686279297	electrum.blockstream.info
32256	0.3159830570220947	0.0872807502746582	electrum.blockstream.info
34272	0.3153684139251709	0.08789753913879395	electrum.blockstream.info
36288	0.3167753219604492	0.08709335327148438	electrum.blockstream.info
38304	0.316314697265625	0.17629218101501465	electrum.blockstream.info
40320	0.31554365158081055	0.08529973030090332	electrum.blockstream.info
42336	0.3167858123779297	0.08564233779907227	electrum.blockstream.info
44352	0.3159487247467041	0.0872194766998291	electrum.blockstream.info
46368	0.31528377532958984	0.08712959289550781	electrum.blockstream.info
48384	0.316225528717041	0.08610820770263672	electrum.blockstream.info
50400	0.3146078586578369	0.08635210990905762	electrum.blockstream.info
52416	0.3160521984100342	0.08628678321838379	electrum.blockstream.info
54432	0.31617140769958496	0.0866091251373291	electrum.blockstream.info
56448	0.32207751274108887	0.08734416961669922	electrum.blockstream.info
58464	0.31582212448120117	0.08641529083251953	electrum.blockstream.info
60480	0.31601715087890625	0.08587455749511719	electrum.blockstream.info
62496	0.31637144088745117	0.08592557907104492	electrum.blockstream.info
64512	0.31523585319519043	0.08702254295349121	electrum.blockstream.info
66528	0.31603002548217773	0.08690810203552246	electrum.blockstream.info
68544	0.31552553176879883	0.08704090118408203	electrum.blockstream.info
70560	0.31534361839294434	0.08690023422241211	electrum.blockstream.info
72576	0.31452131271362305	0.08761167526245117	electrum.blockstream.info
74592	0.3147420883178711	0.08755373954772949	electrum.blockstream.info
76608	0.31564950942993164	0.09086155891418457	electrum.blockstream.info
78624	0.31504130363464355	0.08713912963867188	electrum.blockstream.info
80640	0.314572811126709	0.08718991279602051	electrum.blockstream.info
82656	0.47159814834594727	0.08738303184509277	electrum.blockstream.info
84672	0.4689633846282959	0.08658194541931152	electrum.blockstream.info
86688	0.4680929183959961	0.08675074577331543	electrum.blockstream.info
88704	0.31707310676574707	0.08760213851928711	electrum.blockstream.info
90720	0.31558942794799805	0.08695816993713379	electrum.blockstream.info
92736	0.3164839744567871	0.08824992179870605	electrum.blockstream.info
94752	0.31580352783203125	0.08748006820678711	electrum.blockstream.info
96768	0.31538867950439453	0.08693480491638184	electrum.blockstream.info
98784	0.3162250518798828	0.08754229545593262	electrum.blockstream.info
100800	0.3145771026611328	0.08646917343139648	electrum.blockstream.info
102816	0.31473374366760254	0.08614015579223633	electrum.blockstream.info
104832	0.3167002201080322	0.08743691444396973	electrum.blockstream.info
106848	0.3222925662994385	0.08649373054504395	electrum.blockstream.info
108864	0.315723180770874	0.08772397041320801	electrum.blockstream.info
110880	0.3164327144622803	0.08733558654785156	electrum.blockstream.info
112896	0.31729674339294434	0.08823513984680176	electrum.blockstream.info
114912	0.315523624420166	0.08790278434753418	electrum.blockstream.info
116928	0.31531739234924316	0.08810162544250488	electrum.blockstream.info
118944	0.31671643257141113	0.08732080459594727	electrum.blockstream.info
120960	0.3166844844818115	0.08745861053466797	electrum.blockstream.info
122976	0.3157060146331787	0.08766651153564453	electrum.blockstream.info
124992	0.31528592109680176	0.08756852149963379	electrum.blockstream.info
127008	0.3146507740020752	0.08796501159667969	electrum.blockstream.info
129024	0.3153073787689209	0.08788108825683594	electrum.blockstream.info
131040	0.3158576488494873	0.08816361427307129	electrum.blockstream.info
133056	0.31484508514404297	0.08778524398803711	electrum.blockstream.info
135072	0.3169081211090088	0.08829212188720703	electrum.blockstream.info
137088	0.3281829357147217	0.08829355239868164	electrum.blockstream.info
139104	0.31856346130371094	0.08770275115966797	electrum.blockstream.info
141120	0.31566810607910156	0.08743500709533691	electrum.blockstream.info
143136	0.31615543365478516	0.08812522888183594	electrum.blockstream.info
145152	0.31628894805908203	0.08800816535949707	electrum.blockstream.info
147168	0.3153843879699707	0.0886688232421875	electrum.blockstream.info
149184	0.31453561782836914	0.08876562118530273	electrum.blockstream.info
151200	0.31629276275634766	0.08730196952819824	electrum.blockstream.info
153216	0.3171544075012207	0.08882546424865723	electrum.blockstream.info
155232	0.3148167133331299	0.08954596519470215	electrum.blockstream.info
157248	0.31531333923339844	0.08778047561645508	electrum.blockstream.info
159264	0.31722068786621094	0.08914470672607422	electrum.blockstream.info
161280	0.31845784187316895	0.08931684494018555	electrum.blockstream.info
163296	0.31630778312683105	0.08956098556518555	electrum.blockstream.info
165312	0.3175351619720459	0.0888524055480957	electrum.blockstream.info
167328	0.31572914123535156	0.08886003494262695	electrum.blockstream.info
169344	0.31591153144836426	0.08826518058776855	electrum.blockstream.info
171360	0.31484365463256836	0.08923125267028809	electrum.blockstream.info
173376	0.314927339553833	0.0883779525756836	electrum.blockstream.info
175392	0.3148190975189209	0.08952474594116211	electrum.blockstream.info
177408	0.31493520736694336	0.08908963203430176	electrum.blockstream.info
179424	0.3148462772369385	0.08926272392272949	electrum.blockstream.info
181440	0.46907830238342285	0.09108710289001465	electrum.blockstream.info
183456	0.4673442840576172	0.08917903900146484	electrum.blockstream.info
185472	0.31514978408813477	0.08978796005249023	electrum.blockstream.info
187488	0.31641292572021484	0.08909106254577637	electrum.blockstream.info
189504	0.31554412841796875	0.08950281143188477	electrum.blockstream.info
191520	0.31513190269470215	0.08962869644165039	electrum.blockstream.info
193536	0.31667327880859375	0.08952617645263672	electrum.blockstream.info
195552	0.3163108825683594	0.0890343189239502	electrum.blockstream.info
197568	0.31470155715942383	0.08781552314758301	electrum.blockstream.info
199584	0.3161582946777344	0.08907866477966309	electrum.blockstream.info
201600	0.31571125984191895	0.08881616592407227	electrum.blockstream.info
203616	0.31577229499816895	0.08846759796142578	electrum.blockstream.info
205632	0.31519508361816406	0.08788752555847168	electrum.blockstream.info
207648	0.31633710861206055	0.08740806579589844	electrum.blockstream.info
209664	0.31478166580200195	0.08873271942138672	electrum.blockstream.info
211680	0.3161814212799072	0.08942723274230957	electrum.blockstream.info
213696	0.31523919105529785	0.08900022506713867	electrum.blockstream.info
215712	0.31541895866394043	0.08773064613342285	electrum.blockstream.info
217728	0.46839404106140137	0.08872818946838379	electrum.blockstream.info
219744	0.4687824249267578	0.08883166313171387	electrum.blockstream.info
221760	0.4670710563659668	0.08839082717895508	electrum.blockstream.info
223776	0.31469058990478516	0.08756756782531738	electrum.blockstream.info
225792	0.3167452812194824	0.08910369873046875	electrum.blockstream.info
227808	0.3155374526977539	0.08869433403015137	electrum.blockstream.info
229824	0.315598726272583	0.08857011795043945	electrum.blockstream.info
231840	0.3156239986419678	0.08895421028137207	electrum.blockstream.info
233856	0.3178551197052002	0.08810114860534668	electrum.blockstream.info
235872	0.3177063465118408	0.08892989158630371	electrum.blockstream.info
237888	0.3177168369293213	0.0885317325592041	electrum.blockstream.info
239904	0.3157997131347656	0.08844614028930664	electrum.blockstream.info
241920	0.31499195098876953	0.08996987342834473	electrum.blockstream.info
243936	0.3181326389312744	0.08925056457519531	electrum.blockstream.info
245952	0.3157186508178711	0.09005117416381836	electrum.blockstream.info
247968	0.3160665035247803	0.09080195426940918	electrum.blockstream.info
249984	0.3162250518798828	0.08877062797546387	electrum.blockstream.info
252000	0.3150660991668701	0.08871722221374512	electrum.blockstream.info
254016	0.3149895668029785	0.08985519409179688	electrum.blockstream.info
256032	0.31479334831237793	0.08944106101989746	electrum.blockstream.info
258048	0.31459617614746094	0.08938860893249512	electrum.blockstream.info
260064	0.3146946430206299	0.08877801895141602	electrum.blockstream.info
262080	0.31450581550598145	0.08917999267578125	electrum.blockstream.info
264096	0.3161590099334717	0.08919310569763184	electrum.blockstream.info
266112	0.3146951198577881	0.08904194831848145	electrum.blockstream.info
268128	0.316786527633667	0.08979272842407227	electrum.blockstream.info
270144	0.31459712982177734	0.08895158767700195	electrum.blockstream.info
272160	0.3146016597747803	0.08916449546813965	electrum.blockstream.info
274176	0.31472110748291016	0.09038996696472168	electrum.blockstream.info
276192	0.31467437744140625	0.08915305137634277	electrum.blockstream.info
278208	0.3147001266479492	0.08935189247131348	electrum.blockstream.info
280224	0.3161461353302002	0.09053707122802734	electrum.blockstream.info
282240	0.3153109550476074	0.08951067924499512	electrum.blockstream.info
284256	0.315326452255249	0.09084296226501465	electrum.blockstream.info
286272	0.3154630661010742	0.08838415145874023	electrum.blockstream.info
288288	0.320284366607666	0.08745527267456055	electrum.blockstream.info
290304	0.317425012588501	0.08819842338562012	electrum.blockstream.info
292320	0.3158125877380371	0.08849406242370605	electrum.blockstream.info
294336	0.31581664085388184	0.08787059783935547	electrum.blockstream.info
296352	0.31528306007385254	0.08919477462768555	electrum.blockstream.info
298368	0.31463098526000977	0.08873367309570312	electrum.blockstream.info
300384	0.31564998626708984	0.08865857124328613	electrum.blockstream.info
302400	0.31506896018981934	0.08879637718200684	electrum.blockstream.info
304416	0.3173198699951172	0.08791732788085938	electrum.blockstream.info
306432	0.31462836265563965	0.08875751495361328	electrum.blockstream.info
308448	0.3146791458129883	0.08846807479858398	electrum.blockstream.info
310464	0.3143017292022705	0.09026288986206055	electrum.blockstream.info
312480	0.31436634063720703	0.0885171890258789	electrum.blockstream.info
314496	0.31437206268310547	0.08894205093383789	electrum.blockstream.info
316512	0.31555795669555664	0.0913536548614502	electrum.blockstream.info
318528	0.3160109519958496	0.08919715881347656	electrum.blockstream.info
320544	0.4687998294830322	0.0897982120513916	electrum.blockstream.info
322560	0.3149232864379883	0.08946847915649414	electrum.blockstream.info
324576	0.3149139881134033	0.08851265907287598	electrum.blockstream.info
326592	0.31470370292663574	0.08901286125183105	electrum.blockstream.info
328608	0.3149731159210205	0.08837580680847168	electrum.blockstream.info
330624	0.3145873546600342	0.08861827850341797	electrum.blockstream.info
332640	0.314253568649292	0.08863973617553711	electrum.blockstream.info
334656	0.31438231468200684	0.0899958610534668	electrum.blockstream.info
336672	0.31461310386657715	0.08977699279785156	electrum.blockstream.info
338688	0.3144083023071289	0.08921504020690918	electrum.blockstream.info
340704	0.3166522979736328	0.08935761451721191	electrum.blockstream.info
342720	0.31426215171813965	0.0891413688659668	electrum.blockstream.info
344736	0.31499719619750977	0.08915019035339355	electrum.blockstream.info
346752	0.4700303077697754	0.08919858932495117	electrum.blockstream.info
348768	0.4681253433227539	0.08842802047729492	electrum.blockstream.info
350784	0.316037654876709	0.08829212188720703	electrum.blockstream.info
352800	0.315479040145874	0.08823084831237793	electrum.blockstream.info
354816	0.314852237701416	0.08843827247619629	electrum.blockstream.info
356832	0.31604814529418945	0.08899164199829102	electrum.blockstream.info
358848	0.3159646987915039	0.08942556381225586	electrum.blockstream.info
360864	0.3157315254211426	0.08840370178222656	electrum.blockstream.info
362880	0.3159966468811035	0.0889432430267334	electrum.blockstream.info
364896	0.31435465812683105	0.08889269828796387	electrum.blockstream.info
366912	0.3174881935119629	0.0890207290649414	electrum.blockstream.info
368928	0.31630516052246094	0.08875083923339844	electrum.blockstream.info
370944	0.3158895969390869	0.08915114402770996	electrum.blockstream.info
372960	0.3161928653717041	0.08888602256774902	electrum.blockstream.info
374976	0.31515026092529297	0.08866572380065918	electrum.blockstream.info
376992	0.3147428035736084	0.0886237621307373	electrum.blockstream.info
379008	0.3161628246307373	0.08875846862792969	electrum.blockstream.info
381024	0.3149561882019043	0.08921647071838379	electrum.blockstream.info
383040	0.3161473274230957	0.08919596672058105	electrum.blockstream.info
385056	0.3153221607208252	0.08968019485473633	electrum.blockstream.info
387072	0.31494855880737305	0.08885455131530762	electrum.blockstream.info
389088	0.31624627113342285	0.08893823623657227	electrum.blockstream.info
391104	0.31607770919799805	0.08876252174377441	electrum.blockstream.info
393120	0.31632065773010254	0.08842229843139648	electrum.blockstream.info
395136	0.31435394287109375	0.08844876289367676	electrum.blockstream.info
397152	0.31461572647094727	0.08805322647094727	electrum.blockstream.info
399168	0.31511998176574707	0.08849215507507324	electrum.blockstream.info
401184	0.31617283821105957	0.08856058120727539	electrum.blockstream.info
403200	0.31499338150024414	0.08767366409301758	electrum.blockstream.info
405216	0.31525301933288574	0.08822989463806152	electrum.blockstream.info
407232	0.31453466415405273	0.08808231353759766	electrum.blockstream.info
409248	0.3153214454650879	0.08794641494750977	electrum.blockstream.info
411264	0.3147315979003906	0.08873987197875977	electrum.blockstream.info
413280	0.31578993797302246	0.08916568756103516	electrum.blockstream.info
415296	0.31710386276245117	0.08766579627990723	electrum.blockstream.info
417312	0.31549787521362305	0.08972024917602539	electrum.blockstream.info
419328	0.4690268039703369	0.08804607391357422	electrum.blockstream.info
421344	0.4681570529937744	0.08832406997680664	electrum.blockstream.info
423360	0.46836352348327637	0.08832931518554688	electrum.blockstream.info
425376	0.3166544437408447	0.0881659984588623	electrum.blockstream.info
427392	0.31475090980529785	0.08859992027282715	electrum.blockstream.info
429408	0.3166320323944092	0.08932352066040039	electrum.blockstream.info
431424	0.3166816234588623	0.08863711357116699	electrum.blockstream.info
433440	0.3157486915588379	0.08863472938537598	electrum.blockstream.info
435456	0.3149557113647461	0.08869624137878418	electrum.blockstream.info
437472	0.3153696060180664	0.0894312858581543	electrum.blockstream.info
439488	0.31826329231262207	0.08857893943786621	electrum.blockstream.info
441504	0.31940603256225586	0.08887791633605957	electrum.blockstream.info
443520	0.3174149990081787	0.09046053886413574	electrum.blockstream.info
445536	0.3177976608276367	0.08894991874694824	electrum.blockstream.info
447552	0.3147761821746826	0.08831143379211426	electrum.blockstream.info
449568	0.31607818603515625	0.08938837051391602	electrum.blockstream.info
451584	0.31884169578552246	0.08938288688659668	electrum.blockstream.info
453600	0.31705307960510254	0.08975386619567871	electrum.blockstream.info
455616	0.3178219795227051	0.08720779418945312	electrum.blockstream.info
457632	0.31563496589660645	0.0886380672454834	electrum.blockstream.info
459648	0.3170351982116699	0.08809256553649902	electrum.blockstream.info
461664	0.31583547592163086	0.08755254745483398	electrum.blockstream.info
463680	0.31595778465270996	0.0877072811126709	electrum.blockstream.info
465696	0.3158080577850342	0.0874781608581543	electrum.blockstream.info
467712	0.3162269592285156	0.08749103546142578	electrum.blockstream.info
469728	0.3162705898284912	0.08842825889587402	electrum.blockstream.info
471744	0.316866397857666	0.08962249755859375	electrum.blockstream.info
473760	0.31549930572509766	0.08786559104919434	electrum.blockstream.info
475776	0.3167686462402344	0.08867359161376953	electrum.blockstream.info
477792	0.3155064582824707	0.08684062957763672	electrum.blockstream.info
479808	0.3164665699005127	0.08882260322570801	electrum.blockstream.info
481824	0.31613612174987793	0.08681464195251465	electrum.blockstream.info
483840	0.31626176834106445	0.08805131912231445	electrum.blockstream.info
485856	0.3155949115753174	0.08924674987792969	electrum.blockstream.info
487872	0.3159754276275635	0.0887002944946289	electrum.blockstream.info
489888	0.31640625	0.08867979049682617	electrum.blockstream.info
491904	0.46843910217285156	0.08801698684692383	electrum.blockstream.info
493920	0.46770501136779785	0.0888826847076416	electrum.blockstream.info
495936	0.46849799156188965	0.0890340805053711	electrum.blockstream.info
497952	0.31577038764953613	0.08753848075866699	electrum.blockstream.info
499968	0.3200702667236328	0.0879206657409668	electrum.blockstream.info
501984	0.31638050079345703	0.08807492256164551	electrum.blockstream.info
504000	0.31683921813964844	0.08868050575256348	electrum.blockstream.info
506016	0.31612396240234375	0.08844327926635742	electrum.blockstream.info
508032	0.31504368782043457	0.08818960189819336	electrum.blockstream.info
510048	0.31494760513305664	0.08848309516906738	electrum.blockstream.info
512064	0.31552624702453613	0.09032487869262695	electrum.blockstream.info
514080	0.3154425621032715	0.08764410018920898	electrum.blockstream.info
516096	0.31584644317626953	0.08863353729248047	electrum.blockstream.info
518112	0.3164517879486084	0.08845901489257812	electrum.blockstream.info
520128	0.3155703544616699	0.0888221263885498	electrum.blockstream.info
522144	0.3155958652496338	0.08874988555908203	electrum.blockstream.info
524160	0.31716299057006836	0.0886070728302002	electrum.blockstream.info
526176	0.3166072368621826	0.08967757225036621	electrum.blockstream.info
528192	0.3152451515197754	0.08771109580993652	electrum.blockstream.info
530208	0.3157923221588135	0.08911514282226562	electrum.blockstream.info
532224	0.3159911632537842	0.08816909790039062	electrum.blockstream.info
534240	0.3154871463775635	0.08812618255615234	electrum.blockstream.info
536256	0.3155198097229004	0.08856511116027832	electrum.blockstream.info
538272	0.31510138511657715	0.08865761756896973	electrum.blockstream.info
540288	0.31478190422058105	0.08814191818237305	electrum.blockstream.info
542304	0.3158400058746338	0.08842110633850098	electrum.blockstream.info
544320	0.3164041042327881	0.08657407760620117	electrum.blockstream.info
546336	0.4699227809906006	0.08774232864379883	electrum.blockstream.info
548352	0.46744728088378906	0.08817410469055176	electrum.blockstream.info
550368	0.4666621685028076	0.0873563289642334	electrum.blockstream.info
552384	0.31530189514160156	0.08676791191101074	electrum.blockstream.info
554400	0.3157162666320801	0.08735990524291992	electrum.blockstream.info
556416	0.3146176338195801	0.08786654472351074	electrum.blockstream.info
558432	0.3140687942504883	0.08723616600036621	electrum.blockstream.info
560448	0.3142075538635254	0.08712196350097656	electrum.blockstream.info
562464	0.3154640197753906	0.08816790580749512	electrum.blockstream.info
564480	0.314669132232666	0.08767843246459961	electrum.blockstream.info
566496	0.3146326541900635	0.08836746215820312	electrum.blockstream.info
568512	0.31767916679382324	0.08822488784790039	electrum.blockstream.info
570528	0.31565260887145996	0.08818602561950684	electrum.blockstream.info
572544	0.3158698081970215	0.087127685546875	electrum.blockstream.info
574560	0.3159811496734619	0.08688139915466309	electrum.blockstream.info
576576	0.31462597846984863	0.08834719657897949	electrum.blockstream.info
578592	0.32871055603027344	0.08978557586669922	electrum.blockstream.info
580608	0.3163330554962158	0.0868377685546875	electrum.blockstream.info
582624	0.31607818603515625	0.08768296241760254	electrum.blockstream.info
584640	0.31634020805358887	0.0878443717956543	electrum.blockstream.info
586656	0.3166472911834717	0.08772397041320801	electrum.blockstream.info
588672	0.31400299072265625	0.08892416954040527	electrum.blockstream.info
590688	0.3159458637237549	0.08756208419799805	electrum.blockstream.info
592704	0.3152732849121094	0.08748626708984375	electrum.blockstream.info
594720	0.3171091079711914	0.08802032470703125	electrum.blockstream.info
596736	0.31618404388427734	0.08767318725585938	electrum.blockstream.info
598752	0.31543731689453125	0.08832669258117676	electrum.blockstream.info
600768	0.3152327537536621	0.0876457691192627	electrum.blockstream.info
602784	0.3159630298614502	0.08805632591247559	electrum.blockstream.info
604800	0.31479382514953613	0.08950042724609375	electrum.blockstream.info
606816	0.31523680686950684	0.08841896057128906	electrum.blockstream.info
608832	0.3158543109893799	0.08862853050231934	electrum.blockstream.info
610848	0.3159022331237793	0.08779048919677734	electrum.blockstream.info
612864	0.31423068046569824	0.08844494819641113	electrum.blockstream.info
614880	0.3140835762023926	0.09195780754089355	electrum.blockstream.info
616896	0.3155553340911865	0.08871293067932129	electrum.blockstream.info
618912	0.3146805763244629	0.08747339248657227	electrum.blockstream.info
620928	0.3382542133331299	0.08803224563598633	electrum.blockstream.info
622944	0.31583285331726074	0.08826756477355957	electrum.blockstream.info
624960	0.314408540725708	0.0874779224395752	electrum.blockstream.info
626976	0.31444621086120605	0.08777260780334473	electrum.blockstream.info
628992	0.31432604789733887	0.08858871459960938	electrum.blockstream.info
631008	0.3143899440765381	0.08910846710205078	electrum.blockstream.info
633024	0.31626129150390625	0.08866405487060547	electrum.blockstream.info
635040	0.3165876865386963	0.08889889717102051	electrum.blockstream.info
637056	0.4688863754272461	0.08915424346923828	electrum.blockstream.info
639072	0.4674811363220215	0.0875849723815918	electrum.blockstream.info
641088	0.3155653476715088	0.08731603622436523	electrum.blockstream.info
643104	0.31439661979675293	0.08828306198120117	electrum.blockstream.info
645120	0.31792688369750977	0.08827996253967285	electrum.blockstream.info
647136	0.3153088092803955	0.0876932144165039	electrum.blockstream.info
649152	0.3157498836517334	0.0879831314086914	electrum.blockstream.info
651168	0.3167111873626709	0.0877985954284668	electrum.blockstream.info
653184	0.3165903091430664	0.08820152282714844	electrum.blockstream.info
655200	0.31578516960144043	0.08812475204467773	electrum.blockstream.info
657216	0.3120098114013672	0.054764747619628906	electrum.blockstream.info
