1	0.605748176574707	0.08637571334838867	blockstream.info
2016	0.2728855609893799	0.08654189109802246	blockstream.info
4032	0.24527812004089355	0.08555150032043457	blockstream.info
6048	0.23904109001159668	0.08627796173095703	blockstream.info
8064	0.238983154296875	0.08611178398132324	blockstream.info
10080	0.2366645336151123	0.08697175979614258	blockstream.info
12096	0.23664021492004395	0.08638620376586914	blockstream.info
14112	0.23739886283874512	0.08553338050842285	blockstream.info
16128	0.2382044792175293	0.08536601066589355	blockstream.info
18144	0.2373342514038086	0.08727478981018066	blockstream.info
20160	0.23688983917236328	0.0872049331665039	blockstream.info
22176	0.23667025566101074	0.08687973022460938	blockstream.info
24192	0.23662638664245605	0.08669710159301758	blockstream.info
26208	0.239349365234375	0.0867304801940918	blockstream.info
28224	0.23661017417907715	0.0886082649230957	blockstream.info
30240	0.2392902374267578	0.08686661720275879	blockstream.info
32256	0.2367382049560547	0.08701634407043457	blockstream.info
34272	0.2366199493408203	0.08608794212341309	blockstream.info
36288	0.23722171783447266	0.08591008186340332	blockstream.info
38304	0.23632216453552246	0.08662152290344238	blockstream.info
40320	0.2365877628326416	0.0860297679901123	blockstream.info
42336	0.23743438720703125	0.0858001708984375	blockstream.info
44352	0.2442009449005127	0.08610749244689941	blockstream.info
46368	0.2364192008972168	0.08495163917541504	blockstream.info
48384	0.23692727088928223	0.08481669425964355	blockstream.info
50400	0.23645758628845215	0.17297077178955078	blockstream.info
52416	0.23666787147521973	0.14224934577941895	blockstream.info
54432	0.2365114688873291	0.08670330047607422	blockstream.info
56448	0.2368006706237793	0.08684158325195312	blockstream.info
58464	0.23639249801635742	0.0857241153717041	blockstream.info
60480	0.238175630569458	0.0855412483215332	blockstream.info
62496	0.23652362823486328	0.08580636978149414	blockstream.info
64512	0.2363443374633789	0.08571171760559082	blockstream.info
66528	0.2373194694519043	0.08579206466674805	blockstream.info
68544	0.23654770851135254	0.08653950691223145	blockstream.info
70560	0.2382221221923828	0.08637690544128418	blockstream.info
72576	0.23672223091125488	0.08576846122741699	blockstream.info
74592	0.2363889217376709	0.0862271785736084	blockstream.info
76608	0.23646879196166992	0.08588528633117676	blockstream.info
78624	0.23642420768737793	0.08729362487792969	blockstream.info
80640	0.23711085319519043	0.08510732650756836	blockstream.info
82656	0.23624873161315918	0.08516860008239746	blockstream.info
84672	0.23641610145568848	0.08756351470947266	blockstream.info
86688	0.23642396926879883	0.08565235137939453	blockstream.info
88704	0.2366936206817627	0.08441281318664551	blockstream.info
90720	0.23626089096069336	0.08550620079040527	blockstream.info
92736	0.2366044521331787	0.08404183387756348	blockstream.info
94752	0.2383122444152832	0.08569598197937012	blockstream.info
96768	0.23901033401489258	0.08603906631469727	blockstream.info
98784	0.2360837459564209	0.08709216117858887	blockstream.info
100800	0.23661231994628906	0.08748841285705566	blockstream.info
102816	0.23626494407653809	0.08745217323303223	blockstream.info
104832	0.2373046875	0.08639216423034668	blockstream.info
106848	0.23661375045776367	0.08471155166625977	blockstream.info
108864	0.2362511157989502	0.0881187915802002	blockstream.info
110880	0.23713922500610352	0.08628106117248535	blockstream.info
112896	0.2370917797088623	0.08794164657592773	blockstream.info
114912	0.23623204231262207	0.08767342567443848	blockstream.info
116928	0.23635101318359375	0.08791422843933105	blockstream.info
118944	0.23679208755493164	0.08750152587890625	blockstream.info
120960	0.23767399787902832	0.08818244934082031	blockstream.info
122976	0.23662161827087402	0.08784723281860352	blockstream.info
124992	0.23594021797180176	0.08658528327941895	blockstream.info
127008	0.23833942413330078	0.08884501457214355	blockstream.info
129024	0.2364339828491211	0.08682608604431152	blockstream.info
131040	0.2362375259399414	0.08636045455932617	blockstream.info
133056	0.23647260665893555	0.08803606033325195	blockstream.info
135072	0.23688220977783203	0.08756732940673828	blockstream.info
137088	0.23633813858032227	0.08613896369934082	blockstream.info
139104	0.23617291450500488	0.0857994556427002	blockstream.info
141120	0.23638916015625	0.08668065071105957	blockstream.info
143136	0.236222505569458	0.08708786964416504	blockstream.info
145152	0.23645520210266113	0.08668017387390137	blockstream.info
147168	0.23636293411254883	0.08831167221069336	blockstream.info
149184	0.23684334754943848	0.0862739086151123	blockstream.info
151200	0.23694229125976562	0.08692812919616699	blockstream.info
153216	0.23628687858581543	0.08786129951477051	blockstream.info
155232	0.23687505722045898	0.08689403533935547	blockstream.info
157248	0.23689532279968262	0.08747315406799316	blockstream.info
159264	0.2387096881866455	0.08570122718811035	blockstream.info
161280	0.23999404907226562	0.08649992942810059	blockstream.info
163296	0.23638916015625	0.08764863014221191	blockstream.info
165312	0.23635482788085938	0.08545970916748047	blockstream.info
167328	0.23609614372253418	0.08563852310180664	blockstream.info
169344	0.2363893985748291	0.08627104759216309	blockstream.info
171360	0.23654866218566895	0.08695006370544434	blockstream.info
173376	0.2365405559539795	0.0872189998626709	blockstream.info
175392	0.23633718490600586	0.08829879760742188	blockstream.info
177408	0.2362513542175293	0.08556509017944336	blockstream.info
179424	0.23812174797058105	0.12186336517333984	blockstream.info
181440	0.2363719940185547	0.12237668037414551	blockstream.info
183456	0.2364809513092041	0.08619952201843262	blockstream.info
185472	0.23627591133117676	0.08553242683410645	blockstream.info
187488	0.23704171180725098	0.08806371688842773	blockstream.info
189504	0.23675847053527832	0.0882415771484375	blockstream.info
191520	0.23986411094665527	0.08666300773620605	blockstream.info
193536	0.23752808570861816	0.0871121883392334	blockstream.info
195552	0.23653340339660645	0.08824968338012695	blockstream.info
197568	0.2372729778289795	0.08769035339355469	blockstream.info
199584	0.23687219619750977	0.0869140625	blockstream.info
201600	0.23615765571594238	0.08558344841003418	blockstream.info
203616	0.23610544204711914	0.08691120147705078	blockstream.info
205632	0.2363300323486328	0.08773159980773926	blockstream.info
207648	0.23559188842773438	0.08635234832763672	blockstream.info
209664	0.23613739013671875	0.08705735206604004	blockstream.info
211680	0.23616456985473633	0.08666324615478516	blockstream.info
213696	0.23701071739196777	0.08752322196960449	blockstream.info
215712	0.23681378364562988	0.08667254447937012	blockstream.info
217728	0.2362501621246338	0.08746743202209473	blockstream.info
219744	0.23628568649291992	0.08834409713745117	blockstream.info
221760	0.23619389533996582	0.08895707130432129	blockstream.info
223776	0.23783111572265625	0.08823704719543457	blockstream.info
225792	0.2361137866973877	0.0864267349243164	blockstream.info
227808	0.23627686500549316	0.08678936958312988	blockstream.info
229824	0.23718667030334473	0.08666658401489258	blockstream.info
231840	0.23698663711547852	0.08652305603027344	blockstream.info
233856	0.236189603805542	0.08661675453186035	blockstream.info
235872	0.2359781265258789	0.08593463897705078	blockstream.info
237888	0.2359023094177246	0.0854196548461914	blockstream.info
239904	0.2362370491027832	0.08626198768615723	blockstream.info
241920	0.23600435256958008	0.08810615539550781	blockstream.info
243936	0.2362380027770996	0.08823800086975098	blockstream.info
245952	0.23585152626037598	0.08783817291259766	blockstream.info
247968	0.23618102073669434	0.08831954002380371	blockstream.info
249984	0.23663091659545898	0.08771204948425293	blockstream.info
252000	0.23666095733642578	0.08743929862976074	blockstream.info
254016	0.23720836639404297	0.0876169204711914	blockstream.info
256032	0.2363731861114502	0.08748865127563477	blockstream.info
258048	0.23829221725463867	0.08867526054382324	blockstream.info
260064	0.23614740371704102	0.08859372138977051	blockstream.info
262080	0.2363276481628418	0.08648538589477539	blockstream.info
264096	0.2363905906677246	0.08940958976745605	blockstream.info
266112	0.2364659309387207	0.08806681632995605	blockstream.info
268128	0.23694419860839844	0.0889589786529541	blockstream.info
270144	0.23736882209777832	0.08867120742797852	blockstream.info
272160	0.23615336418151855	0.08820319175720215	blockstream.info
274176	0.23621392250061035	0.08900570869445801	blockstream.info
276192	0.23676490783691406	0.08824777603149414	blockstream.info
278208	0.23627567291259766	0.08787012100219727	blockstream.info
280224	0.23826241493225098	0.08757877349853516	blockstream.info
282240	0.23626136779785156	0.08711624145507812	blockstream.info
284256	0.2364792823791504	0.0873568058013916	blockstream.info
286272	0.23607325553894043	0.08677935600280762	blockstream.info
288288	0.23642325401306152	0.08575177192687988	blockstream.info
290304	0.23858261108398438	0.08566570281982422	blockstream.info
292320	0.23850178718566895	0.08844447135925293	blockstream.info
294336	0.23902583122253418	0.08809924125671387	blockstream.info
296352	0.2387552261352539	0.0875692367553711	blockstream.info
298368	0.2361011505126953	0.08669161796569824	blockstream.info
300384	0.23614025115966797	0.08786916732788086	blockstream.info
302400	0.23623204231262207	0.08731865882873535	blockstream.info
304416	0.23613882064819336	0.08751702308654785	blockstream.info
306432	0.23610520362854004	0.08787345886230469	blockstream.info
308448	0.23625850677490234	0.08684062957763672	blockstream.info
310464	0.23626470565795898	0.08674168586730957	blockstream.info
312480	0.23615503311157227	0.08730816841125488	blockstream.info
314496	0.23645901679992676	0.08762836456298828	blockstream.info
316512	0.2361767292022705	0.08803629875183105	blockstream.info
318528	0.2368152141571045	0.08806276321411133	blockstream.info
320544	0.23596835136413574	0.08886337280273438	blockstream.info
322560	0.23635363578796387	0.0879356861114502	blockstream.info
324576	0.23832130432128906	0.08845949172973633	blockstream.info
326592	0.23813295364379883	0.08883786201477051	blockstream.info
328608	0.2361161708831787	0.08861327171325684	blockstream.info
330624	0.2362220287322998	0.08788442611694336	blockstream.info
332640	0.2362055778503418	0.08667278289794922	blockstream.info
334656	0.23625612258911133	0.0876607894897461	blockstream.info
336672	0.2370293140411377	0.08675003051757812	blockstream.info
338688	0.2374556064605713	0.08666515350341797	blockstream.info
340704	0.23650026321411133	0.08812117576599121	blockstream.info
342720	0.23671388626098633	0.08908796310424805	blockstream.info
344736	0.23692607879638672	0.08901095390319824	blockstream.info
346752	0.2368149757385254	0.08843088150024414	blockstream.info
348768	0.23641753196716309	0.0874490737915039	blockstream.info
350784	0.23621487617492676	0.08964824676513672	blockstream.info
352800	0.23585224151611328	0.08845710754394531	blockstream.info
354816	0.23624300956726074	0.08888840675354004	blockstream.info
356832	0.23652029037475586	0.0896608829498291	blockstream.info
358848	0.23723101615905762	0.0890207290649414	blockstream.info
360864	0.23609566688537598	0.08898282051086426	blockstream.info
362880	0.2376706600189209	0.08636355400085449	blockstream.info
364896	0.23634004592895508	0.08783078193664551	blockstream.info
366912	0.23643255233764648	0.08812189102172852	blockstream.info
368928	0.21924638748168945	0.08804774284362793	blockstream.info
370944	0.21970462799072266	0.08717131614685059	blockstream.info
372960	0.2198026180267334	0.08801841735839844	blockstream.info
374976	0.21971344947814941	0.08739399909973145	blockstream.info
376992	0.2194211483001709	0.08698391914367676	blockstream.info
379008	0.21918010711669922	0.08768677711486816	blockstream.info
381024	0.2192385196685791	0.08861136436462402	blockstream.info
383040	0.21979975700378418	0.08903789520263672	blockstream.info
385056	0.2194206714630127	0.08878040313720703	blockstream.info
387072	0.21949553489685059	0.08854889869689941	blockstream.info
389088	0.21974825859069824	0.08920955657958984	blockstream.info
391104	0.21963095664978027	0.08775949478149414	blockstream.info
393120	0.21940183639526367	0.08810925483703613	blockstream.info
395136	0.21964240074157715	0.08847665786743164	blockstream.info
397152	0.21950960159301758	0.08878350257873535	blockstream.info
399168	0.21986675262451172	0.0882563591003418	blockstream.info
401184	0.21930670738220215	0.08994793891906738	blockstream.info
403200	0.21921157836914062	0.08914971351623535	blockstream.info
405216	0.21945643424987793	0.08959722518920898	blockstream.info
407232	0.22058343887329102	0.08925437927246094	blockstream.info
409248	0.2194814682006836	0.08877801895141602	blockstream.info
411264	0.21934270858764648	0.09077262878417969	blockstream.info
413280	0.21940851211547852	0.09244298934936523	blockstream.info
415296	0.2192699909210205	0.08817195892333984	blockstream.info
417312	0.21908330917358398	0.08722352981567383	blockstream.info
419328	0.21912717819213867	0.08915114402770996	blockstream.info
421344	0.2193770408630371	0.08582067489624023	blockstream.info
423360	0.2189946174621582	0.08679962158203125	blockstream.info
425376	0.21942472457885742	0.08755898475646973	blockstream.info
427392	0.22013092041015625	0.08632659912109375	blockstream.info
429408	0.21936511993408203	0.08532857894897461	blockstream.info
431424	0.21921300888061523	0.08693957328796387	blockstream.info
433440	0.2190861701965332	0.08727908134460449	blockstream.info
435456	0.21915102005004883	0.08583569526672363	blockstream.info
437472	0.21946072578430176	0.08754396438598633	blockstream.info
439488	0.2194221019744873	0.08694052696228027	blockstream.info
441504	0.22026395797729492	0.08797454833984375	blockstream.info
443520	0.2196033000946045	0.08935356140136719	blockstream.info
445536	0.21886086463928223	0.08900880813598633	blockstream.info
447552	0.21980953216552734	0.08832216262817383	blockstream.info
449568	0.21976494789123535	0.08816123008728027	blockstream.info
451584	0.21941184997558594	0.08984136581420898	blockstream.info
453600	0.2194993495941162	0.08790874481201172	blockstream.info
455616	0.21939563751220703	0.08756828308105469	blockstream.info
457632	0.21968364715576172	0.08849906921386719	blockstream.info
459648	0.2201554775238037	0.08757662773132324	blockstream.info
461664	0.21952009201049805	0.08745431900024414	blockstream.info
463680	0.2189035415649414	0.0882575511932373	blockstream.info
465696	0.21890497207641602	0.08855867385864258	blockstream.info
467712	0.21941399574279785	0.08822774887084961	blockstream.info
469728	0.2194366455078125	0.0882422924041748	blockstream.info
471744	0.21946072578430176	0.08839559555053711	blockstream.info
473760	0.21921277046203613	0.0877680778503418	blockstream.info
475776	0.2199387550354004	0.08809852600097656	blockstream.info
477792	0.21988129615783691	0.08811140060424805	blockstream.info
479808	0.21924424171447754	0.08839797973632812	blockstream.info
481824	0.22129225730895996	0.0880129337310791	blockstream.info
483840	0.21941637992858887	0.08828568458557129	blockstream.info
485856	0.21937942504882812	0.08879971504211426	blockstream.info
487872	0.21941900253295898	0.08927011489868164	blockstream.info
489888	0.21989965438842773	0.08859467506408691	blockstream.info
491904	0.22005605697631836	0.08948016166687012	blockstream.info
493920	0.22144293785095215	0.08909797668457031	blockstream.info
495936	0.22188663482666016	0.08968138694763184	blockstream.info
497952	0.2197589874267578	0.08905601501464844	blockstream.info
499968	0.2192397117614746	0.08856678009033203	blockstream.info
501984	0.21940016746520996	0.08840465545654297	blockstream.info
504000	0.21973443031311035	0.08854413032531738	blockstream.info
506016	0.21985125541687012	0.08754158020019531	blockstream.info
508032	0.21982121467590332	0.08805203437805176	blockstream.info
510048	0.2190570831298828	0.08771514892578125	blockstream.info
512064	0.22234725952148438	0.0879828929901123	blockstream.info
514080	0.21969032287597656	0.08731937408447266	blockstream.info
516096	0.22078728675842285	0.08887219429016113	blockstream.info
518112	0.21930885314941406	0.08821749687194824	blockstream.info
520128	0.22020912170410156	0.08837246894836426	blockstream.info
522144	0.21950364112854004	0.08839797973632812	blockstream.info
524160	0.21902179718017578	0.08936524391174316	blockstream.info
526176	0.2196965217590332	0.08737874031066895	blockstream.info
528192	0.2202620506286621	0.08881902694702148	blockstream.info
530208	0.22002053260803223	0.08812451362609863	blockstream.info
532224	0.21917438507080078	0.08781862258911133	blockstream.info
534240	0.2204573154449463	0.08765125274658203	blockstream.info
536256	0.21930670738220215	0.08756637573242188	blockstream.info
538272	0.21914458274841309	0.08739137649536133	blockstream.info
540288	0.21903634071350098	0.0869913101196289	blockstream.info
542304	0.2191472053527832	0.08745622634887695	blockstream.info
544320	0.22147846221923828	0.08746480941772461	blockstream.info
546336	0.21966195106506348	0.08750319480895996	blockstream.info
548352	0.2187824249267578	0.08769011497497559	blockstream.info
550368	0.2192857265472412	0.08877825736999512	blockstream.info
552384	0.21961092948913574	0.08780360221862793	blockstream.info
554400	0.21915316581726074	0.08808588981628418	blockstream.info
556416	0.21970319747924805	0.0877995491027832	blockstream.info
558432	0.21922564506530762	0.08761310577392578	blockstream.info
560448	0.2191143035888672	0.08892297744750977	blockstream.info
562464	0.2191174030303955	0.08991837501525879	blockstream.info
564480	0.2199101448059082	0.08886861801147461	blockstream.info
566496	0.2198352813720703	0.08868002891540527	blockstream.info
568512	0.21917247772216797	0.08865141868591309	blockstream.info
570528	0.21909737586975098	0.08826208114624023	blockstream.info
572544	0.21898555755615234	0.08792734146118164	blockstream.info
574560	0.21955609321594238	0.08847498893737793	blockstream.info
576576	0.21988630294799805	0.08809709548950195	blockstream.info
578592	0.2192375659942627	0.08866214752197266	blockstream.info
580608	0.21969079971313477	0.08928394317626953	blockstream.info
582624	0.21955251693725586	0.0904397964477539	blockstream.info
584640	0.2190854549407959	0.08895659446716309	blockstream.info
586656	0.21913433074951172	0.08837413787841797	blockstream.info
588672	0.21977615356445312	0.0899658203125	blockstream.info
590688	0.21916866302490234	0.0886228084564209	blockstream.info
592704	0.2191162109375	0.08892154693603516	blockstream.info
594720	0.21999216079711914	0.08860230445861816	blockstream.info
596736	0.21957707405090332	0.08859062194824219	blockstream.info
598752	0.21970462799072266	0.08821582794189453	blockstream.info
600768	0.21907758712768555	0.08924031257629395	blockstream.info
602784	0.2190549373626709	0.08806204795837402	blockstream.info
604800	0.21967220306396484	0.08950066566467285	blockstream.info
606816	0.21989011764526367	0.08841490745544434	blockstream.info
608832	0.21977567672729492	0.09087157249450684	blockstream.info
610848	0.21925854682922363	0.08879280090332031	blockstream.info
612864	0.21924710273742676	0.09063982963562012	blockstream.info
614880	0.2202928066253662	0.08977317810058594	blockstream.info
616896	0.21912860870361328	0.08936905860900879	blockstream.info
618912	0.22206664085388184	0.08897948265075684	blockstream.info
620928	0.2193596363067627	0.08746886253356934	blockstream.info
622944	0.21951532363891602	0.08844900131225586	blockstream.info
624960	0.2196364402770996	0.09022378921508789	blockstream.info
626976	0.21915459632873535	0.09088969230651855	blockstream.info
628992	0.22040843963623047	0.08983516693115234	blockstream.info
631008	0.21967673301696777	0.09104776382446289	blockstream.info
633024	0.22177529335021973	0.08975839614868164	blockstream.info
635040	0.2191617488861084	0.09021878242492676	blockstream.info
637056	0.21923470497131348	0.0878608226776123	blockstream.info
639072	0.21947431564331055	0.08860135078430176	blockstream.info
641088	0.21915721893310547	0.08875584602355957	blockstream.info
643104	0.21968936920166016	0.08784914016723633	blockstream.info
645120	0.219193696975708	0.08794999122619629	blockstream.info
647136	0.2191777229309082	0.0875084400177002	blockstream.info
649152	0.21924352645874023	0.08846616744995117	blockstream.info
651168	0.21910738945007324	0.0878603458404541	blockstream.info
653184	0.21956396102905273	0.08701920509338379	blockstream.info
655200	0.21953129768371582	0.08774232864379883	blockstream.info
657216	0.19839906692504883	0.056198835372924805	blockstream.info
