1	0.7561531066894531	0.08725857734680176	VPS.hsmiths.com
2016	0.32377123832702637	0.0893867015838623	VPS.hsmiths.com
4032	0.3367185592651367	0.08729696273803711	VPS.hsmiths.com
6048	0.33492064476013184	0.08822965621948242	VPS.hsmiths.com
8064	0.331770658493042	0.08915209770202637	VPS.hsmiths.com
10080	0.3355693817138672	0.0872349739074707	VPS.hsmiths.com
12096	0.33417439460754395	0.08729791641235352	VPS.hsmiths.com
14112	0.3345644474029541	0.08847308158874512	VPS.hsmiths.com
16128	0.333756685256958	0.08789205551147461	VPS.hsmiths.com
18144	0.3361179828643799	0.08886861801147461	VPS.hsmiths.com
20160	0.33888697624206543	0.08936023712158203	VPS.hsmiths.com
22176	0.334169864654541	0.08699941635131836	VPS.hsmiths.com
24192	0.3383369445800781	0.0885157585144043	VPS.hsmiths.com
26208	0.3367583751678467	0.08906412124633789	VPS.hsmiths.com
28224	0.3346824645996094	0.08823657035827637	VPS.hsmiths.com
30240	0.3339834213256836	0.08855366706848145	VPS.hsmiths.com
32256	0.332430362701416	0.08946585655212402	VPS.hsmiths.com
34272	0.33339405059814453	0.08964109420776367	VPS.hsmiths.com
36288	0.338625431060791	0.08867287635803223	VPS.hsmiths.com
38304	0.3339200019836426	0.09736847877502441	VPS.hsmiths.com
40320	0.3384394645690918	0.17865300178527832	VPS.hsmiths.com
42336	0.3347043991088867	0.08801603317260742	VPS.hsmiths.com
44352	0.3328361511230469	0.08833813667297363	VPS.hsmiths.com
46368	0.33681273460388184	0.0899960994720459	VPS.hsmiths.com
48384	0.33658838272094727	0.08726334571838379	VPS.hsmiths.com
50400	0.33205342292785645	0.08777928352355957	VPS.hsmiths.com
52416	0.338101863861084	0.08758544921875	VPS.hsmiths.com
54432	0.33704137802124023	0.08774900436401367	VPS.hsmiths.com
56448	0.33770203590393066	0.08769011497497559	VPS.hsmiths.com
58464	0.33672618865966797	0.08812189102172852	VPS.hsmiths.com
60480	0.3374652862548828	0.08851981163024902	VPS.hsmiths.com
62496	0.333951473236084	0.0875558853149414	VPS.hsmiths.com
64512	0.33685898780822754	0.08905243873596191	VPS.hsmiths.com
66528	0.3387935161590576	0.08971762657165527	VPS.hsmiths.com
68544	0.3285067081451416	0.08834648132324219	VPS.hsmiths.com
70560	0.3157508373260498	0.08824443817138672	VPS.hsmiths.com
72576	0.2988474369049072	0.08766293525695801	VPS.hsmiths.com
74592	0.2784717082977295	0.0879676342010498	VPS.hsmiths.com
76608	0.26717495918273926	0.08843326568603516	VPS.hsmiths.com
78624	0.25720953941345215	0.08837628364562988	VPS.hsmiths.com
80640	0.26063013076782227	0.08870649337768555	VPS.hsmiths.com
82656	0.25667595863342285	0.08868837356567383	VPS.hsmiths.com
84672	0.25715017318725586	0.08810281753540039	VPS.hsmiths.com
86688	0.25102806091308594	0.08767175674438477	VPS.hsmiths.com
88704	0.2429485321044922	0.0881187915802002	VPS.hsmiths.com
90720	0.23978734016418457	0.08845853805541992	VPS.hsmiths.com
92736	0.23893070220947266	0.08765769004821777	VPS.hsmiths.com
94752	0.23841595649719238	0.08754777908325195	VPS.hsmiths.com
96768	0.23557138442993164	0.0896766185760498	VPS.hsmiths.com
98784	0.2360219955444336	0.08840346336364746	VPS.hsmiths.com
100800	0.2368316650390625	0.08925509452819824	VPS.hsmiths.com
102816	0.23728632926940918	0.08853340148925781	VPS.hsmiths.com
104832	0.23664069175720215	0.0885009765625	VPS.hsmiths.com
106848	0.2377147674560547	0.08850550651550293	VPS.hsmiths.com
108864	0.23656725883483887	0.08830118179321289	VPS.hsmiths.com
110880	0.23680639266967773	0.08794450759887695	VPS.hsmiths.com
112896	0.23627853393554688	0.08902859687805176	VPS.hsmiths.com
114912	0.23442387580871582	0.09021568298339844	VPS.hsmiths.com
116928	0.23711919784545898	0.08969831466674805	VPS.hsmiths.com
118944	0.23595070838928223	0.08862471580505371	VPS.hsmiths.com
120960	0.23695635795593262	0.08899474143981934	VPS.hsmiths.com
122976	0.2361748218536377	0.08789706230163574	VPS.hsmiths.com
124992	0.23610281944274902	0.08820867538452148	VPS.hsmiths.com
127008	0.23572540283203125	0.08750271797180176	VPS.hsmiths.com
129024	0.23470020294189453	0.09043121337890625	VPS.hsmiths.com
131040	0.23749780654907227	0.08982229232788086	VPS.hsmiths.com
133056	0.23688554763793945	0.08922696113586426	VPS.hsmiths.com
135072	0.23617815971374512	0.09066915512084961	VPS.hsmiths.com
137088	0.23694562911987305	0.0903477668762207	VPS.hsmiths.com
139104	0.23702764511108398	0.0892343521118164	VPS.hsmiths.com
141120	0.23593950271606445	0.08872866630554199	VPS.hsmiths.com
143136	0.2340679168701172	0.08962321281433105	VPS.hsmiths.com
145152	0.2368910312652588	0.08872866630554199	VPS.hsmiths.com
147168	0.2362356185913086	0.08890461921691895	VPS.hsmiths.com
149184	0.23569679260253906	0.08911919593811035	VPS.hsmiths.com
151200	0.23632049560546875	0.09069490432739258	VPS.hsmiths.com
153216	0.2372145652770996	0.0876312255859375	VPS.hsmiths.com
155232	0.23671650886535645	0.08768248558044434	VPS.hsmiths.com
157248	0.23578429222106934	0.09054684638977051	VPS.hsmiths.com
159264	0.23594260215759277	0.09020471572875977	VPS.hsmiths.com
161280	0.2373065948486328	0.08904862403869629	VPS.hsmiths.com
163296	0.23568964004516602	0.08937597274780273	VPS.hsmiths.com
165312	0.23629975318908691	0.08835530281066895	VPS.hsmiths.com
167328	0.23647284507751465	0.08855915069580078	VPS.hsmiths.com
169344	0.23521828651428223	0.08987998962402344	VPS.hsmiths.com
171360	0.23486971855163574	0.08873820304870605	VPS.hsmiths.com
173376	0.23629379272460938	0.08929777145385742	VPS.hsmiths.com
175392	0.23618698120117188	0.0892031192779541	VPS.hsmiths.com
177408	0.2367115020751953	0.0888664722442627	VPS.hsmiths.com
179424	0.23653388023376465	0.0885155200958252	VPS.hsmiths.com
181440	0.23537707328796387	0.08782601356506348	VPS.hsmiths.com
183456	0.2362973690032959	0.08691954612731934	VPS.hsmiths.com
185472	0.23472809791564941	0.090362548828125	VPS.hsmiths.com
187488	0.2373199462890625	0.08781766891479492	VPS.hsmiths.com
189504	0.23575210571289062	0.08888483047485352	VPS.hsmiths.com
191520	0.23758840560913086	0.08829784393310547	VPS.hsmiths.com
193536	0.23561835289001465	0.08765840530395508	VPS.hsmiths.com
195552	0.23872160911560059	0.08877158164978027	VPS.hsmiths.com
197568	0.23870468139648438	0.08793187141418457	VPS.hsmiths.com
199584	0.2383105754852295	0.08770489692687988	VPS.hsmiths.com
201600	0.23862242698669434	0.08678507804870605	VPS.hsmiths.com
203616	0.23787951469421387	0.0875253677368164	VPS.hsmiths.com
205632	0.23844003677368164	0.08722424507141113	VPS.hsmiths.com
207648	0.23880267143249512	0.08675765991210938	VPS.hsmiths.com
209664	0.23899555206298828	0.08739519119262695	VPS.hsmiths.com
211680	0.237715482711792	0.08697962760925293	VPS.hsmiths.com
213696	0.23639249801635742	0.08652663230895996	VPS.hsmiths.com
215712	0.23899412155151367	0.08824849128723145	VPS.hsmiths.com
217728	0.23810815811157227	0.08786892890930176	VPS.hsmiths.com
219744	0.2377774715423584	0.0880434513092041	VPS.hsmiths.com
221760	0.23775863647460938	0.08865618705749512	VPS.hsmiths.com
223776	0.24421381950378418	0.08794498443603516	VPS.hsmiths.com
225792	0.2441260814666748	0.08663249015808105	VPS.hsmiths.com
227808	0.23960113525390625	0.08778595924377441	VPS.hsmiths.com
229824	0.24179625511169434	0.0865020751953125	VPS.hsmiths.com
231840	0.24547910690307617	0.0872194766998291	VPS.hsmiths.com
233856	0.2423872947692871	0.08657407760620117	VPS.hsmiths.com
235872	0.24049878120422363	0.08679938316345215	VPS.hsmiths.com
237888	0.24433493614196777	0.08586716651916504	VPS.hsmiths.com
239904	0.237044095993042	0.0862886905670166	VPS.hsmiths.com
241920	0.2360227108001709	0.08878564834594727	VPS.hsmiths.com
243936	0.2379591464996338	0.08782243728637695	VPS.hsmiths.com
245952	0.23615217208862305	0.0882420539855957	VPS.hsmiths.com
247968	0.23546099662780762	0.0883171558380127	VPS.hsmiths.com
249984	0.23699164390563965	0.0878148078918457	VPS.hsmiths.com
252000	0.23717856407165527	0.08698797225952148	VPS.hsmiths.com
254016	0.23703861236572266	0.08840632438659668	VPS.hsmiths.com
256032	0.23593378067016602	0.08754777908325195	VPS.hsmiths.com
258048	0.23594188690185547	0.08753156661987305	VPS.hsmiths.com
260064	0.23564600944519043	0.08723044395446777	VPS.hsmiths.com
262080	0.2354729175567627	0.0884256362915039	VPS.hsmiths.com
264096	0.2367565631866455	0.08687233924865723	VPS.hsmiths.com
266112	0.23742389678955078	0.08803129196166992	VPS.hsmiths.com
268128	0.23871612548828125	0.08990478515625	VPS.hsmiths.com
270144	0.23496174812316895	0.08734798431396484	VPS.hsmiths.com
272160	0.23731327056884766	0.0874330997467041	VPS.hsmiths.com
274176	0.23734593391418457	0.08663415908813477	VPS.hsmiths.com
276192	0.23641157150268555	0.0867159366607666	VPS.hsmiths.com
278208	0.2369828224182129	0.08792328834533691	VPS.hsmiths.com
280224	0.23623275756835938	0.08759260177612305	VPS.hsmiths.com
282240	0.23668575286865234	0.08621764183044434	VPS.hsmiths.com
284256	0.23572134971618652	0.08774805068969727	VPS.hsmiths.com
286272	0.23566818237304688	0.08635759353637695	VPS.hsmiths.com
288288	0.23611187934875488	0.08735966682434082	VPS.hsmiths.com
290304	0.23645830154418945	0.08746194839477539	VPS.hsmiths.com
292320	0.23748159408569336	0.08787965774536133	VPS.hsmiths.com
294336	0.23674941062927246	0.09108352661132812	VPS.hsmiths.com
296352	0.23696541786193848	0.08836865425109863	VPS.hsmiths.com
298368	0.23428678512573242	0.08873510360717773	VPS.hsmiths.com
300384	0.23781657218933105	0.08928298950195312	VPS.hsmiths.com
302400	0.23712563514709473	0.08879947662353516	VPS.hsmiths.com
304416	0.23840856552124023	0.08857393264770508	VPS.hsmiths.com
306432	0.23686504364013672	0.08913612365722656	VPS.hsmiths.com
308448	0.23586726188659668	0.08839941024780273	VPS.hsmiths.com
310464	0.23657679557800293	0.08890628814697266	VPS.hsmiths.com
312480	0.2341156005859375	0.08791518211364746	VPS.hsmiths.com
314496	0.23657560348510742	0.08933091163635254	VPS.hsmiths.com
316512	0.23671674728393555	0.08780860900878906	VPS.hsmiths.com
318528	0.23711633682250977	0.0876302719116211	VPS.hsmiths.com
320544	0.23647618293762207	0.0876915454864502	VPS.hsmiths.com
322560	0.23613333702087402	0.08971548080444336	VPS.hsmiths.com
324576	0.23556900024414062	0.08740901947021484	VPS.hsmiths.com
326592	0.23676633834838867	0.08835721015930176	VPS.hsmiths.com
328608	0.23839282989501953	0.08839058876037598	VPS.hsmiths.com
330624	0.2381761074066162	0.08878612518310547	VPS.hsmiths.com
332640	0.23876547813415527	0.08751225471496582	VPS.hsmiths.com
334656	0.23793506622314453	0.08780217170715332	VPS.hsmiths.com
336672	0.23786664009094238	0.08792853355407715	VPS.hsmiths.com
338688	0.23763060569763184	0.08798646926879883	VPS.hsmiths.com
340704	0.23761963844299316	0.08854150772094727	VPS.hsmiths.com
342720	0.23832201957702637	0.08690047264099121	VPS.hsmiths.com
344736	0.23641443252563477	0.0881500244140625	VPS.hsmiths.com
346752	0.2381131649017334	0.0888369083404541	VPS.hsmiths.com
348768	0.23853754997253418	0.08846807479858398	VPS.hsmiths.com
350784	0.23794317245483398	0.0880289077758789	VPS.hsmiths.com
352800	0.23815584182739258	0.08892512321472168	VPS.hsmiths.com
354816	0.23515081405639648	0.0888833999633789	VPS.hsmiths.com
356832	0.23586463928222656	0.08791661262512207	VPS.hsmiths.com
358848	0.23695135116577148	0.08828496932983398	VPS.hsmiths.com
360864	0.2362957000732422	0.08946824073791504	VPS.hsmiths.com
362880	0.23503804206848145	0.08747005462646484	VPS.hsmiths.com
364896	0.23538613319396973	0.08642578125	VPS.hsmiths.com
366912	0.23749232292175293	0.11023569107055664	VPS.hsmiths.com
368928	0.23685264587402344	0.12601900100708008	VPS.hsmiths.com
370944	0.23672127723693848	0.08791685104370117	VPS.hsmiths.com
372960	0.23542261123657227	0.0864264965057373	VPS.hsmiths.com
374976	0.23604822158813477	0.08695602416992188	VPS.hsmiths.com
376992	0.2373180389404297	0.08711743354797363	VPS.hsmiths.com
379008	0.23670744895935059	0.0881960391998291	VPS.hsmiths.com
381024	0.2370593547821045	0.08826470375061035	VPS.hsmiths.com
383040	0.23671317100524902	0.08597898483276367	VPS.hsmiths.com
385056	0.2377641201019287	0.0877070426940918	VPS.hsmiths.com
387072	0.23750877380371094	0.08810782432556152	VPS.hsmiths.com
389088	0.2366015911102295	0.08659577369689941	VPS.hsmiths.com
391104	0.23756742477416992	0.08850502967834473	VPS.hsmiths.com
393120	0.2393794059753418	0.08863234519958496	VPS.hsmiths.com
395136	0.23871612548828125	0.08797025680541992	VPS.hsmiths.com
397152	0.23614764213562012	0.08928060531616211	VPS.hsmiths.com
399168	0.23671746253967285	0.08987212181091309	VPS.hsmiths.com
401184	0.23497509956359863	0.08933854103088379	VPS.hsmiths.com
403200	0.2375948429107666	0.08994936943054199	VPS.hsmiths.com
405216	0.23781251907348633	0.0896615982055664	VPS.hsmiths.com
407232	0.23746323585510254	0.0903172492980957	VPS.hsmiths.com
409248	0.23722600936889648	0.08981013298034668	VPS.hsmiths.com
411264	0.23898887634277344	0.08991241455078125	VPS.hsmiths.com
413280	0.23681926727294922	0.08973526954650879	VPS.hsmiths.com
415296	0.2354283332824707	0.08966541290283203	VPS.hsmiths.com
417312	0.23838305473327637	0.08721566200256348	VPS.hsmiths.com
419328	0.23702096939086914	0.08604311943054199	VPS.hsmiths.com
421344	0.23897027969360352	0.08826112747192383	VPS.hsmiths.com
423360	0.2367393970489502	0.08805346488952637	VPS.hsmiths.com
425376	0.237898588180542	0.08632373809814453	VPS.hsmiths.com
427392	0.23613214492797852	0.08707118034362793	VPS.hsmiths.com
429408	0.23518967628479004	0.086883544921875	VPS.hsmiths.com
431424	0.2360515594482422	0.08767914772033691	VPS.hsmiths.com
433440	0.2359931468963623	0.0866250991821289	VPS.hsmiths.com
435456	0.23579645156860352	0.08653664588928223	VPS.hsmiths.com
437472	0.23563575744628906	0.08751988410949707	VPS.hsmiths.com
439488	0.2365574836730957	0.0865473747253418	VPS.hsmiths.com
441504	0.23522663116455078	0.08799099922180176	VPS.hsmiths.com
443520	0.23483538627624512	0.0869290828704834	VPS.hsmiths.com
445536	0.2360856533050537	0.08704853057861328	VPS.hsmiths.com
447552	0.23570489883422852	0.0866696834564209	VPS.hsmiths.com
449568	0.2358698844909668	0.08645510673522949	VPS.hsmiths.com
451584	0.23749589920043945	0.0874173641204834	VPS.hsmiths.com
453600	0.23860716819763184	0.09718489646911621	VPS.hsmiths.com
455616	0.2355942726135254	0.09090971946716309	VPS.hsmiths.com
457632	0.2344529628753662	0.08922696113586426	VPS.hsmiths.com
459648	0.23555541038513184	0.08711481094360352	VPS.hsmiths.com
461664	0.2352437973022461	0.08880996704101562	VPS.hsmiths.com
463680	0.23605036735534668	0.08798956871032715	VPS.hsmiths.com
465696	0.2357161045074463	0.08696484565734863	VPS.hsmiths.com
467712	0.2353665828704834	0.08818936347961426	VPS.hsmiths.com
469728	0.2357027530670166	0.08809041976928711	VPS.hsmiths.com
471744	0.2341766357421875	0.0886831283569336	VPS.hsmiths.com
473760	0.23694419860839844	0.08901572227478027	VPS.hsmiths.com
475776	0.2361137866973877	0.0878138542175293	VPS.hsmiths.com
477792	0.23633646965026855	0.08931159973144531	VPS.hsmiths.com
479808	0.23641610145568848	0.08769536018371582	VPS.hsmiths.com
481824	0.23624873161315918	0.0869591236114502	VPS.hsmiths.com
483840	0.23659443855285645	0.08861255645751953	VPS.hsmiths.com
485856	0.23607206344604492	0.08957719802856445	VPS.hsmiths.com
487872	0.23633599281311035	0.0899195671081543	VPS.hsmiths.com
489888	0.23605585098266602	0.08935832977294922	VPS.hsmiths.com
491904	0.23631834983825684	0.0881052017211914	VPS.hsmiths.com
493920	0.23670339584350586	0.08672976493835449	VPS.hsmiths.com
495936	0.23560261726379395	0.08753752708435059	VPS.hsmiths.com
497952	0.23607230186462402	0.08764815330505371	VPS.hsmiths.com
499968	0.23433351516723633	0.09135580062866211	VPS.hsmiths.com
501984	0.235612154006958	0.08957314491271973	VPS.hsmiths.com
504000	0.2366037368774414	0.08810305595397949	VPS.hsmiths.com
506016	0.23595070838928223	0.08765697479248047	VPS.hsmiths.com
508032	0.23673391342163086	0.08965015411376953	VPS.hsmiths.com
510048	0.23617124557495117	0.09075784683227539	VPS.hsmiths.com
512064	0.237501859664917	0.09044170379638672	VPS.hsmiths.com
514080	0.23520207405090332	0.08943676948547363	VPS.hsmiths.com
516096	0.23639225959777832	0.08937430381774902	VPS.hsmiths.com
518112	0.23598217964172363	0.08928871154785156	VPS.hsmiths.com
520128	0.2357494831085205	0.08842158317565918	VPS.hsmiths.com
522144	0.23555827140808105	0.09247088432312012	VPS.hsmiths.com
524160	0.23615550994873047	0.08903288841247559	VPS.hsmiths.com
526176	0.2363114356994629	0.08846569061279297	VPS.hsmiths.com
528192	0.23384332656860352	0.08903312683105469	VPS.hsmiths.com
530208	0.2356548309326172	0.08847689628601074	VPS.hsmiths.com
532224	0.23622632026672363	0.08926272392272949	VPS.hsmiths.com
534240	0.23589658737182617	0.08917856216430664	VPS.hsmiths.com
536256	0.2374744415283203	0.08898687362670898	VPS.hsmiths.com
538272	0.23560643196105957	0.08852386474609375	VPS.hsmiths.com
540288	0.23608994483947754	0.08848190307617188	VPS.hsmiths.com
542304	0.23462557792663574	0.09524798393249512	VPS.hsmiths.com
544320	0.23580312728881836	0.08941268920898438	VPS.hsmiths.com
546336	0.23614978790283203	0.09212231636047363	VPS.hsmiths.com
548352	0.23649096488952637	0.08892130851745605	VPS.hsmiths.com
550368	0.235487699508667	0.08925867080688477	VPS.hsmiths.com
552384	0.23566007614135742	0.08791613578796387	VPS.hsmiths.com
554400	0.23510193824768066	0.08939599990844727	VPS.hsmiths.com
556416	0.23528218269348145	0.0885152816772461	VPS.hsmiths.com
558432	0.23635244369506836	0.08700108528137207	VPS.hsmiths.com
560448	0.23646950721740723	0.09090328216552734	VPS.hsmiths.com
562464	0.23661041259765625	0.08816790580749512	VPS.hsmiths.com
564480	0.23531031608581543	0.08799052238464355	VPS.hsmiths.com
566496	0.23636174201965332	0.08852148056030273	VPS.hsmiths.com
568512	0.23682093620300293	0.088653564453125	VPS.hsmiths.com
570528	0.23587250709533691	0.08783435821533203	VPS.hsmiths.com
572544	0.23671460151672363	0.08827638626098633	VPS.hsmiths.com
574560	0.23671174049377441	0.0877377986907959	VPS.hsmiths.com
576576	0.23562955856323242	0.08771443367004395	VPS.hsmiths.com
578592	0.23563337326049805	0.08743524551391602	VPS.hsmiths.com
580608	0.23709630966186523	0.08827543258666992	VPS.hsmiths.com
582624	0.2349081039428711	0.09125232696533203	VPS.hsmiths.com
584640	0.23458290100097656	0.08782029151916504	VPS.hsmiths.com
586656	0.2358102798461914	0.08934783935546875	VPS.hsmiths.com
588672	0.2357625961303711	0.08924412727355957	VPS.hsmiths.com
590688	0.23596644401550293	0.0876164436340332	VPS.hsmiths.com
592704	0.23610544204711914	0.08866548538208008	VPS.hsmiths.com
594720	0.23539423942565918	0.0870809555053711	VPS.hsmiths.com
596736	0.23582935333251953	0.08827710151672363	VPS.hsmiths.com
598752	0.2350020408630371	0.08807158470153809	VPS.hsmiths.com
600768	0.23754286766052246	0.08748650550842285	VPS.hsmiths.com
602784	0.23573827743530273	0.08840632438659668	VPS.hsmiths.com
604800	0.23674845695495605	0.08931398391723633	VPS.hsmiths.com
606816	0.23557496070861816	0.09018516540527344	VPS.hsmiths.com
608832	0.23743319511413574	0.11071634292602539	VPS.hsmiths.com
610848	0.23552894592285156	0.11007118225097656	VPS.hsmiths.com
612864	0.23422503471374512	0.11072230339050293	VPS.hsmiths.com
614880	0.23587584495544434	0.1100625991821289	VPS.hsmiths.com
616896	0.23726725578308105	0.10904598236083984	VPS.hsmiths.com
618912	0.23602867126464844	0.11042356491088867	VPS.hsmiths.com
620928	0.23613739013671875	0.10991621017456055	VPS.hsmiths.com
622944	0.23627924919128418	0.11072421073913574	VPS.hsmiths.com
624960	0.23551249504089355	0.11023235321044922	VPS.hsmiths.com
626976	0.23429608345031738	0.11074233055114746	VPS.hsmiths.com
628992	0.23503470420837402	0.11062932014465332	VPS.hsmiths.com
631008	0.23551487922668457	0.1091623306274414	VPS.hsmiths.com
633024	0.23615384101867676	0.10977053642272949	VPS.hsmiths.com
635040	0.23551082611083984	0.11110091209411621	VPS.hsmiths.com
637056	0.23577094078063965	0.10947513580322266	VPS.hsmiths.com
639072	0.2357163429260254	0.10950469970703125	VPS.hsmiths.com
641088	0.23380279541015625	0.11016488075256348	VPS.hsmiths.com
643104	0.23563599586486816	0.10992097854614258	VPS.hsmiths.com
645120	0.23590326309204102	0.11103129386901855	VPS.hsmiths.com
647136	0.23532915115356445	0.11225080490112305	VPS.hsmiths.com
649152	0.2357494831085205	0.10944652557373047	VPS.hsmiths.com
651168	0.23621106147766113	0.11067724227905273	VPS.hsmiths.com
653184	0.23711705207824707	0.11027359962463379	VPS.hsmiths.com
655200	0.23550653457641602	0.11186671257019043	VPS.hsmiths.com
657216	0.2087850570678711	0.07088136672973633	VPS.hsmiths.com
