1	0.731086015701294	0.0885467529296875	elx01.knas.systems
2016	0.3275871276855469	0.08767819404602051	elx01.knas.systems
4032	0.33798933029174805	0.08910655975341797	elx01.knas.systems
6048	0.3355386257171631	0.08938336372375488	elx01.knas.systems
8064	0.3341820240020752	0.08744621276855469	elx01.knas.systems
10080	0.33673810958862305	0.08768296241760254	elx01.knas.systems
12096	0.33325815200805664	0.0874025821685791	elx01.knas.systems
14112	0.33433008193969727	0.08728480339050293	elx01.knas.systems
16128	0.33557796478271484	0.08878207206726074	elx01.knas.systems
18144	0.3350212574005127	0.08760499954223633	elx01.knas.systems
20160	0.3355262279510498	0.08986282348632812	elx01.knas.systems
22176	0.3333396911621094	0.08761787414550781	elx01.knas.systems
24192	0.33170247077941895	0.08800101280212402	elx01.knas.systems
26208	0.3299591541290283	0.08702421188354492	elx01.knas.systems
28224	0.33362889289855957	0.08732819557189941	elx01.knas.systems
30240	0.3325636386871338	0.08686208724975586	elx01.knas.systems
32256	0.33219218254089355	0.08741283416748047	elx01.knas.systems
34272	0.3453369140625	0.11003661155700684	elx01.knas.systems
36288	0.33231472969055176	0.17837119102478027	elx01.knas.systems
38304	0.33170032501220703	0.08811712265014648	elx01.knas.systems
40320	0.3343794345855713	0.08635306358337402	elx01.knas.systems
42336	0.33428955078125	0.08683180809020996	elx01.knas.systems
44352	0.33345890045166016	0.08721637725830078	elx01.knas.systems
46368	0.335003137588501	0.08790206909179688	elx01.knas.systems
48384	0.3313734531402588	0.08706903457641602	elx01.knas.systems
50400	0.3346879482269287	0.08613824844360352	elx01.knas.systems
52416	0.33693695068359375	0.08698320388793945	elx01.knas.systems
54432	0.33379292488098145	0.08730697631835938	elx01.knas.systems
56448	0.3326854705810547	0.08805274963378906	elx01.knas.systems
58464	0.33124303817749023	0.0877997875213623	elx01.knas.systems
60480	0.3315317630767822	0.0869131088256836	elx01.knas.systems
62496	0.3339371681213379	0.08713507652282715	elx01.knas.systems
64512	0.3333768844604492	0.08809494972229004	elx01.knas.systems
66528	0.33088016510009766	0.08798027038574219	elx01.knas.systems
68544	0.33423900604248047	0.08760452270507812	elx01.knas.systems
70560	0.33153271675109863	0.08792400360107422	elx01.knas.systems
72576	0.3342630863189697	0.0889892578125	elx01.knas.systems
74592	0.33456850051879883	0.08880209922790527	elx01.knas.systems
76608	0.33467602729797363	0.08818316459655762	elx01.knas.systems
78624	0.33405542373657227	0.0874629020690918	elx01.knas.systems
80640	0.33455419540405273	0.08766460418701172	elx01.knas.systems
82656	0.3355402946472168	0.0877370834350586	elx01.knas.systems
84672	0.3332655429840088	0.08809447288513184	elx01.knas.systems
86688	0.33683347702026367	0.08775711059570312	elx01.knas.systems
88704	0.3321249485015869	0.0860891342163086	elx01.knas.systems
90720	0.3335869312286377	0.0870523452758789	elx01.knas.systems
92736	0.33644604682922363	0.08763623237609863	elx01.knas.systems
94752	0.33576297760009766	0.08749556541442871	elx01.knas.systems
96768	0.3318352699279785	0.08846259117126465	elx01.knas.systems
98784	0.33339667320251465	0.08640384674072266	elx01.knas.systems
100800	0.3362259864807129	0.08747267723083496	elx01.knas.systems
102816	0.3369936943054199	0.08725214004516602	elx01.knas.systems
104832	0.337296724319458	0.08828544616699219	elx01.knas.systems
106848	0.33545351028442383	0.08846092224121094	elx01.knas.systems
108864	0.3317122459411621	0.08810687065124512	elx01.knas.systems
110880	0.3340132236480713	0.08803009986877441	elx01.knas.systems
112896	0.3357696533203125	0.08858227729797363	elx01.knas.systems
114912	0.337230920791626	0.08844733238220215	elx01.knas.systems
116928	0.33434033393859863	0.08884644508361816	elx01.knas.systems
118944	0.3318662643432617	0.0889596939086914	elx01.knas.systems
120960	0.3345620632171631	0.08838605880737305	elx01.knas.systems
122976	0.33593297004699707	0.08818578720092773	elx01.knas.systems
124992	0.5372469425201416	0.08768796920776367	elx01.knas.systems
127008	0.3363626003265381	0.08783364295959473	elx01.knas.systems
129024	0.3439164161682129	0.08977794647216797	elx01.knas.systems
131040	0.3438897132873535	0.0883784294128418	elx01.knas.systems
133056	0.33704447746276855	0.08829236030578613	elx01.knas.systems
135072	0.33563232421875	0.08880257606506348	elx01.knas.systems
137088	0.3450510501861572	0.0878760814666748	elx01.knas.systems
139104	0.331326961517334	0.08727145195007324	elx01.knas.systems
141120	0.33129096031188965	0.08959579467773438	elx01.knas.systems
143136	0.33487629890441895	0.08964276313781738	elx01.knas.systems
145152	0.3416275978088379	0.09047245979309082	elx01.knas.systems
147168	0.34018850326538086	0.08868288993835449	elx01.knas.systems
149184	0.33199334144592285	0.08877110481262207	elx01.knas.systems
151200	0.3327755928039551	0.08869075775146484	elx01.knas.systems
153216	0.33396172523498535	0.08764076232910156	elx01.knas.systems
155232	0.33064913749694824	0.08722043037414551	elx01.knas.systems
157248	0.3334689140319824	0.08863162994384766	elx01.knas.systems
159264	0.33191537857055664	0.08940911293029785	elx01.knas.systems
161280	0.3387124538421631	0.09047317504882812	elx01.knas.systems
163296	0.33376646041870117	0.13280820846557617	elx01.knas.systems
165312	0.33156847953796387	0.13232755661010742	elx01.knas.systems
167328	0.3317906856536865	0.088592529296875	elx01.knas.systems
169344	0.333996057510376	0.08967757225036621	elx01.knas.systems
171360	0.33423399925231934	0.0893406867980957	elx01.knas.systems
173376	0.33065056800842285	0.0885777473449707	elx01.knas.systems
175392	0.330763578414917	0.08613467216491699	elx01.knas.systems
177408	0.3339076042175293	0.08802223205566406	elx01.knas.systems
179424	0.3327488899230957	0.08644723892211914	elx01.knas.systems
181440	0.33374857902526855	0.08788061141967773	elx01.knas.systems
183456	0.33159565925598145	0.08771181106567383	elx01.knas.systems
185472	0.33466529846191406	0.08859729766845703	elx01.knas.systems
187488	0.3316161632537842	0.08704328536987305	elx01.knas.systems
189504	0.3327338695526123	0.08720588684082031	elx01.knas.systems
191520	0.33585524559020996	0.08803415298461914	elx01.knas.systems
193536	0.3338935375213623	0.08777046203613281	elx01.knas.systems
195552	0.33569979667663574	0.08727812767028809	elx01.knas.systems
197568	0.3361647129058838	0.08722305297851562	elx01.knas.systems
199584	0.33904004096984863	0.08697986602783203	elx01.knas.systems
201600	0.33397507667541504	0.08891654014587402	elx01.knas.systems
203616	0.3325052261352539	0.08649635314941406	elx01.knas.systems
205632	0.3344271183013916	0.08702468872070312	elx01.knas.systems
207648	0.3360753059387207	0.08807778358459473	elx01.knas.systems
209664	0.337893009185791	0.08766746520996094	elx01.knas.systems
211680	0.33433985710144043	0.0890355110168457	elx01.knas.systems
213696	0.33490538597106934	0.08822846412658691	elx01.knas.systems
215712	0.3334681987762451	0.0889284610748291	elx01.knas.systems
217728	0.33141279220581055	0.08927607536315918	elx01.knas.systems
219744	0.331531286239624	0.08790993690490723	elx01.knas.systems
221760	0.33449316024780273	0.08809804916381836	elx01.knas.systems
223776	0.33452630043029785	0.0877835750579834	elx01.knas.systems
225792	0.33624744415283203	0.0877680778503418	elx01.knas.systems
227808	0.3354222774505615	0.08752226829528809	elx01.knas.systems
229824	0.33490753173828125	0.08756566047668457	elx01.knas.systems
231840	0.33267831802368164	0.08870863914489746	elx01.knas.systems
233856	0.3332407474517822	0.08687162399291992	elx01.knas.systems
235872	0.3350539207458496	0.08757901191711426	elx01.knas.systems
237888	0.3363981246948242	0.08800625801086426	elx01.knas.systems
239904	0.33770322799682617	0.08722805976867676	elx01.knas.systems
241920	0.33509016036987305	0.08946490287780762	elx01.knas.systems
243936	0.3326754570007324	0.09501218795776367	elx01.knas.systems
245952	0.3360319137573242	0.09320759773254395	elx01.knas.systems
247968	0.3321535587310791	0.09003376960754395	elx01.knas.systems
249984	0.3339993953704834	0.08893322944641113	elx01.knas.systems
252000	0.3331024646759033	0.08832192420959473	elx01.knas.systems
254016	0.33403778076171875	0.08887267112731934	elx01.knas.systems
256032	0.3351163864135742	0.08847498893737793	elx01.knas.systems
258048	0.33295655250549316	0.08666467666625977	elx01.knas.systems
260064	0.3358480930328369	0.08737707138061523	elx01.knas.systems
262080	0.3339042663574219	0.08749914169311523	elx01.knas.systems
264096	0.3328590393066406	0.08706331253051758	elx01.knas.systems
266112	0.33712005615234375	0.08803105354309082	elx01.knas.systems
268128	0.3341946601867676	0.0875089168548584	elx01.knas.systems
270144	0.33514904975891113	0.08807969093322754	elx01.knas.systems
272160	0.33543992042541504	0.0877218246459961	elx01.knas.systems
274176	0.3338942527770996	0.08833432197570801	elx01.knas.systems
276192	0.33402347564697266	0.08814859390258789	elx01.knas.systems
278208	0.3357064723968506	0.0867457389831543	elx01.knas.systems
280224	0.3371894359588623	0.08956217765808105	elx01.knas.systems
282240	0.33496809005737305	0.08858418464660645	elx01.knas.systems
284256	0.33257102966308594	0.0890204906463623	elx01.knas.systems
286272	0.33036279678344727	0.08866548538208008	elx01.knas.systems
288288	0.3317983150482178	0.09016609191894531	elx01.knas.systems
290304	0.33379292488098145	0.09047532081604004	elx01.knas.systems
292320	0.33574533462524414	0.0903923511505127	elx01.knas.systems
294336	0.3306584358215332	0.09273552894592285	elx01.knas.systems
296352	0.33292460441589355	0.09189772605895996	elx01.knas.systems
298368	0.33074450492858887	0.0921328067779541	elx01.knas.systems
300384	0.33177757263183594	0.09206128120422363	elx01.knas.systems
302400	0.3303091526031494	0.09128546714782715	elx01.knas.systems
304416	0.3340184688568115	0.08948636054992676	elx01.knas.systems
306432	0.32979321479797363	0.09039592742919922	elx01.knas.systems
308448	0.3302879333496094	0.09067535400390625	elx01.knas.systems
310464	0.3297765254974365	0.0904386043548584	elx01.knas.systems
312480	0.33291149139404297	0.08980584144592285	elx01.knas.systems
314496	0.333878755569458	0.09000420570373535	elx01.knas.systems
316512	0.3328113555908203	0.08994841575622559	elx01.knas.systems
318528	0.33164095878601074	0.08929038047790527	elx01.knas.systems
320544	0.33461856842041016	0.09133458137512207	elx01.knas.systems
322560	0.33275604248046875	0.09048151969909668	elx01.knas.systems
324576	0.3347761631011963	0.08922767639160156	elx01.knas.systems
326592	0.33608126640319824	0.08953738212585449	elx01.knas.systems
328608	0.3303043842315674	0.09048032760620117	elx01.knas.systems
330624	0.3333132266998291	0.09046578407287598	elx01.knas.systems
332640	0.33000802993774414	0.09055495262145996	elx01.knas.systems
334656	0.33069443702697754	0.09020590782165527	elx01.knas.systems
336672	0.33266615867614746	0.08898091316223145	elx01.knas.systems
338688	0.3342256546020508	0.08887839317321777	elx01.knas.systems
340704	0.3300323486328125	0.08990669250488281	elx01.knas.systems
342720	0.33281421661376953	0.0888524055480957	elx01.knas.systems
344736	0.33191823959350586	0.08858132362365723	elx01.knas.systems
346752	0.3332209587097168	0.0896000862121582	elx01.knas.systems
348768	0.33463048934936523	0.08855724334716797	elx01.knas.systems
350784	0.3337438106536865	0.08953595161437988	elx01.knas.systems
352800	0.33513951301574707	0.08925414085388184	elx01.knas.systems
354816	0.3332383632659912	0.09094786643981934	elx01.knas.systems
356832	0.33168506622314453	0.0889730453491211	elx01.knas.systems
358848	0.333667516708374	0.09098339080810547	elx01.knas.systems
360864	0.3324930667877197	0.0888984203338623	elx01.knas.systems
362880	0.33329343795776367	0.08982467651367188	elx01.knas.systems
364896	0.3343062400817871	0.08925223350524902	elx01.knas.systems
366912	0.33409667015075684	0.0907433032989502	elx01.knas.systems
368928	0.3333756923675537	0.09083724021911621	elx01.knas.systems
370944	0.33353137969970703	0.0893857479095459	elx01.knas.systems
372960	0.3345458507537842	0.09019303321838379	elx01.knas.systems
374976	0.32958436012268066	0.08977484703063965	elx01.knas.systems
376992	0.3293731212615967	0.09024620056152344	elx01.knas.systems
379008	0.33268189430236816	0.09060239791870117	elx01.knas.systems
381024	0.3294100761413574	0.08983421325683594	elx01.knas.systems
383040	0.33248043060302734	0.08997416496276855	elx01.knas.systems
385056	0.33178162574768066	0.09102058410644531	elx01.knas.systems
387072	0.3313415050506592	0.08863592147827148	elx01.knas.systems
389088	0.33278703689575195	0.09006071090698242	elx01.knas.systems
391104	0.32983946800231934	0.0883026123046875	elx01.knas.systems
393120	0.5596568584442139	0.09073781967163086	elx01.knas.systems
395136	0.3357675075531006	0.08942818641662598	elx01.knas.systems
397152	0.33304715156555176	0.08936786651611328	elx01.knas.systems
399168	0.3361968994140625	0.08926653861999512	elx01.knas.systems
401184	0.3366856575012207	0.08855056762695312	elx01.knas.systems
403200	0.33326053619384766	0.08870887756347656	elx01.knas.systems
405216	0.33435702323913574	0.08909225463867188	elx01.knas.systems
407232	0.3338470458984375	0.08761119842529297	elx01.knas.systems
409248	0.332791805267334	0.0895841121673584	elx01.knas.systems
411264	0.33290863037109375	0.08778095245361328	elx01.knas.systems
413280	0.3326261043548584	0.08845138549804688	elx01.knas.systems
415296	0.33434343338012695	0.08703041076660156	elx01.knas.systems
417312	0.33282041549682617	0.08728504180908203	elx01.knas.systems
419328	0.3341517448425293	0.08821487426757812	elx01.knas.systems
421344	0.33495450019836426	0.0887746810913086	elx01.knas.systems
423360	0.3340592384338379	0.08949565887451172	elx01.knas.systems
425376	0.33338475227355957	0.08816099166870117	elx01.knas.systems
427392	0.33400464057922363	0.08815217018127441	elx01.knas.systems
429408	0.3358922004699707	0.09003877639770508	elx01.knas.systems
431424	0.33292675018310547	0.09534668922424316	elx01.knas.systems
433440	0.33426737785339355	0.08697867393493652	elx01.knas.systems
435456	0.3311617374420166	0.08818411827087402	elx01.knas.systems
437472	0.3334355354309082	0.08848977088928223	elx01.knas.systems
439488	0.3342711925506592	0.08870983123779297	elx01.knas.systems
441504	0.33477187156677246	0.1030263900756836	elx01.knas.systems
443520	0.33381152153015137	0.08797335624694824	elx01.knas.systems
445536	0.3324601650238037	0.0888671875	elx01.knas.systems
447552	0.33355236053466797	0.08659505844116211	elx01.knas.systems
449568	0.3334949016571045	0.08768558502197266	elx01.knas.systems
451584	0.3362915515899658	0.08841753005981445	elx01.knas.systems
453600	0.33518314361572266	0.08807015419006348	elx01.knas.systems
455616	0.33296847343444824	0.08760833740234375	elx01.knas.systems
457632	0.33408141136169434	0.08756327629089355	elx01.knas.systems
459648	0.3343698978424072	0.08745932579040527	elx01.knas.systems
461664	0.33220934867858887	0.08938789367675781	elx01.knas.systems
463680	0.33338117599487305	0.08845400810241699	elx01.knas.systems
465696	0.3341515064239502	0.08836650848388672	elx01.knas.systems
467712	0.3292505741119385	0.08825254440307617	elx01.knas.systems
469728	0.33307981491088867	0.08946037292480469	elx01.knas.systems
471744	0.33283424377441406	0.09184741973876953	elx01.knas.systems
473760	0.3333706855773926	0.08856916427612305	elx01.knas.systems
475776	0.3325541019439697	0.08896470069885254	elx01.knas.systems
477792	0.33278989791870117	0.08824467658996582	elx01.knas.systems
479808	0.3349876403808594	0.08768010139465332	elx01.knas.systems
481824	0.33368372917175293	0.08926534652709961	elx01.knas.systems
483840	0.33428096771240234	0.08923578262329102	elx01.knas.systems
485856	0.3352367877960205	0.08938384056091309	elx01.knas.systems
487872	0.33287739753723145	0.09219050407409668	elx01.knas.systems
489888	0.3295156955718994	0.0899498462677002	elx01.knas.systems
491904	0.3325223922729492	0.0900580883026123	elx01.knas.systems
493920	0.33350443840026855	0.08885836601257324	elx01.knas.systems
495936	0.3336794376373291	0.08965826034545898	elx01.knas.systems
497952	0.3294403553009033	0.08987188339233398	elx01.knas.systems
499968	0.3292675018310547	0.08889174461364746	elx01.knas.systems
501984	0.33040595054626465	0.08955192565917969	elx01.knas.systems
504000	0.3295257091522217	0.08964920043945312	elx01.knas.systems
506016	0.33234596252441406	0.08868813514709473	elx01.knas.systems
508032	0.3336198329925537	0.08948659896850586	elx01.knas.systems
510048	0.33333826065063477	0.08942580223083496	elx01.knas.systems
512064	0.32978320121765137	0.09002852439880371	elx01.knas.systems
514080	0.33391785621643066	0.08867311477661133	elx01.knas.systems
516096	0.33294677734375	0.08887529373168945	elx01.knas.systems
518112	0.33251476287841797	0.08884882926940918	elx01.knas.systems
520128	0.3352508544921875	0.08842825889587402	elx01.knas.systems
522144	0.3365054130554199	0.08899116516113281	elx01.knas.systems
524160	0.33428955078125	0.0886542797088623	elx01.knas.systems
526176	0.33170557022094727	0.08863306045532227	elx01.knas.systems
528192	0.33281469345092773	0.08919906616210938	elx01.knas.systems
530208	0.33338189125061035	0.08882284164428711	elx01.knas.systems
532224	0.3313164710998535	0.08953571319580078	elx01.knas.systems
534240	0.3293907642364502	0.08967185020446777	elx01.knas.systems
536256	0.33263325691223145	0.08898472785949707	elx01.knas.systems
538272	0.3286890983581543	0.09723114967346191	elx01.knas.systems
540288	0.33223509788513184	0.08967399597167969	elx01.knas.systems
542304	0.33379268646240234	0.0887300968170166	elx01.knas.systems
544320	0.33503150939941406	0.0910651683807373	elx01.knas.systems
546336	0.3338289260864258	0.08904528617858887	elx01.knas.systems
548352	0.33432650566101074	0.08925843238830566	elx01.knas.systems
550368	0.3347148895263672	0.09095144271850586	elx01.knas.systems
552384	0.33032822608947754	0.08931589126586914	elx01.knas.systems
554400	0.33080124855041504	0.08813261985778809	elx01.knas.systems
556416	0.33282041549682617	0.09096884727478027	elx01.knas.systems
558432	0.3330559730529785	0.09058809280395508	elx01.knas.systems
560448	0.33466267585754395	0.0912618637084961	elx01.knas.systems
562464	0.334622859954834	0.09011554718017578	elx01.knas.systems
564480	0.32958555221557617	0.08918023109436035	elx01.knas.systems
566496	0.3288545608520508	0.09137916564941406	elx01.knas.systems
568512	0.32868456840515137	0.09045791625976562	elx01.knas.systems
570528	0.3336217403411865	0.08979582786560059	elx01.knas.systems
572544	0.3339118957519531	0.08957219123840332	elx01.knas.systems
574560	0.3341085910797119	0.08984041213989258	elx01.knas.systems
576576	0.3342931270599365	0.08940005302429199	elx01.knas.systems
578592	0.3348863124847412	0.08985400199890137	elx01.knas.systems
580608	0.3321995735168457	0.08931946754455566	elx01.knas.systems
582624	0.3341860771179199	0.0879518985748291	elx01.knas.systems
584640	0.3308992385864258	0.08882880210876465	elx01.knas.systems
586656	0.32998108863830566	0.08797788619995117	elx01.knas.systems
588672	0.32796525955200195	0.08806800842285156	elx01.knas.systems
590688	0.3330347537994385	0.08936572074890137	elx01.knas.systems
592704	0.33440303802490234	0.08762478828430176	elx01.knas.systems
594720	0.3302116394042969	0.08754682540893555	elx01.knas.systems
596736	0.3325228691101074	0.08767151832580566	elx01.knas.systems
598752	0.33148813247680664	0.08957552909851074	elx01.knas.systems
600768	0.33310723304748535	0.08925867080688477	elx01.knas.systems
602784	0.33452367782592773	0.08870482444763184	elx01.knas.systems
604800	0.3301432132720947	0.08770751953125	elx01.knas.systems
606816	0.3318514823913574	0.09006905555725098	bitcoin.aranguren.org
608832	0.33228039741516113	0.09170413017272949	bitcoin.aranguren.org
610848	0.3330049514770508	0.08740592002868652	bitcoin.aranguren.org
612864	0.33401918411254883	0.08799457550048828	bitcoin.aranguren.org
614880	0.3332943916320801	0.08883476257324219	bitcoin.aranguren.org
616896	0.33402442932128906	0.08972382545471191	bitcoin.aranguren.org
618912	0.3296070098876953	0.09075117111206055	bitcoin.aranguren.org
620928	0.3328273296356201	0.09003901481628418	bitcoin.aranguren.org
622944	0.3342733383178711	0.08905935287475586	bitcoin.aranguren.org
624960	0.32906413078308105	0.08761143684387207	bitcoin.aranguren.org
626976	0.33228015899658203	0.08950614929199219	bitcoin.aranguren.org
628992	0.3351256847381592	0.08998990058898926	bitcoin.aranguren.org
631008	0.33269190788269043	0.08995366096496582	bitcoin.aranguren.org
633024	0.33283352851867676	0.0895082950592041	bitcoin.aranguren.org
635040	0.33133625984191895	0.08969759941101074	bitcoin.aranguren.org
637056	0.33304452896118164	0.0895838737487793	bitcoin.aranguren.org
639072	0.3323214054107666	0.08995509147644043	bitcoin.aranguren.org
641088	0.330338716506958	0.09062862396240234	bitcoin.aranguren.org
643104	0.3331294059753418	0.09013605117797852	bitcoin.aranguren.org
645120	0.3325376510620117	0.08889555931091309	bitcoin.aranguren.org
647136	0.3305518627166748	0.08813285827636719	bitcoin.aranguren.org
649152	0.3328406810760498	0.0913383960723877	bitcoin.aranguren.org
651168	0.3326430320739746	0.09050607681274414	bitcoin.aranguren.org
653184	0.33074092864990234	0.08925557136535645	bitcoin.aranguren.org
655200	0.3337423801422119	0.09054923057556152	bitcoin.aranguren.org
657216	0.2659268379211426	0.05684971809387207	bitcoin.aranguren.org
