1	0.9240329265594482	0.08669281005859375	bitcoin.aranguren.org
2016	1.63285493850708	0.08766627311706543	bitcoin.aranguren.org
4032	0.6858906745910645	0.0866537094116211	bitcoin.aranguren.org
6048	0.8326258659362793	0.08913969993591309	bitcoin.aranguren.org
8064	0.869539737701416	0.08742809295654297	bitcoin.aranguren.org
10080	1.051293134689331	0.08850741386413574	bitcoin.aranguren.org
12096	1.091209888458252	0.0870509147644043	bitcoin.aranguren.org
14112	1.122936725616455	0.08774590492248535	bitcoin.aranguren.org
16128	1.1733078956604004	0.08856844902038574	bitcoin.aranguren.org
18144	1.1572275161743164	0.08864450454711914	bitcoin.aranguren.org
20160	1.238072156906128	0.08841729164123535	bitcoin.aranguren.org
22176	2.7395031452178955	0.0886380672454834	bitcoin.aranguren.org
24192	1.3243131637573242	0.08719706535339355	bitcoin.aranguren.org
26208	1.3546111583709717	0.0898592472076416	bitcoin.aranguren.org
28224	1.3860831260681152	0.08801770210266113	bitcoin.aranguren.org
30240	1.4258997440338135	0.08942914009094238	bitcoin.aranguren.org
32256	1.383396863937378	0.08896160125732422	bitcoin.aranguren.org
34272	1.3837840557098389	0.08910346031188965	bitcoin.aranguren.org
36288	1.4080049991607666	0.08885598182678223	bitcoin.aranguren.org
38304	1.6029431819915771	0.08990883827209473	bitcoin.aranguren.org
40320	1.6344423294067383	0.08615469932556152	bitcoin.aranguren.org
42336	1.7314841747283936	0.08643245697021484	bitcoin.aranguren.org
44352	1.5762412548065186	0.0863943099975586	bitcoin.aranguren.org
46368	2.048381805419922	0.08656430244445801	bitcoin.aranguren.org
48384	2.064345359802246	0.08796095848083496	bitcoin.aranguren.org
50400	1.996868371963501	0.08700013160705566	bitcoin.aranguren.org
52416	2.1270737648010254	0.08671855926513672	bitcoin.aranguren.org
54432	2.0560410022735596	0.08738112449645996	bitcoin.aranguren.org
56448	2.1415176391601562	0.08539438247680664	bitcoin.aranguren.org
58464	2.0963633060455322	0.0868217945098877	bitcoin.aranguren.org
60480	2.2193596363067627	0.08761477470397949	bitcoin.aranguren.org
62496	2.298082113265991	0.08707046508789062	bitcoin.aranguren.org
64512	2.194730281829834	0.0882561206817627	bitcoin.aranguren.org
66528	2.2097465991973877	0.08561038970947266	bitcoin.aranguren.org
68544	2.273113250732422	0.08869528770446777	bitcoin.aranguren.org
70560	2.304246187210083	0.0888059139251709	bitcoin.aranguren.org
72576	2.3672008514404297	0.08968925476074219	bitcoin.aranguren.org
74592	2.4000637531280518	0.08884263038635254	bitcoin.aranguren.org
76608	2.4600183963775635	0.08927249908447266	bitcoin.aranguren.org
78624	2.4895827770233154	0.08875608444213867	bitcoin.aranguren.org
80640	2.5470874309539795	0.08841323852539062	bitcoin.aranguren.org
82656	2.5875675678253174	0.0882101058959961	bitcoin.aranguren.org
84672	2.694608211517334	0.08731389045715332	bitcoin.aranguren.org
86688	2.9587128162384033	0.08670306205749512	bitcoin.aranguren.org
88704	2.8060131072998047	0.08765435218811035	bitcoin.aranguren.org
90720	2.7803866863250732	0.08663415908813477	bitcoin.aranguren.org
92736	2.8623077869415283	0.08690094947814941	bitcoin.aranguren.org
94752	2.876950979232788	0.08669328689575195	bitcoin.aranguren.org
96768	3.0720627307891846	0.08845853805541992	bitcoin.aranguren.org
98784	2.975607395172119	0.08675217628479004	bitcoin.aranguren.org
100800	3.0880255699157715	0.08617329597473145	bitcoin.aranguren.org
102816	3.1250061988830566	0.08613729476928711	bitcoin.aranguren.org
104832	2.960574150085449	0.08736300468444824	bitcoin.aranguren.org
106848	3.0255017280578613	0.08766818046569824	bitcoin.aranguren.org
108864	3.068253517150879	0.08663797378540039	bitcoin.aranguren.org
110880	3.1233785152435303	0.08737993240356445	bitcoin.aranguren.org
112896	3.184234619140625	0.08884191513061523	bitcoin.aranguren.org
114912	15.018041610717773	0.08971810340881348	bitcoin.aranguren.org
116929	2.1345338821411133	0.08961081504821777	VPS.hsmiths.com
118944	0.5433461666107178	0.08917665481567383	VPS.hsmiths.com
120960	0.5409350395202637	0.08865714073181152	VPS.hsmiths.com
122976	0.27803540229797363	0.08876657485961914	VPS.hsmiths.com
124992	0.27825164794921875	0.08722138404846191	VPS.hsmiths.com
127008	0.27619147300720215	0.08637428283691406	VPS.hsmiths.com
129024	0.27654576301574707	0.08780121803283691	VPS.hsmiths.com
131040	0.31643080711364746	0.08681154251098633	VPS.hsmiths.com
133056	0.27625417709350586	0.08731460571289062	VPS.hsmiths.com
135072	0.2756948471069336	0.08837890625	VPS.hsmiths.com
137088	0.27541232109069824	0.08775138854980469	VPS.hsmiths.com
139104	0.27421069145202637	0.0867464542388916	VPS.hsmiths.com
141120	0.2755568027496338	0.08701896667480469	VPS.hsmiths.com
143136	0.2761404514312744	0.08625197410583496	VPS.hsmiths.com
145152	0.27476954460144043	0.08552765846252441	VPS.hsmiths.com
147168	0.2740345001220703	0.08761167526245117	VPS.hsmiths.com
149184	0.2750098705291748	0.0875086784362793	VPS.hsmiths.com
151200	0.2763392925262451	0.08623337745666504	VPS.hsmiths.com
153216	0.2772853374481201	0.08749270439147949	VPS.hsmiths.com
155232	0.2763969898223877	0.08789324760437012	VPS.hsmiths.com
157248	0.2741560935974121	0.08687853813171387	VPS.hsmiths.com
159264	0.33272671699523926	0.08818960189819336	VPS.hsmiths.com
161280	0.2761406898498535	0.0863184928894043	VPS.hsmiths.com
163296	0.2744419574737549	0.0866851806640625	VPS.hsmiths.com
165312	0.2757241725921631	0.08583617210388184	VPS.hsmiths.com
167328	0.276775598526001	0.08757829666137695	VPS.hsmiths.com
169344	0.2768826484680176	0.08684206008911133	VPS.hsmiths.com
171360	0.27673888206481934	0.08710002899169922	VPS.hsmiths.com
173376	0.27538275718688965	0.08520627021789551	VPS.hsmiths.com
175392	0.27695679664611816	0.0862889289855957	VPS.hsmiths.com
177408	0.2776024341583252	0.0849461555480957	VPS.hsmiths.com
179424	0.27397751808166504	0.0854032039642334	VPS.hsmiths.com
181440	0.27580976486206055	0.08645820617675781	VPS.hsmiths.com
183456	0.27509307861328125	0.08527708053588867	VPS.hsmiths.com
185472	0.277362585067749	0.08477640151977539	VPS.hsmiths.com
187488	0.27480268478393555	0.08496236801147461	VPS.hsmiths.com
189504	0.27551841735839844	0.08630084991455078	VPS.hsmiths.com
191520	0.2755444049835205	0.08656716346740723	VPS.hsmiths.com
193536	0.276749849319458	0.08831930160522461	VPS.hsmiths.com
195552	0.2758452892303467	0.0870053768157959	VPS.hsmiths.com
197568	0.28868651390075684	0.08615851402282715	VPS.hsmiths.com
199584	0.27901291847229004	0.08570480346679688	VPS.hsmiths.com
201600	0.2754995822906494	0.08333897590637207	VPS.hsmiths.com
203616	0.2775261402130127	0.08464431762695312	VPS.hsmiths.com
205632	0.2744743824005127	0.08638834953308105	VPS.hsmiths.com
207648	0.27715516090393066	0.08617591857910156	VPS.hsmiths.com
209664	0.27394843101501465	0.0872945785522461	VPS.hsmiths.com
211680	0.28066062927246094	0.0871422290802002	VPS.hsmiths.com
213696	0.27393579483032227	0.0881192684173584	VPS.hsmiths.com
215712	0.2745833396911621	0.08750557899475098	VPS.hsmiths.com
217728	0.31489086151123047	0.0863492488861084	VPS.hsmiths.com
219744	0.2741100788116455	0.08727192878723145	VPS.hsmiths.com
221760	0.27576613426208496	0.08718466758728027	VPS.hsmiths.com
223776	0.2758908271789551	0.08701348304748535	VPS.hsmiths.com
225792	0.2772839069366455	0.08824443817138672	VPS.hsmiths.com
227808	0.27655029296875	0.08548212051391602	VPS.hsmiths.com
229824	0.2760639190673828	0.08594250679016113	VPS.hsmiths.com
231840	0.27518153190612793	0.08741283416748047	VPS.hsmiths.com
233856	0.27889060974121094	0.08836030960083008	VPS.hsmiths.com
235872	0.2766900062561035	0.08797526359558105	VPS.hsmiths.com
237888	0.27390265464782715	0.0890355110168457	VPS.hsmiths.com
239904	0.27612781524658203	0.08835792541503906	VPS.hsmiths.com
241920	0.27771663665771484	0.08893847465515137	VPS.hsmiths.com
243936	0.2759237289428711	0.08709120750427246	VPS.hsmiths.com
245952	0.2773599624633789	0.08766436576843262	VPS.hsmiths.com
247968	0.2740485668182373	0.0908815860748291	VPS.hsmiths.com
249984	0.27405691146850586	0.089324951171875	VPS.hsmiths.com
252000	0.28098511695861816	0.08852982521057129	VPS.hsmiths.com
254016	0.27561306953430176	0.08857917785644531	VPS.hsmiths.com
256032	0.27404189109802246	0.08832430839538574	VPS.hsmiths.com
258048	0.2774083614349365	0.08644437789916992	VPS.hsmiths.com
260064	0.27521228790283203	0.08704257011413574	VPS.hsmiths.com
262080	0.2755579948425293	0.08717107772827148	VPS.hsmiths.com
264096	0.27593159675598145	0.08916687965393066	VPS.hsmiths.com
266112	0.27607131004333496	0.08909440040588379	VPS.hsmiths.com
268128	0.2777237892150879	0.08652114868164062	VPS.hsmiths.com
270144	0.2746298313140869	0.08766293525695801	VPS.hsmiths.com
272160	0.277970552444458	0.08801436424255371	VPS.hsmiths.com
274176	0.27660083770751953	0.08766841888427734	VPS.hsmiths.com
276192	0.2754249572753906	0.08568429946899414	VPS.hsmiths.com
278208	0.2778186798095703	0.08603668212890625	VPS.hsmiths.com
280224	0.27422666549682617	0.08608388900756836	VPS.hsmiths.com
282240	0.3124654293060303	0.08790421485900879	VPS.hsmiths.com
284256	0.2784273624420166	0.08382439613342285	VPS.hsmiths.com
286272	0.2743690013885498	0.0867009162902832	VPS.hsmiths.com
288288	0.2747323513031006	0.08670949935913086	VPS.hsmiths.com
290304	0.275407075881958	0.08687138557434082	VPS.hsmiths.com
292320	0.27616167068481445	0.0897669792175293	VPS.hsmiths.com
294336	0.27651309967041016	0.09055066108703613	VPS.hsmiths.com
296352	0.2767179012298584	0.08742594718933105	VPS.hsmiths.com
298368	0.2738180160522461	0.08849191665649414	VPS.hsmiths.com
300384	0.27375221252441406	0.08823180198669434	VPS.hsmiths.com
302400	0.27520060539245605	0.08845329284667969	VPS.hsmiths.com
304416	0.2751634120941162	0.08829069137573242	VPS.hsmiths.com
306432	0.27420806884765625	0.08873867988586426	VPS.hsmiths.com
308448	0.27425169944763184	0.08777928352355957	VPS.hsmiths.com
310464	0.3337063789367676	0.08729171752929688	VPS.hsmiths.com
312480	0.2752196788787842	0.08864212036132812	VPS.hsmiths.com
314496	0.27559638023376465	0.08838605880737305	VPS.hsmiths.com
316512	0.2748847007751465	0.08786725997924805	VPS.hsmiths.com
318528	0.2740519046783447	0.08960938453674316	VPS.hsmiths.com
320544	0.27399587631225586	0.08862042427062988	VPS.hsmiths.com
322560	0.27475643157958984	0.08767104148864746	VPS.hsmiths.com
324576	0.27423715591430664	0.08900570869445801	VPS.hsmiths.com
326592	0.2743561267852783	0.08932948112487793	VPS.hsmiths.com
328608	0.2742347717285156	0.08687543869018555	VPS.hsmiths.com
330624	0.27397775650024414	0.08895111083984375	VPS.hsmiths.com
332640	0.27442002296447754	0.0900576114654541	VPS.hsmiths.com
334656	0.27700185775756836	0.08854508399963379	VPS.hsmiths.com
336672	0.27410101890563965	0.08853006362915039	VPS.hsmiths.com
338688	0.27477025985717773	0.08879542350769043	VPS.hsmiths.com
340704	0.2853069305419922	0.09243178367614746	VPS.hsmiths.com
342720	0.2749316692352295	0.08826088905334473	VPS.hsmiths.com
344736	0.27400660514831543	0.08835840225219727	VPS.hsmiths.com
346752	0.2750253677368164	0.08858680725097656	VPS.hsmiths.com
348768	0.2753260135650635	0.08848810195922852	VPS.hsmiths.com
350784	0.27498817443847656	0.08817529678344727	VPS.hsmiths.com
352800	0.2771298885345459	0.0890038013458252	VPS.hsmiths.com
354816	0.2761530876159668	0.08833074569702148	VPS.hsmiths.com
356832	0.27547216415405273	0.08836174011230469	VPS.hsmiths.com
358848	0.27448058128356934	0.08862018585205078	VPS.hsmiths.com
360864	0.27525758743286133	0.0875856876373291	VPS.hsmiths.com
362880	0.2797811031341553	0.0889120101928711	VPS.hsmiths.com
364896	0.2751283645629883	0.08796811103820801	VPS.hsmiths.com
366912	0.27393269538879395	0.08846735954284668	VPS.hsmiths.com
368928	0.27384352684020996	0.08921360969543457	VPS.hsmiths.com
370944	0.2740476131439209	0.08807015419006348	VPS.hsmiths.com
372960	0.27553582191467285	0.08877015113830566	VPS.hsmiths.com
374976	0.2740304470062256	0.08793807029724121	VPS.hsmiths.com
376992	0.2762880325317383	0.08789324760437012	VPS.hsmiths.com
379008	0.2759230136871338	0.0874626636505127	VPS.hsmiths.com
381024	0.2759218215942383	0.08799290657043457	VPS.hsmiths.com
383040	0.27571868896484375	0.08830475807189941	VPS.hsmiths.com
385056	0.2740457057952881	0.08889222145080566	VPS.hsmiths.com
387072	0.2825772762298584	0.0922703742980957	VPS.hsmiths.com
389088	0.27640414237976074	0.08827877044677734	VPS.hsmiths.com
391104	0.27512145042419434	0.08838391304016113	VPS.hsmiths.com
393120	0.2761366367340088	0.08848023414611816	VPS.hsmiths.com
395136	0.2738306522369385	0.08979558944702148	VPS.hsmiths.com
397152	0.2745680809020996	0.08887839317321777	VPS.hsmiths.com
399168	0.27698612213134766	0.08891773223876953	VPS.hsmiths.com
401184	0.2749922275543213	0.08869552612304688	VPS.hsmiths.com
403200	0.2763481140136719	0.08879733085632324	VPS.hsmiths.com
405216	0.27716064453125	0.08922553062438965	VPS.hsmiths.com
407232	0.27802181243896484	0.08949589729309082	VPS.hsmiths.com
409248	0.27521610260009766	0.08828377723693848	VPS.hsmiths.com
411264	0.27686476707458496	0.08863663673400879	VPS.hsmiths.com
413280	0.2762470245361328	0.08819437026977539	VPS.hsmiths.com
415296	0.2739899158477783	0.0888972282409668	VPS.hsmiths.com
417312	0.27634716033935547	0.08793115615844727	VPS.hsmiths.com
419328	0.27431273460388184	0.08815288543701172	VPS.hsmiths.com
421344	0.27548789978027344	0.08814811706542969	VPS.hsmiths.com
423360	0.2757539749145508	0.08828401565551758	VPS.hsmiths.com
425376	0.2751345634460449	0.08838200569152832	VPS.hsmiths.com
427392	0.2785646915435791	0.08928394317626953	VPS.hsmiths.com
429408	0.2741270065307617	0.08800983428955078	VPS.hsmiths.com
431424	0.28102540969848633	0.08874630928039551	VPS.hsmiths.com
433440	0.279435396194458	0.08817934989929199	VPS.hsmiths.com
435456	0.2775602340698242	0.08759570121765137	VPS.hsmiths.com
437472	0.273909330368042	0.08824563026428223	VPS.hsmiths.com
439488	0.27661633491516113	0.08725690841674805	VPS.hsmiths.com
441504	0.27586817741394043	0.08702492713928223	VPS.hsmiths.com
443520	0.2782762050628662	0.0872805118560791	VPS.hsmiths.com
445536	0.2747194766998291	0.08674144744873047	VPS.hsmiths.com
447552	0.2747218608856201	0.08673834800720215	VPS.hsmiths.com
449568	0.2747180461883545	0.0871119499206543	VPS.hsmiths.com
451584	0.2755446434020996	0.0875086784362793	VPS.hsmiths.com
453600	0.27564334869384766	0.08878064155578613	VPS.hsmiths.com
455616	0.27583956718444824	0.08741283416748047	VPS.hsmiths.com
457632	0.27367258071899414	0.0877535343170166	VPS.hsmiths.com
459648	0.29081273078918457	0.08751630783081055	VPS.hsmiths.com
461664	0.2761363983154297	0.08868002891540527	VPS.hsmiths.com
463680	0.275665283203125	0.0877382755279541	VPS.hsmiths.com
465696	0.2747492790222168	0.08841896057128906	VPS.hsmiths.com
467712	0.2764115333557129	0.08826136589050293	VPS.hsmiths.com
469728	0.2739903926849365	0.0875391960144043	VPS.hsmiths.com
471744	0.27525758743286133	0.08865809440612793	VPS.hsmiths.com
473760	0.2757833003997803	0.08818340301513672	VPS.hsmiths.com
475776	0.27613067626953125	0.0889275074005127	VPS.hsmiths.com
477792	0.27588701248168945	0.09564614295959473	VPS.hsmiths.com
479808	0.2751882076263428	0.08812379837036133	VPS.hsmiths.com
481824	0.2764599323272705	0.08875226974487305	VPS.hsmiths.com
483840	0.2755861282348633	0.08816123008728027	VPS.hsmiths.com
485856	0.27771425247192383	0.08884763717651367	VPS.hsmiths.com
487872	0.3141806125640869	0.088836669921875	VPS.hsmiths.com
489888	0.27894139289855957	0.08984494209289551	VPS.hsmiths.com
491904	0.2761201858520508	0.08991050720214844	VPS.hsmiths.com
493920	0.2784605026245117	0.09021496772766113	VPS.hsmiths.com
495936	0.2755892276763916	0.08893513679504395	VPS.hsmiths.com
497952	0.2768521308898926	0.08848309516906738	VPS.hsmiths.com
499968	0.2764291763305664	0.0892333984375	VPS.hsmiths.com
501984	0.2759878635406494	0.08906412124633789	VPS.hsmiths.com
504000	0.27525830268859863	0.0882105827331543	VPS.hsmiths.com
506016	0.2747495174407959	0.0890343189239502	VPS.hsmiths.com
508032	0.2751178741455078	0.08922815322875977	VPS.hsmiths.com
510048	0.2769498825073242	0.08836030960083008	VPS.hsmiths.com
512064	0.2758617401123047	0.08854031562805176	VPS.hsmiths.com
514080	0.2771189212799072	0.0891871452331543	VPS.hsmiths.com
516096	0.274979829788208	0.08896183967590332	VPS.hsmiths.com
518112	1.5854322910308838	0.08894991874694824	VPS.hsmiths.com
520128	0.27413010597229004	0.08835768699645996	VPS.hsmiths.com
522144	0.28071117401123047	0.08860301971435547	VPS.hsmiths.com
524160	0.2753586769104004	0.0892331600189209	VPS.hsmiths.com
526176	0.2774033546447754	0.08876395225524902	VPS.hsmiths.com
528192	0.27395081520080566	0.0893700122833252	VPS.hsmiths.com
530208	0.27606201171875	0.0896902084350586	VPS.hsmiths.com
532224	0.2767679691314697	0.09001469612121582	VPS.hsmiths.com
534240	0.27602577209472656	0.08910179138183594	VPS.hsmiths.com
536256	0.27393507957458496	0.08927607536315918	VPS.hsmiths.com
538272	0.27379345893859863	0.08948040008544922	VPS.hsmiths.com
540288	0.2738173007965088	0.08968472480773926	VPS.hsmiths.com
542304	0.27545762062072754	0.08944463729858398	VPS.hsmiths.com
544320	0.2736973762512207	0.08885765075683594	VPS.hsmiths.com
546336	0.2779107093811035	0.08901000022888184	VPS.hsmiths.com
548352	0.27413034439086914	0.08866763114929199	VPS.hsmiths.com
550368	0.2752399444580078	0.08946871757507324	VPS.hsmiths.com
552384	0.27619409561157227	0.08940720558166504	VPS.hsmiths.com
554400	0.27411770820617676	0.08835506439208984	VPS.hsmiths.com
556416	0.2758467197418213	0.0892641544342041	VPS.hsmiths.com
558432	0.27498793601989746	0.08985543251037598	VPS.hsmiths.com
560448	0.2779562473297119	0.08912062644958496	VPS.hsmiths.com
562464	0.27623987197875977	0.08920407295227051	VPS.hsmiths.com
564480	0.2757761478424072	0.08874130249023438	VPS.hsmiths.com
566496	0.2758164405822754	0.08928132057189941	VPS.hsmiths.com
568512	0.2771885395050049	0.08899950981140137	VPS.hsmiths.com
570528	0.2791914939880371	0.08927130699157715	VPS.hsmiths.com
572544	0.27624988555908203	0.08927559852600098	VPS.hsmiths.com
574560	0.2780635356903076	0.08909726142883301	VPS.hsmiths.com
576576	0.2984127998352051	0.08889174461364746	VPS.hsmiths.com
578592	0.27861690521240234	0.08911871910095215	VPS.hsmiths.com
580608	0.2739272117614746	0.08841943740844727	VPS.hsmiths.com
582624	0.2762918472290039	0.08941817283630371	VPS.hsmiths.com
584640	0.2762565612792969	0.08939266204833984	VPS.hsmiths.com
586656	0.27570366859436035	0.08937406539916992	VPS.hsmiths.com
588672	0.2770817279815674	0.0898585319519043	VPS.hsmiths.com
590688	0.27443861961364746	0.08882617950439453	VPS.hsmiths.com
592704	0.27645277976989746	0.08925652503967285	VPS.hsmiths.com
594720	0.2753181457519531	0.0885918140411377	VPS.hsmiths.com
596736	0.27721095085144043	0.08852815628051758	VPS.hsmiths.com
598752	0.27656054496765137	0.09043288230895996	VPS.hsmiths.com
600768	0.27541208267211914	0.08806252479553223	VPS.hsmiths.com
602784	0.2753257751464844	0.08932733535766602	VPS.hsmiths.com
604800	0.276123046875	0.08914065361022949	VPS.hsmiths.com
606816	0.2744607925415039	0.08962059020996094	VPS.hsmiths.com
608832	0.2758357524871826	0.09026741981506348	VPS.hsmiths.com
610848	0.2755451202392578	0.08939433097839355	VPS.hsmiths.com
612864	0.27754878997802734	0.08730340003967285	VPS.hsmiths.com
614880	0.27539491653442383	0.08847594261169434	VPS.hsmiths.com
616896	0.2757256031036377	0.08690547943115234	VPS.hsmiths.com
618912	0.27645230293273926	0.08741545677185059	VPS.hsmiths.com
620928	0.27567291259765625	0.08986139297485352	VPS.hsmiths.com
622944	0.27602529525756836	0.08648943901062012	VPS.hsmiths.com
624960	0.27398157119750977	0.09008526802062988	VPS.hsmiths.com
626976	0.2740349769592285	0.089111328125	VPS.hsmiths.com
628992	0.27514004707336426	0.08810186386108398	VPS.hsmiths.com
631008	0.2760169506072998	0.08880019187927246	VPS.hsmiths.com
633024	0.27590322494506836	0.0877523422241211	VPS.hsmiths.com
635040	0.2748289108276367	0.0883033275604248	VPS.hsmiths.com
637056	0.275144100189209	0.08899521827697754	VPS.hsmiths.com
639072	0.2756500244140625	0.08826041221618652	VPS.hsmiths.com
641088	0.27580904960632324	0.08809828758239746	VPS.hsmiths.com
643104	0.27556371688842773	0.0883183479309082	VPS.hsmiths.com
645120	0.2770538330078125	0.08862543106079102	VPS.hsmiths.com
647136	0.2759406566619873	0.08812594413757324	VPS.hsmiths.com
649152	0.27544450759887695	0.08803534507751465	VPS.hsmiths.com
651168	0.27399253845214844	0.0896756649017334	VPS.hsmiths.com
653184	0.2753407955169678	0.08810210227966309	VPS.hsmiths.com
655200	0.2770974636077881	0.08850288391113281	VPS.hsmiths.com
657216	0.2732658386230469	0.05617165565490723	VPS.hsmiths.com
