1	1.7478699684143066	0.08598899841308594	e2.keff.org
2016	0.5842278003692627	0.0850837230682373	e2.keff.org
4032	0.36646413803100586	0.08590936660766602	e2.keff.org
6048	0.29628849029541016	0.08681368827819824	e2.keff.org
8064	0.29514098167419434	0.08791971206665039	e2.keff.org
10080	0.3065321445465088	0.0861198902130127	e2.keff.org
12096	0.2969553470611572	0.08744430541992188	e2.keff.org
14112	0.2969934940338135	0.08743166923522949	e2.keff.org
16128	0.2955739498138428	0.08800029754638672	e2.keff.org
18144	0.29589343070983887	0.0863804817199707	e2.keff.org
20160	0.29900622367858887	0.08766818046569824	e2.keff.org
22176	0.29685235023498535	0.08649230003356934	e2.keff.org
24192	0.2952747344970703	0.08791184425354004	e2.keff.org
26209	1.9621777534484863	0.08889985084533691	ultracloud.tk
28224	3.2043163776397705	0.08675575256347656	ultracloud.tk
30240	3.2501320838928223	0.08730220794677734	ultracloud.tk
32256	3.2698068618774414	0.08759784698486328	ultracloud.tk
34272	3.3111493587493896	0.08703207969665527	ultracloud.tk
36288	3.34770131111145	0.08689570426940918	ultracloud.tk
38304	3.385192632675171	0.08958649635314941	ultracloud.tk
40320	3.4727540016174316	0.08804869651794434	ultracloud.tk
42336	3.459658622741699	0.08708667755126953	ultracloud.tk
44352	3.497419595718384	0.0885171890258789	ultracloud.tk
46368	3.5289487838745117	0.08673357963562012	ultracloud.tk
48384	3.5679657459259033	0.08823180198669434	ultracloud.tk
50400	3.617750644683838	0.08647561073303223	ultracloud.tk
52416	3.637211799621582	0.08735990524291992	ultracloud.tk
54432	3.6779165267944336	0.08672237396240234	ultracloud.tk
56448	3.8391923904418945	0.08734011650085449	ultracloud.tk
58464	3.473736047744751	0.0880424976348877	ultracloud.tk
60480	3.5504870414733887	0.08818507194519043	ultracloud.tk
62496	3.269585132598877	0.08930253982543945	ultracloud.tk
64512	3.3042643070220947	0.08884763717651367	ultracloud.tk
66528	3.342233419418335	0.08879995346069336	ultracloud.tk
68544	3.3902482986450195	0.08859515190124512	ultracloud.tk
70560	3.4408371448516846	0.08928561210632324	ultracloud.tk
72576	3.4713516235351562	0.0902245044708252	ultracloud.tk
74592	3.510615348815918	0.08882570266723633	ultracloud.tk
76608	3.547774314880371	0.08878302574157715	ultracloud.tk
78624	3.584275960922241	0.08702969551086426	ultracloud.tk
80640	3.634085178375244	0.08837890625	ultracloud.tk
82656	3.665144205093384	0.0887444019317627	ultracloud.tk
84672	3.704047679901123	0.0898141860961914	ultracloud.tk
86688	3.7441163063049316	0.08770179748535156	ultracloud.tk
88704	3.5976340770721436	0.08843421936035156	ultracloud.tk
90720	3.6581571102142334	0.08696770668029785	ultracloud.tk
92736	10.144043445587158	0.0986781120300293	ultracloud.tk
94752	3.7176222801208496	0.0883324146270752	ultracloud.tk
96768	3.757286787033081	0.08861041069030762	ultracloud.tk
98784	3.8054113388061523	0.08982300758361816	ultracloud.tk
100800	3.8555591106414795	0.08890533447265625	ultracloud.tk
102816	3.8827757835388184	0.08854269981384277	ultracloud.tk
104833	2.1972789764404297	0.08995652198791504	ultracloud.tk
106848	2.1237051486968994	0.0884084701538086	ultracloud.tk
108864	1.5005643367767334	0.08698225021362305	ultracloud.tk
110880	0.6159193515777588	0.08774948120117188	ultracloud.tk
112896	0.6111633777618408	0.08873224258422852	ultracloud.tk
114912	0.6107957363128662	0.08812975883483887	ultracloud.tk
116928	0.6168045997619629	0.08859395980834961	ultracloud.tk
118944	0.6243534088134766	0.08895587921142578	ultracloud.tk
120960	0.6087281703948975	0.09024167060852051	ultracloud.tk
122976	0.6136898994445801	0.09029603004455566	ultracloud.tk
124992	0.622394323348999	0.08722829818725586	ultracloud.tk
127008	0.6267666816711426	0.08813738822937012	ultracloud.tk
129024	0.6206061840057373	0.08873629570007324	ultracloud.tk
131040	0.6174209117889404	0.08867359161376953	ultracloud.tk
133056	0.6177957057952881	0.08744120597839355	ultracloud.tk
135072	0.608973503112793	0.08724045753479004	ultracloud.tk
137088	0.621859073638916	0.08801937103271484	ultracloud.tk
139104	0.6107356548309326	0.0882267951965332	ultracloud.tk
141120	0.623145341873169	0.0878610610961914	ultracloud.tk
143136	0.613753080368042	0.08774995803833008	ultracloud.tk
145152	0.6151061058044434	0.08726644515991211	ultracloud.tk
147168	0.6355576515197754	0.08790040016174316	ultracloud.tk
149184	0.6159572601318359	0.08722186088562012	ultracloud.tk
151200	0.6339149475097656	0.08881950378417969	ultracloud.tk
153216	0.6204795837402344	0.08796548843383789	ultracloud.tk
155232	0.6056742668151855	0.08810210227966309	ultracloud.tk
157248	0.6132888793945312	0.08773350715637207	ultracloud.tk
159264	0.9262697696685791	0.08696961402893066	ultracloud.tk
161280	0.6087274551391602	0.08751249313354492	ultracloud.tk
163296	0.6249344348907471	0.08823299407958984	ultracloud.tk
165312	0.6048648357391357	0.08799147605895996	ultracloud.tk
167328	0.6108787059783936	0.08805656433105469	ultracloud.tk
169344	0.6136250495910645	0.08795881271362305	ultracloud.tk
171360	0.6174001693725586	0.08803153038024902	ultracloud.tk
173376	0.6193232536315918	0.0884084701538086	ultracloud.tk
175392	0.615769624710083	0.08885002136230469	ultracloud.tk
177408	0.6152200698852539	0.08953619003295898	ultracloud.tk
179424	0.6118016242980957	0.08869171142578125	ultracloud.tk
181440	0.6141443252563477	0.08818626403808594	ultracloud.tk
183456	0.7967634201049805	0.08909726142883301	ultracloud.tk
185472	0.4934041500091553	0.08855199813842773	ultracloud.tk
187488	0.6105148792266846	0.0884864330291748	ultracloud.tk
189504	0.6109609603881836	0.08918261528015137	ultracloud.tk
191520	0.6127302646636963	0.08866286277770996	ultracloud.tk
193536	0.6074421405792236	0.08861160278320312	ultracloud.tk
195552	0.6167867183685303	0.0901038646697998	ultracloud.tk
197568	0.6174018383026123	0.08969664573669434	ultracloud.tk
199584	0.7234296798706055	0.0891730785369873	ultracloud.tk
201600	0.7870099544525146	0.09047198295593262	ultracloud.tk
203616	0.9423742294311523	0.08788490295410156	ultracloud.tk
205632	0.6073348522186279	0.08915138244628906	ultracloud.tk
207648	0.6137137413024902	0.0903928279876709	ultracloud.tk
209664	0.6130208969116211	0.08911943435668945	ultracloud.tk
211680	0.613173246383667	0.08973860740661621	ultracloud.tk
213696	0.6117923259735107	0.08984112739562988	ultracloud.tk
215712	0.6142239570617676	0.0898735523223877	ultracloud.tk
217728	0.6161189079284668	0.09012603759765625	ultracloud.tk
219744	0.6255285739898682	0.08951902389526367	ultracloud.tk
221760	0.6155517101287842	0.09023380279541016	ultracloud.tk
223776	0.6029443740844727	0.08907938003540039	ultracloud.tk
225792	0.6419005393981934	0.08990049362182617	ultracloud.tk
227808	0.6078109741210938	0.09015655517578125	ultracloud.tk
229824	0.6275293827056885	0.08999443054199219	ultracloud.tk
231840	0.6123611927032471	0.09067153930664062	ultracloud.tk
233856	0.6119158267974854	0.08889961242675781	ultracloud.tk
235872	0.6084885597229004	0.09057760238647461	ultracloud.tk
237888	0.6074135303497314	0.08953404426574707	ultracloud.tk
239904	0.610628604888916	0.08860230445861816	ultracloud.tk
241920	0.6098003387451172	0.09125924110412598	ultracloud.tk
243936	0.6715998649597168	0.08922266960144043	ultracloud.tk
245952	0.6120936870574951	0.09131503105163574	ultracloud.tk
247968	0.6145532131195068	0.09237408638000488	ultracloud.tk
249984	0.6269373893737793	0.0903310775756836	ultracloud.tk
252000	0.6102893352508545	0.08994030952453613	ultracloud.tk
254016	0.619304895401001	0.09017062187194824	ultracloud.tk
256032	0.6116600036621094	0.08993792533874512	ultracloud.tk
258048	0.6150975227355957	0.08966398239135742	ultracloud.tk
260064	0.6365270614624023	0.08946704864501953	ultracloud.tk
262080	0.623213529586792	0.09009742736816406	ultracloud.tk
264096	0.6262624263763428	0.08978700637817383	ultracloud.tk
266112	3.2895333766937256	0.09073781967163086	ultracloud.tk
268128	0.6305551528930664	0.09095382690429688	ultracloud.tk
270144	0.6173703670501709	0.08997321128845215	ultracloud.tk
272160	0.606696367263794	0.09052062034606934	ultracloud.tk
274176	0.6173408031463623	0.09029936790466309	ultracloud.tk
276192	0.606917142868042	0.08909010887145996	ultracloud.tk
278208	0.6279668807983398	0.08997154235839844	ultracloud.tk
280224	0.6106979846954346	0.09082531929016113	ultracloud.tk
282240	0.6132373809814453	0.0892939567565918	ultracloud.tk
284256	0.6109027862548828	0.08970332145690918	ultracloud.tk
286272	0.6166529655456543	0.08941102027893066	ultracloud.tk
288288	0.6068739891052246	0.08953738212585449	ultracloud.tk
290304	0.6081528663635254	0.08897995948791504	ultracloud.tk
292320	0.6656129360198975	0.09029459953308105	ultracloud.tk
294336	0.6158599853515625	0.09072136878967285	ultracloud.tk
296352	0.6193404197692871	0.09482812881469727	ultracloud.tk
298368	0.607064962387085	0.09064269065856934	ultracloud.tk
300384	0.6242010593414307	0.08935546875	ultracloud.tk
302400	0.6193232536315918	0.08960151672363281	ultracloud.tk
304416	0.6117522716522217	0.08997321128845215	ultracloud.tk
306432	0.6216201782226562	0.0910191535949707	ultracloud.tk
308448	0.6298718452453613	0.09085845947265625	ultracloud.tk
310464	0.622307538986206	0.09131193161010742	ultracloud.tk
312480	0.6094634532928467	0.09070825576782227	ultracloud.tk
314496	0.6169867515563965	0.09090900421142578	ultracloud.tk
316512	0.6253414154052734	0.0916602611541748	ultracloud.tk
318528	0.6170227527618408	0.09006619453430176	ultracloud.tk
320544	0.630526065826416	0.09183192253112793	ultracloud.tk
322560	0.6217894554138184	0.09173965454101562	ultracloud.tk
324576	0.7148475646972656	0.09021210670471191	ultracloud.tk
326592	0.6199259757995605	0.09160900115966797	ultracloud.tk
328608	0.6082277297973633	0.09003543853759766	ultracloud.tk
330624	0.9376604557037354	0.09074115753173828	ultracloud.tk
332640	0.6254327297210693	0.0898141860961914	ultracloud.tk
334656	0.6229829788208008	0.09016275405883789	ultracloud.tk
336672	0.6086561679840088	0.09053230285644531	ultracloud.tk
338688	0.611370325088501	0.08998680114746094	ultracloud.tk
340704	0.6080365180969238	0.0916285514831543	ultracloud.tk
342720	0.6220080852508545	0.08964681625366211	ultracloud.tk
344736	0.489943265914917	0.09200906753540039	ultracloud.tk
346752	0.4948849678039551	0.09021925926208496	ultracloud.tk
348768	0.6167392730712891	0.0903780460357666	ultracloud.tk
350784	0.6224672794342041	0.09079504013061523	ultracloud.tk
352800	0.903313159942627	0.09077692031860352	ultracloud.tk
354816	0.7134816646575928	0.09116196632385254	ultracloud.tk
356832	0.6124320030212402	0.09077239036560059	ultracloud.tk
358848	0.6047389507293701	0.0906822681427002	ultracloud.tk
360864	0.6084141731262207	0.09472155570983887	ultracloud.tk
362880	0.6081600189208984	0.08864879608154297	ultracloud.tk
364896	0.626298189163208	0.08993101119995117	ultracloud.tk
366912	0.610933780670166	0.09069633483886719	ultracloud.tk
368928	0.6284010410308838	0.09049010276794434	ultracloud.tk
370944	0.6120715141296387	0.09099054336547852	ultracloud.tk
372960	0.6048376560211182	0.09109687805175781	ultracloud.tk
374976	0.6303393840789795	0.09073138236999512	ultracloud.tk
376992	0.6389303207397461	0.09172964096069336	ultracloud.tk
379008	0.6180119514465332	0.09085512161254883	ultracloud.tk
381024	0.6176588535308838	0.0906980037689209	ultracloud.tk
383040	0.6074936389923096	0.09118294715881348	ultracloud.tk
385056	0.623387336730957	0.09096312522888184	ultracloud.tk
387072	0.6147055625915527	0.09059333801269531	ultracloud.tk
389088	0.606673002243042	0.09197711944580078	ultracloud.tk
391104	0.6225018501281738	0.09059858322143555	ultracloud.tk
393120	0.619131326675415	0.09220123291015625	ultracloud.tk
395136	0.6089308261871338	0.09166669845581055	ultracloud.tk
397152	0.6213588714599609	0.09166097640991211	ultracloud.tk
399168	0.6414010524749756	0.09155964851379395	ultracloud.tk
401184	0.6472597122192383	0.09081387519836426	ultracloud.tk
403200	0.6548559665679932	0.08937549591064453	ultracloud.tk
405216	0.6246144771575928	0.08953380584716797	ultracloud.tk
407232	0.6134552955627441	0.08952951431274414	ultracloud.tk
409248	0.6089107990264893	0.0898749828338623	ultracloud.tk
411264	0.6097621917724609	0.09057331085205078	ultracloud.tk
413280	0.6202902793884277	0.08992266654968262	ultracloud.tk
415296	0.6137735843658447	0.089813232421875	ultracloud.tk
417312	0.6145050525665283	0.09012222290039062	ultracloud.tk
419328	0.6231198310852051	0.08982300758361816	ultracloud.tk
421344	0.6538846492767334	0.09026408195495605	ultracloud.tk
423360	0.6184587478637695	0.08905410766601562	ultracloud.tk
425376	0.6181418895721436	0.09012985229492188	ultracloud.tk
427392	0.6120939254760742	0.09010171890258789	ultracloud.tk
429408	0.6253945827484131	0.09005069732666016	ultracloud.tk
431424	0.6221880912780762	0.08864402770996094	ultracloud.tk
433440	0.6161799430847168	0.08951807022094727	ultracloud.tk
435456	0.606947660446167	0.08991551399230957	ultracloud.tk
437472	0.6302568912506104	0.08972406387329102	ultracloud.tk
439488	0.9297730922698975	0.08855104446411133	ultracloud.tk
441504	0.668161153793335	0.08954811096191406	ultracloud.tk
443520	0.6123330593109131	0.08989071846008301	ultracloud.tk
445536	0.6072514057159424	0.08963513374328613	ultracloud.tk
447552	0.6342077255249023	0.08983302116394043	ultracloud.tk
449568	0.6194441318511963	0.08983230590820312	ultracloud.tk
451584	0.624382734298706	0.08977890014648438	ultracloud.tk
453600	0.6140258312225342	0.08960676193237305	ultracloud.tk
455616	0.6150493621826172	0.08871698379516602	ultracloud.tk
457632	0.6156690120697021	0.09003973007202148	ultracloud.tk
459648	0.617081880569458	0.09029650688171387	ultracloud.tk
461664	0.6142466068267822	0.08805632591247559	ultracloud.tk
463680	0.6435487270355225	0.08789539337158203	ultracloud.tk
465696	0.6110129356384277	0.08851051330566406	ultracloud.tk
467712	0.6174521446228027	0.09019255638122559	ultracloud.tk
469728	0.6195237636566162	0.08959555625915527	ultracloud.tk
471744	0.6121683120727539	0.08970117568969727	ultracloud.tk
473760	0.6179089546203613	0.08939814567565918	ultracloud.tk
475776	0.6157138347625732	0.08976006507873535	ultracloud.tk
477792	0.6124441623687744	0.09024214744567871	ultracloud.tk
479808	0.6137018203735352	0.09071874618530273	ultracloud.tk
481824	0.6295077800750732	0.08996963500976562	ultracloud.tk
483840	0.6168873310089111	0.0895240306854248	ultracloud.tk
485856	0.6679046154022217	0.091461181640625	ultracloud.tk
487872	0.6203415393829346	0.09138679504394531	ultracloud.tk
489888	0.6214203834533691	0.09059882164001465	ultracloud.tk
491904	0.614539623260498	0.09027218818664551	ultracloud.tk
493920	0.6461870670318604	0.09060001373291016	ultracloud.tk
495936	0.6136443614959717	0.09157443046569824	ultracloud.tk
497952	0.6111173629760742	0.09232974052429199	ultracloud.tk
499968	0.638601541519165	0.0906057357788086	ultracloud.tk
501984	0.634716272354126	0.09140968322753906	ultracloud.tk
504000	0.614654541015625	0.09129047393798828	ultracloud.tk
506016	0.9423847198486328	0.09183573722839355	ultracloud.tk
508032	0.6098873615264893	0.08928203582763672	ultracloud.tk
510048	0.6212358474731445	0.08981156349182129	ultracloud.tk
512064	0.607445478439331	0.18240642547607422	ultracloud.tk
514080	0.7519054412841797	0.18485736846923828	ultracloud.tk
