1	0.7543303966522217	0.08582472801208496	electrum.blockstream.info
2016	0.34876060485839844	0.08472132682800293	electrum.blockstream.info
4032	0.36741185188293457	0.08756279945373535	electrum.blockstream.info
6048	0.3640151023864746	0.08728647232055664	electrum.blockstream.info
8064	0.36514949798583984	0.0855703353881836	electrum.blockstream.info
10080	0.3641676902770996	0.08616137504577637	electrum.blockstream.info
12096	0.36516737937927246	0.08562374114990234	electrum.blockstream.info
14112	0.3621089458465576	0.08477354049682617	electrum.blockstream.info
16128	0.3620798587799072	0.08428573608398438	electrum.blockstream.info
18144	0.36728525161743164	0.08444356918334961	electrum.blockstream.info
20160	0.36029839515686035	0.08518075942993164	electrum.blockstream.info
22176	0.3646838665008545	0.08536839485168457	electrum.blockstream.info
24192	0.36440205574035645	0.08485674858093262	electrum.blockstream.info
26208	0.36367321014404297	0.0860605239868164	electrum.blockstream.info
28224	0.36739277839660645	0.08591794967651367	electrum.blockstream.info
30240	0.3697178363800049	0.08583903312683105	electrum.blockstream.info
32256	0.37251758575439453	0.08528780937194824	electrum.blockstream.info
34272	0.37583398818969727	0.08610200881958008	electrum.blockstream.info
36288	0.363983154296875	0.17340779304504395	electrum.blockstream.info
38304	0.3674051761627197	0.08632445335388184	electrum.blockstream.info
40320	0.36678338050842285	0.08552217483520508	electrum.blockstream.info
42336	0.36547183990478516	0.08649611473083496	electrum.blockstream.info
44352	0.3660588264465332	0.08663415908813477	electrum.blockstream.info
46368	0.3617851734161377	0.08666849136352539	electrum.blockstream.info
48384	0.36420631408691406	0.0859379768371582	electrum.blockstream.info
50400	0.3655431270599365	0.08728885650634766	electrum.blockstream.info
52416	0.36145663261413574	0.0862417221069336	electrum.blockstream.info
54432	0.36532044410705566	0.08535408973693848	electrum.blockstream.info
56448	0.36347460746765137	0.08459186553955078	electrum.blockstream.info
58464	0.36571717262268066	0.0859527587890625	electrum.blockstream.info
60480	0.3663303852081299	0.08622217178344727	electrum.blockstream.info
62496	0.365642786026001	0.08587884902954102	electrum.blockstream.info
64512	0.3651599884033203	0.08607792854309082	electrum.blockstream.info
66528	0.36624860763549805	0.0861670970916748	electrum.blockstream.info
68544	0.36420631408691406	0.08611416816711426	electrum.blockstream.info
70560	0.3611757755279541	0.08548617362976074	electrum.blockstream.info
72576	0.3686237335205078	0.0877997875213623	electrum.blockstream.info
74592	0.36902809143066406	0.08745121955871582	electrum.blockstream.info
76608	0.3705623149871826	0.08720517158508301	electrum.blockstream.info
78624	0.36655616760253906	0.08760738372802734	electrum.blockstream.info
80640	0.36449337005615234	0.08727622032165527	electrum.blockstream.info
82656	0.36600613594055176	0.08718585968017578	electrum.blockstream.info
84672	0.36465954780578613	0.08753490447998047	electrum.blockstream.info
86688	0.3626976013183594	0.08618450164794922	electrum.blockstream.info
88704	0.36307382583618164	0.08815717697143555	electrum.blockstream.info
90720	0.3661057949066162	0.08701395988464355	electrum.blockstream.info
92736	0.3671424388885498	0.08614253997802734	electrum.blockstream.info
94752	0.3696305751800537	0.0868380069732666	electrum.blockstream.info
96768	0.36142802238464355	0.08797740936279297	electrum.blockstream.info
98784	0.360654354095459	0.08556294441223145	electrum.blockstream.info
100800	0.36737680435180664	0.08601570129394531	electrum.blockstream.info
102816	0.3631870746612549	0.08749079704284668	electrum.blockstream.info
104832	0.36198973655700684	0.08695340156555176	electrum.blockstream.info
106848	0.3656935691833496	0.08607196807861328	electrum.blockstream.info
108864	0.36725330352783203	0.08545875549316406	electrum.blockstream.info
110880	0.6004087924957275	0.08710122108459473	electrum.blockstream.info
112896	0.36258959770202637	0.08795738220214844	electrum.blockstream.info
114912	0.3664686679840088	0.08518147468566895	electrum.blockstream.info
116928	0.3645894527435303	0.08580994606018066	electrum.blockstream.info
118944	0.3649461269378662	0.08719038963317871	electrum.blockstream.info
120960	0.36541748046875	0.08579683303833008	electrum.blockstream.info
122976	0.38624048233032227	0.08779215812683105	electrum.blockstream.info
124992	0.38116884231567383	0.0885310173034668	electrum.blockstream.info
127008	0.37274622917175293	0.08557271957397461	electrum.blockstream.info
129024	0.3678169250488281	0.08719372749328613	electrum.blockstream.info
131040	0.37268638610839844	0.08632016181945801	electrum.blockstream.info
133056	0.37256407737731934	0.0853123664855957	electrum.blockstream.info
135072	0.3434264659881592	0.08681511878967285	electrum.blockstream.info
137088	0.3288583755493164	0.08546686172485352	electrum.blockstream.info
139104	0.3023700714111328	0.08689188957214355	electrum.blockstream.info
141120	0.30449676513671875	0.0870218276977539	electrum.blockstream.info
143136	0.2969081401824951	0.0866086483001709	electrum.blockstream.info
145152	0.2816898822784424	0.0876624584197998	electrum.blockstream.info
147168	0.27293920516967773	0.08606886863708496	electrum.blockstream.info
149184	0.2615396976470947	0.08780145645141602	electrum.blockstream.info
151200	0.256913423538208	0.0873875617980957	electrum.blockstream.info
153216	0.2521817684173584	0.0864253044128418	electrum.blockstream.info
155232	0.25074195861816406	0.08734917640686035	electrum.blockstream.info
157248	0.24967741966247559	0.08721160888671875	electrum.blockstream.info
159264	0.2490839958190918	0.08691239356994629	electrum.blockstream.info
161280	0.24162673950195312	0.08635687828063965	electrum.blockstream.info
163296	0.23844003677368164	0.08680081367492676	electrum.blockstream.info
165312	0.23819351196289062	0.08614444732666016	electrum.blockstream.info
167328	0.23824691772460938	0.08695554733276367	electrum.blockstream.info
169344	0.2389392852783203	0.0867166519165039	electrum.blockstream.info
171360	0.23710846900939941	0.08789968490600586	electrum.blockstream.info
173376	0.2380669116973877	0.08796858787536621	electrum.blockstream.info
175392	0.23837018013000488	0.08637094497680664	electrum.blockstream.info
177408	0.23914194107055664	0.08687639236450195	electrum.blockstream.info
179424	0.2388913631439209	0.08617091178894043	electrum.blockstream.info
181440	0.23660612106323242	0.08604884147644043	electrum.blockstream.info
183456	0.2388782501220703	0.08660531044006348	electrum.blockstream.info
185472	0.23772788047790527	0.08540225028991699	electrum.blockstream.info
187488	0.23857450485229492	0.08574533462524414	electrum.blockstream.info
189504	0.23865103721618652	0.08607673645019531	electrum.blockstream.info
191520	0.23932099342346191	0.08599686622619629	electrum.blockstream.info
193536	0.23764681816101074	0.09081649780273438	electrum.blockstream.info
195552	0.23781704902648926	0.08624148368835449	electrum.blockstream.info
197568	0.23910140991210938	0.08664226531982422	electrum.blockstream.info
199584	0.2382667064666748	0.08708405494689941	electrum.blockstream.info
201600	0.2378377914428711	0.0869593620300293	electrum.blockstream.info
203616	0.2382657527923584	0.08628320693969727	electrum.blockstream.info
205632	0.2387843132019043	0.08591198921203613	electrum.blockstream.info
207648	0.23742008209228516	0.08638334274291992	electrum.blockstream.info
209664	0.23786211013793945	0.08624815940856934	electrum.blockstream.info
211680	0.23679327964782715	0.08606982231140137	electrum.blockstream.info
213696	0.23839235305786133	0.08643651008605957	electrum.blockstream.info
215712	0.2378392219543457	0.08614301681518555	electrum.blockstream.info
217728	0.2385849952697754	0.08640599250793457	electrum.blockstream.info
219744	0.23730802536010742	0.0860598087310791	electrum.blockstream.info
221760	0.23807358741760254	0.08632874488830566	electrum.blockstream.info
223776	0.23875784873962402	0.08610391616821289	electrum.blockstream.info
225792	0.23888802528381348	0.08663034439086914	electrum.blockstream.info
227808	0.23763537406921387	0.08690428733825684	electrum.blockstream.info
229824	0.24043679237365723	0.0860590934753418	electrum.blockstream.info
231840	0.2367260456085205	0.08631348609924316	electrum.blockstream.info
233856	0.23893404006958008	0.08581757545471191	electrum.blockstream.info
235872	0.23700380325317383	0.08542895317077637	electrum.blockstream.info
237888	0.23612546920776367	0.08537650108337402	electrum.blockstream.info
239904	0.2377490997314453	0.0851736068725586	electrum.blockstream.info
241920	0.23800349235534668	0.08820414543151855	electrum.blockstream.info
243936	0.2379302978515625	0.08665680885314941	electrum.blockstream.info
245952	0.237868070602417	0.08644819259643555	electrum.blockstream.info
247968	0.23724961280822754	0.08803391456604004	electrum.blockstream.info
249984	0.23869109153747559	0.08585023880004883	electrum.blockstream.info
252000	0.23956537246704102	0.08671998977661133	electrum.blockstream.info
254016	0.23691487312316895	0.08725666999816895	electrum.blockstream.info
256032	0.23836922645568848	0.08685183525085449	electrum.blockstream.info
258048	0.23577070236206055	0.08707404136657715	electrum.blockstream.info
260064	0.2398078441619873	0.08698320388793945	electrum.blockstream.info
262080	0.23783493041992188	0.08633971214294434	electrum.blockstream.info
264096	0.23916077613830566	0.08688807487487793	electrum.blockstream.info
266112	0.23853492736816406	0.08724164962768555	electrum.blockstream.info
268128	0.24851512908935547	0.08665871620178223	electrum.blockstream.info
270144	0.23771429061889648	0.08652257919311523	electrum.blockstream.info
272160	0.23821115493774414	0.08667516708374023	electrum.blockstream.info
274176	0.23765087127685547	0.08698844909667969	electrum.blockstream.info
276192	0.2376868724822998	0.08742141723632812	electrum.blockstream.info
278208	0.23781371116638184	0.0859377384185791	electrum.blockstream.info
280224	0.23848938941955566	0.08683490753173828	electrum.blockstream.info
282240	0.23813438415527344	0.08647274971008301	electrum.blockstream.info
284256	0.23862528800964355	0.08685302734375	electrum.blockstream.info
286272	0.23826265335083008	0.08654379844665527	electrum.blockstream.info
288288	0.2382185459136963	0.08693051338195801	electrum.blockstream.info
290304	0.23913216590881348	0.08631396293640137	electrum.blockstream.info
292320	0.2381601333618164	0.08836793899536133	electrum.blockstream.info
294336	0.23802852630615234	0.0878145694732666	electrum.blockstream.info
296352	0.23937392234802246	0.08758139610290527	electrum.blockstream.info
298368	0.2365572452545166	0.08801484107971191	electrum.blockstream.info
300384	0.23794293403625488	0.08817863464355469	electrum.blockstream.info
302400	0.23803281784057617	0.08835983276367188	electrum.blockstream.info
304416	0.23813939094543457	0.08757376670837402	electrum.blockstream.info
306432	0.2384803295135498	0.08907556533813477	electrum.blockstream.info
308448	0.23670673370361328	0.08669114112854004	electrum.blockstream.info
310464	0.2296614646911621	0.08683538436889648	electrum.blockstream.info
312480	0.22958970069885254	0.08726811408996582	electrum.blockstream.info
314496	0.22312307357788086	0.08717060089111328	electrum.blockstream.info
316512	0.2224254608154297	0.08672142028808594	electrum.blockstream.info
318528	0.22089457511901855	0.08724141120910645	electrum.blockstream.info
320544	0.21925783157348633	0.08789563179016113	electrum.blockstream.info
322560	0.2188253402709961	0.08781957626342773	electrum.blockstream.info
324576	0.21717286109924316	0.08662605285644531	electrum.blockstream.info
326592	0.21638226509094238	0.08676719665527344	electrum.blockstream.info
328608	0.2150413990020752	0.08657240867614746	electrum.blockstream.info
330624	0.21830987930297852	0.08723163604736328	electrum.blockstream.info
332640	0.21647071838378906	0.09033799171447754	electrum.blockstream.info
334656	0.21570515632629395	0.08621549606323242	electrum.blockstream.info
336672	0.21654367446899414	0.087066650390625	electrum.blockstream.info
338688	0.21575379371643066	0.0875253677368164	electrum.blockstream.info
340704	0.21570086479187012	0.08706474304199219	electrum.blockstream.info
342720	0.21430230140686035	0.08775186538696289	electrum.blockstream.info
344736	0.21631360054016113	0.08827471733093262	electrum.blockstream.info
346752	0.2169654369354248	0.08800387382507324	electrum.blockstream.info
348768	0.21688365936279297	0.08765339851379395	electrum.blockstream.info
350784	0.2162952423095703	0.08689665794372559	electrum.blockstream.info
352800	0.21692371368408203	0.08816313743591309	electrum.blockstream.info
354816	0.21572446823120117	0.08801555633544922	electrum.blockstream.info
356832	0.2154707908630371	0.0885319709777832	electrum.blockstream.info
358848	0.21527481079101562	0.08823037147521973	electrum.blockstream.info
360864	0.21628975868225098	0.08736300468444824	electrum.blockstream.info
362880	0.21506190299987793	0.08806610107421875	electrum.blockstream.info
364896	0.21600961685180664	0.08750462532043457	electrum.blockstream.info
366912	0.21822214126586914	0.08803987503051758	electrum.blockstream.info
368928	0.22098326683044434	0.0882570743560791	electrum.blockstream.info
370944	0.21712660789489746	0.08746981620788574	electrum.blockstream.info
372960	0.21791529655456543	0.12690281867980957	electrum.blockstream.info
374976	0.21837735176086426	0.08693218231201172	electrum.blockstream.info
376992	0.21712899208068848	0.08719897270202637	electrum.blockstream.info
379008	0.21575117111206055	0.08692359924316406	electrum.blockstream.info
381024	0.2155590057373047	0.08764958381652832	electrum.blockstream.info
383040	0.2159900665283203	0.08664941787719727	electrum.blockstream.info
385056	0.21394133567810059	0.08839201927185059	electrum.blockstream.info
387072	0.21509909629821777	0.0877680778503418	electrum.blockstream.info
389088	0.21602606773376465	0.08776974678039551	electrum.blockstream.info
391104	0.21640968322753906	0.08658599853515625	electrum.blockstream.info
393120	0.21666550636291504	0.08772563934326172	electrum.blockstream.info
395136	0.21560287475585938	0.08667945861816406	electrum.blockstream.info
397152	0.21614527702331543	0.08806657791137695	electrum.blockstream.info
399168	0.21480393409729004	0.08724594116210938	electrum.blockstream.info
401184	0.2155439853668213	0.08688735961914062	electrum.blockstream.info
403200	0.2176673412322998	0.08712244033813477	electrum.blockstream.info
405216	0.2163858413696289	0.08781051635742188	electrum.blockstream.info
407232	0.21639084815979004	0.08615851402282715	electrum.blockstream.info
409248	0.21522235870361328	0.08597922325134277	electrum.blockstream.info
411264	0.21598291397094727	0.08663082122802734	electrum.blockstream.info
413280	0.21514320373535156	0.08652591705322266	electrum.blockstream.info
415296	0.21587657928466797	0.09311676025390625	electrum.blockstream.info
417312	0.21584415435791016	0.0859062671661377	electrum.blockstream.info
419328	0.21548700332641602	0.0866231918334961	electrum.blockstream.info
421344	0.21505498886108398	0.0855703353881836	electrum.blockstream.info
423360	0.21568608283996582	0.08576393127441406	electrum.blockstream.info
425376	0.21704363822937012	0.0862572193145752	electrum.blockstream.info
427392	0.21480512619018555	0.0854184627532959	electrum.blockstream.info
429408	0.21509814262390137	0.08525562286376953	electrum.blockstream.info
431424	0.21621084213256836	0.08636617660522461	electrum.blockstream.info
433440	0.21581244468688965	0.08733105659484863	electrum.blockstream.info
435456	0.21640372276306152	0.08599638938903809	electrum.blockstream.info
437472	0.2165358066558838	0.08597803115844727	electrum.blockstream.info
439488	0.21567773818969727	0.08683133125305176	electrum.blockstream.info
441504	0.21500134468078613	0.08633279800415039	electrum.blockstream.info
443520	0.21575427055358887	0.08774375915527344	electrum.blockstream.info
445536	0.21636247634887695	0.08700942993164062	electrum.blockstream.info
447552	0.21543073654174805	0.08523082733154297	electrum.blockstream.info
449568	0.21646976470947266	0.08544373512268066	electrum.blockstream.info
451584	0.21553516387939453	0.0866396427154541	electrum.blockstream.info
453600	0.21575427055358887	0.08641672134399414	electrum.blockstream.info
455616	0.2149512767791748	0.08773422241210938	electrum.blockstream.info
457632	0.21625041961669922	0.08766007423400879	electrum.blockstream.info
459648	0.21625137329101562	0.08667182922363281	electrum.blockstream.info
461664	0.2154550552368164	0.08785390853881836	electrum.blockstream.info
463680	0.2173459529876709	0.08711504936218262	electrum.blockstream.info
465696	0.21720528602600098	0.08671331405639648	electrum.blockstream.info
467712	0.2154085636138916	0.08627653121948242	electrum.blockstream.info
469728	0.21581435203552246	0.08668136596679688	electrum.blockstream.info
471744	0.21590256690979004	0.0862734317779541	electrum.blockstream.info
473760	0.21640276908874512	0.0869293212890625	electrum.blockstream.info
475776	0.21654391288757324	0.08661007881164551	electrum.blockstream.info
477792	0.21566414833068848	0.08749914169311523	electrum.blockstream.info
479808	0.2152261734008789	0.08603119850158691	electrum.blockstream.info
481824	0.21559667587280273	0.08653616905212402	electrum.blockstream.info
483840	0.3409266471862793	0.08620405197143555	electrum.blockstream.info
485856	0.21666359901428223	0.08792734146118164	electrum.blockstream.info
487872	0.2171773910522461	0.08768200874328613	electrum.blockstream.info
489888	0.21547293663024902	0.08846664428710938	electrum.blockstream.info
491904	0.21499323844909668	0.08747029304504395	electrum.blockstream.info
493920	0.215407133102417	0.08909034729003906	electrum.blockstream.info
495936	0.21512269973754883	0.0872650146484375	electrum.blockstream.info
497952	0.214369535446167	0.08914399147033691	electrum.blockstream.info
499968	0.21504902839660645	0.08817195892333984	electrum.blockstream.info
501984	0.21505022048950195	0.08806276321411133	electrum.blockstream.info
504000	0.21655964851379395	0.08805513381958008	electrum.blockstream.info
506016	0.2155144214630127	0.08791422843933105	electrum.blockstream.info
508032	0.2159123420715332	0.0879063606262207	electrum.blockstream.info
510048	0.2158493995666504	0.08890891075134277	electrum.blockstream.info
512064	0.215348482131958	0.0889585018157959	electrum.blockstream.info
514080	0.21509194374084473	0.08891773223876953	electrum.blockstream.info
516096	0.2180323600769043	0.08823728561401367	electrum.blockstream.info
518112	0.21622014045715332	0.08748722076416016	electrum.blockstream.info
520128	0.2167057991027832	0.08756041526794434	electrum.blockstream.info
522144	0.21567392349243164	0.0879678726196289	electrum.blockstream.info
524160	0.21597623825073242	0.08810591697692871	electrum.blockstream.info
526176	0.2139892578125	0.08756780624389648	electrum.blockstream.info
528192	0.21497654914855957	0.08773398399353027	electrum.blockstream.info
530208	0.2155437469482422	0.0883948802947998	electrum.blockstream.info
532224	0.21645069122314453	0.08840322494506836	electrum.blockstream.info
534240	0.21569466590881348	0.08811116218566895	electrum.blockstream.info
536256	0.21540260314941406	0.0892786979675293	electrum.blockstream.info
538272	0.21653532981872559	0.08838391304016113	electrum.blockstream.info
540288	0.21399974822998047	0.08971643447875977	electrum.blockstream.info
542304	0.21556997299194336	0.0882253646850586	electrum.blockstream.info
544320	0.21509909629821777	0.0886232852935791	electrum.blockstream.info
546336	0.21524834632873535	0.08947563171386719	electrum.blockstream.info
548352	0.2154862880706787	0.0894925594329834	electrum.blockstream.info
550368	0.21523427963256836	0.08792710304260254	electrum.blockstream.info
552384	0.21575689315795898	0.08787345886230469	electrum.blockstream.info
554400	0.215040922164917	0.08832788467407227	electrum.blockstream.info
556416	0.21522116661071777	0.08880877494812012	electrum.blockstream.info
558432	0.21646475791931152	0.08890247344970703	electrum.blockstream.info
560448	0.21670985221862793	0.08827328681945801	electrum.blockstream.info
562464	0.2162458896636963	0.08894968032836914	electrum.blockstream.info
564480	0.2157299518585205	0.08847379684448242	electrum.blockstream.info
566496	0.21486783027648926	0.08868193626403809	electrum.blockstream.info
568512	0.21556425094604492	0.08843064308166504	electrum.blockstream.info
570528	0.21547770500183105	0.08831334114074707	electrum.blockstream.info
572544	0.21616125106811523	0.08764863014221191	electrum.blockstream.info
574560	0.22130203247070312	0.0883939266204834	electrum.blockstream.info
576576	0.21624302864074707	0.08748769760131836	electrum.blockstream.info
578592	0.21567034721374512	0.08780550956726074	electrum.blockstream.info
580608	0.21796131134033203	0.08858942985534668	electrum.blockstream.info
582624	0.2155923843383789	0.08754897117614746	electrum.blockstream.info
584640	0.21640372276306152	0.08902645111083984	electrum.blockstream.info
586656	0.2155590057373047	0.08778810501098633	electrum.blockstream.info
588672	0.2160942554473877	0.08968019485473633	electrum.blockstream.info
590688	0.21592497825622559	0.08965921401977539	electrum.blockstream.info
592704	0.21568822860717773	0.08741879463195801	electrum.blockstream.info
594720	0.21547555923461914	0.08946943283081055	electrum.blockstream.info
596736	0.21483087539672852	0.08982396125793457	electrum.blockstream.info
598752	0.2158055305480957	0.08957099914550781	electrum.blockstream.info
600768	0.21535992622375488	0.09024834632873535	electrum.blockstream.info
602784	0.21560096740722656	0.09037470817565918	electrum.blockstream.info
604800	0.21612882614135742	0.09030795097351074	electrum.blockstream.info
606816	0.21547317504882812	0.08930563926696777	electrum.blockstream.info
608832	0.215362548828125	0.08995175361633301	electrum.blockstream.info
610848	0.21418523788452148	0.08962845802307129	electrum.blockstream.info
612864	0.21521329879760742	0.08881783485412598	electrum.blockstream.info
614880	0.2162938117980957	0.0899350643157959	electrum.blockstream.info
616896	0.215317964553833	0.08844661712646484	electrum.blockstream.info
618912	0.2152242660522461	0.08940672874450684	electrum.blockstream.info
620928	0.21555447578430176	0.08856916427612305	electrum.blockstream.info
622944	0.21506571769714355	0.08839201927185059	electrum.blockstream.info
624960	0.2141730785369873	0.08895492553710938	electrum.blockstream.info
626976	0.21589183807373047	0.08864593505859375	electrum.blockstream.info
628992	0.2157135009765625	0.08883094787597656	electrum.blockstream.info
631008	0.21489739418029785	0.0900428295135498	electrum.blockstream.info
633024	0.2159438133239746	0.0889432430267334	electrum.blockstream.info
635040	0.21518278121948242	0.08903074264526367	electrum.blockstream.info
637056	0.21635031700134277	0.08940458297729492	electrum.blockstream.info
639072	0.21440958976745605	0.08847570419311523	electrum.blockstream.info
641088	0.21573185920715332	0.0895390510559082	electrum.blockstream.info
643104	0.21614956855773926	0.08845233917236328	electrum.blockstream.info
645120	0.21538567543029785	0.08845233917236328	electrum.blockstream.info
647136	0.21476435661315918	0.08902382850646973	electrum.blockstream.info
649152	0.21590662002563477	0.08808422088623047	electrum.blockstream.info
651168	0.21587419509887695	0.08868145942687988	electrum.blockstream.info
653184	0.21743535995483398	0.08874869346618652	electrum.blockstream.info
655200	0.21907401084899902	0.08870553970336914	electrum.blockstream.info
657216	0.19837069511413574	0.057279348373413086	electrum.blockstream.info
