1	1.6160330772399902	0.08467268943786621	ecdsa.net
2016	0.5399200916290283	0.08561468124389648	ecdsa.net
4032	0.5395843982696533	0.08460807800292969	ecdsa.net
6048	0.5409009456634521	0.08497500419616699	ecdsa.net
8064	0.5392246246337891	0.08619546890258789	ecdsa.net
10080	0.5443680286407471	0.08637332916259766	ecdsa.net
12096	0.547858715057373	0.08533883094787598	ecdsa.net
14112	0.3516867160797119	0.08602261543273926	ecdsa.net
16128	0.8267748355865479	0.17504215240478516	ecdsa.net
18144	0.3332045078277588	0.16492629051208496	ecdsa.net
20160	0.34099388122558594	0.08458685874938965	ecdsa.net
22176	0.5693440437316895	0.08552098274230957	ecdsa.net
24192	0.5432958602905273	0.0860590934753418	ecdsa.net
26208	0.547792911529541	0.08796381950378418	ecdsa.net
28224	0.539391040802002	0.08776569366455078	ecdsa.net
30240	0.5407345294952393	0.08787345886230469	ecdsa.net
32256	0.5454306602478027	0.08694911003112793	ecdsa.net
34272	0.5702300071716309	0.08600068092346191	ecdsa.net
36288	0.5440340042114258	0.08760976791381836	ecdsa.net
38304	0.5430071353912354	0.08779239654541016	ecdsa.net
40320	0.5397768020629883	0.08668112754821777	ecdsa.net
42336	0.5461058616638184	0.08636784553527832	ecdsa.net
44352	0.5435750484466553	0.08662676811218262	ecdsa.net
46368	0.5368490219116211	0.08675861358642578	ecdsa.net
48384	0.5372862815856934	0.08637547492980957	ecdsa.net
50400	0.5376746654510498	0.08659601211547852	ecdsa.net
52416	0.5423853397369385	0.09730720520019531	ecdsa.net
54432	0.5399012565612793	0.08580255508422852	ecdsa.net
56448	0.35684657096862793	0.08534598350524902	ecdsa.net
58464	0.33335137367248535	0.08660578727722168	ecdsa.net
60480	0.3575305938720703	0.08605074882507324	ecdsa.net
62496	0.35643768310546875	0.08583903312683105	ecdsa.net
64512	0.333359956741333	0.0868062973022461	ecdsa.net
66528	0.3361818790435791	0.08609151840209961	ecdsa.net
68545	4.888223886489868	0.08623933792114258	electrum.blockstream.info
70560	2.2587804794311523	0.08523368835449219	electrum.blockstream.info
72576	2.1871793270111084	0.08677363395690918	electrum.blockstream.info
74592	1.140746831893921	0.08690452575683594	electrum.blockstream.info
76608	1.707078456878662	0.0862433910369873	electrum.blockstream.info
78624	3.0919110774993896	0.08595585823059082	electrum.blockstream.info
80640	1.2879159450531006	0.08481192588806152	electrum.blockstream.info
82656	4.0510475635528564	0.08531379699707031	electrum.blockstream.info
84672	3.5345582962036133	0.08609557151794434	electrum.blockstream.info
86688	3.51282000541687	0.0857534408569336	electrum.blockstream.info
88704	2.4052276611328125	0.0850362777709961	electrum.blockstream.info
90720	2.2290115356445312	0.08556056022644043	electrum.blockstream.info
92736	1.2139902114868164	0.08627843856811523	electrum.blockstream.info
94752	4.065866947174072	0.08571028709411621	electrum.blockstream.info
96768	2.137070655822754	0.08553290367126465	electrum.blockstream.info
98784	1.3970320224761963	0.08479690551757812	electrum.blockstream.info
100800	0.6173145771026611	0.0847930908203125	electrum.blockstream.info
102816	0.8189373016357422	0.0847465991973877	electrum.blockstream.info
104832	0.6631829738616943	0.08612799644470215	electrum.blockstream.info
106848	0.7662248611450195	0.08519482612609863	electrum.blockstream.info
108864	0.8798675537109375	0.08566808700561523	electrum.blockstream.info
110880	0.8205010890960693	0.08623385429382324	electrum.blockstream.info
112896	0.9226739406585693	0.08695507049560547	electrum.blockstream.info
114912	2.1801788806915283	0.08612895011901855	electrum.blockstream.info
116928	0.6478874683380127	0.08653664588928223	electrum.blockstream.info
118944	1.5868134498596191	0.08592820167541504	electrum.blockstream.info
120960	0.8167393207550049	0.08663272857666016	electrum.blockstream.info
122976	0.8714513778686523	0.0854337215423584	electrum.blockstream.info
124992	2.2187910079956055	0.08532834053039551	electrum.blockstream.info
127008	1.8613557815551758	0.08503079414367676	electrum.blockstream.info
129024	2.952786445617676	0.08617067337036133	electrum.blockstream.info
131040	0.9417836666107178	0.08539605140686035	electrum.blockstream.info
133056	1.9484765529632568	0.08581113815307617	electrum.blockstream.info
135072	1.3701965808868408	0.08570671081542969	electrum.blockstream.info
137088	2.549171209335327	0.08709955215454102	electrum.blockstream.info
139104	3.0928778648376465	0.08643484115600586	electrum.blockstream.info
141120	2.5823261737823486	0.0870811939239502	electrum.blockstream.info
143136	2.830432415008545	0.08704495429992676	electrum.blockstream.info
145152	1.8970308303833008	0.08722543716430664	electrum.blockstream.info
147168	2.09060001373291	0.08545708656311035	electrum.blockstream.info
149184	1.646613597869873	0.0879509449005127	electrum.blockstream.info
151200	1.456331729888916	0.08633089065551758	electrum.blockstream.info
153216	1.125040054321289	0.0864725112915039	electrum.blockstream.info
155232	2.701683282852173	0.08615732192993164	electrum.blockstream.info
157248	1.4802730083465576	0.08699202537536621	electrum.blockstream.info
159264	1.5994532108306885	0.08559489250183105	electrum.blockstream.info
161280	1.7947933673858643	0.08528685569763184	electrum.blockstream.info
163296	1.0920910835266113	0.08599853515625	electrum.blockstream.info
165312	1.074380874633789	0.08704280853271484	electrum.blockstream.info
167328	0.4389815330505371	0.08505368232727051	electrum.blockstream.info
169344	1.124027967453003	0.08638978004455566	electrum.blockstream.info
171360	0.8651206493377686	0.08598518371582031	electrum.blockstream.info
173376	1.0589892864227295	0.08620524406433105	electrum.blockstream.info
175392	0.9521422386169434	0.08630537986755371	electrum.blockstream.info
177408	0.8206169605255127	0.08584237098693848	electrum.blockstream.info
179424	0.7924175262451172	0.08640289306640625	electrum.blockstream.info
181440	0.8336634635925293	0.08686161041259766	electrum.blockstream.info
183456	0.8258192539215088	0.0858769416809082	electrum.blockstream.info
185472	0.7963237762451172	0.08556175231933594	electrum.blockstream.info
187488	0.8189265727996826	0.08555197715759277	electrum.blockstream.info
189504	0.8026585578918457	0.08632922172546387	electrum.blockstream.info
191520	0.6016483306884766	0.08523702621459961	electrum.blockstream.info
193536	0.9483006000518799	0.0856027603149414	electrum.blockstream.info
195552	0.7295143604278564	0.08681631088256836	electrum.blockstream.info
197568	0.7018017768859863	0.08709239959716797	electrum.blockstream.info
199584	2.3601949214935303	0.08553719520568848	electrum.blockstream.info
201600	1.156564712524414	0.0865478515625	electrum.blockstream.info
203616	0.8355436325073242	0.08504867553710938	electrum.blockstream.info
205632	0.9760558605194092	0.08690690994262695	electrum.blockstream.info
207648	1.033761739730835	0.08646965026855469	electrum.blockstream.info
209664	0.5885589122772217	0.08624577522277832	electrum.blockstream.info
211680	0.8709766864776611	0.08689069747924805	electrum.blockstream.info
213696	0.7504322528839111	0.08627533912658691	electrum.blockstream.info
215712	0.7381737232208252	0.08478283882141113	electrum.blockstream.info
217728	0.9562883377075195	0.08494901657104492	electrum.blockstream.info
219744	0.8112227916717529	0.08414816856384277	electrum.blockstream.info
221760	0.7677383422851562	0.08653116226196289	electrum.blockstream.info
223776	1.0802099704742432	0.08546590805053711	electrum.blockstream.info
225792	0.6927046775817871	0.08569645881652832	electrum.blockstream.info
227808	0.8879270553588867	0.08455705642700195	electrum.blockstream.info
229824	0.7824299335479736	0.08545255661010742	electrum.blockstream.info
231840	7.130529165267944	0.08601856231689453	electrum.blockstream.info
233856	0.8928961753845215	0.08697915077209473	electrum.blockstream.info
235872	0.8927156925201416	0.08827972412109375	electrum.blockstream.info
237888	0.7766427993774414	0.08552312850952148	electrum.blockstream.info
239904	0.7855443954467773	0.08549022674560547	electrum.blockstream.info
241920	0.8591771125793457	0.08642053604125977	electrum.blockstream.info
243936	0.8025457859039307	0.08755850791931152	electrum.blockstream.info
245952	0.7969436645507812	0.08808541297912598	electrum.blockstream.info
247968	0.8356683254241943	0.0882720947265625	electrum.blockstream.info
249984	2.458897113800049	0.08794951438903809	electrum.blockstream.info
252000	1.533043384552002	0.08532881736755371	electrum.blockstream.info
254016	0.5947625637054443	0.0858609676361084	electrum.blockstream.info
256032	0.6176636219024658	0.0882570743560791	electrum.blockstream.info
258048	0.36167120933532715	0.08636069297790527	electrum.blockstream.info
260064	0.3546335697174072	0.08701276779174805	electrum.blockstream.info
262080	0.35024094581604004	0.08718442916870117	electrum.blockstream.info
264096	0.35370302200317383	0.08681631088256836	electrum.blockstream.info
266112	0.3510923385620117	0.09041094779968262	electrum.blockstream.info
268128	0.35796165466308594	0.08797574043273926	electrum.blockstream.info
270144	0.36481499671936035	0.09649372100830078	electrum.blockstream.info
272160	0.3514711856842041	0.08699512481689453	electrum.blockstream.info
274176	0.35235595703125	0.08721494674682617	electrum.blockstream.info
276192	0.40808677673339844	0.0864865779876709	electrum.blockstream.info
278208	0.9534585475921631	0.0885324478149414	electrum.blockstream.info
280224	0.9545831680297852	0.08809924125671387	electrum.blockstream.info
282240	0.8645644187927246	0.0876622200012207	electrum.blockstream.info
284256	0.954998254776001	0.0874319076538086	electrum.blockstream.info
286272	0.7437038421630859	0.08693122863769531	electrum.blockstream.info
288288	0.8105666637420654	0.08680415153503418	electrum.blockstream.info
290304	0.8789207935333252	0.08745384216308594	electrum.blockstream.info
292320	2.5273866653442383	0.08873295783996582	electrum.blockstream.info
294336	0.9306290149688721	0.08895492553710938	electrum.blockstream.info
296352	0.7161338329315186	0.08821988105773926	electrum.blockstream.info
298368	0.8157052993774414	0.08620667457580566	electrum.blockstream.info
300384	0.7523748874664307	0.08864521980285645	electrum.blockstream.info
302400	0.8061590194702148	0.08934903144836426	electrum.blockstream.info
304416	0.8156511783599854	0.08721518516540527	electrum.blockstream.info
306432	0.8387548923492432	0.08835053443908691	electrum.blockstream.info
308448	0.947735071182251	0.08706879615783691	electrum.blockstream.info
310464	0.852363109588623	0.08680081367492676	electrum.blockstream.info
312480	1.8640565872192383	0.0864403247833252	electrum.blockstream.info
314496	0.6046133041381836	0.08657050132751465	electrum.blockstream.info
316512	0.8611695766448975	0.08629393577575684	electrum.blockstream.info
318528	0.8764410018920898	0.0862128734588623	electrum.blockstream.info
320544	0.9456591606140137	0.08600139617919922	electrum.blockstream.info
322560	0.8037328720092773	0.08564424514770508	electrum.blockstream.info
324576	0.8444969654083252	0.0858907699584961	electrum.blockstream.info
326592	0.7584192752838135	0.0886387825012207	electrum.blockstream.info
328608	0.8588240146636963	0.08850884437561035	electrum.blockstream.info
330624	1.9399638175964355	0.08689093589782715	electrum.blockstream.info
332640	1.973998785018921	0.08787155151367188	electrum.blockstream.info
334656	1.3233578205108643	0.08871960639953613	electrum.blockstream.info
336672	0.6380527019500732	0.08748292922973633	electrum.blockstream.info
338688	1.1684582233428955	0.08747363090515137	electrum.blockstream.info
340704	0.6284186840057373	0.08768892288208008	electrum.blockstream.info
342720	1.1285853385925293	0.08763957023620605	electrum.blockstream.info
344736	0.6840660572052002	0.08660078048706055	electrum.blockstream.info
346752	1.2598655223846436	0.08871030807495117	electrum.blockstream.info
348768	0.6165635585784912	0.08751821517944336	electrum.blockstream.info
350784	1.2841176986694336	0.08728933334350586	electrum.blockstream.info
352800	0.6613969802856445	0.08822965621948242	electrum.blockstream.info
354816	1.1329305171966553	0.08689355850219727	electrum.blockstream.info
356832	2.710970878601074	0.0871729850769043	electrum.blockstream.info
358848	1.2568354606628418	0.0875236988067627	electrum.blockstream.info
360864	0.6243317127227783	0.08584165573120117	electrum.blockstream.info
362880	1.0316922664642334	0.08773374557495117	electrum.blockstream.info
364896	0.6042263507843018	0.08828949928283691	electrum.blockstream.info
366912	0.5980162620544434	0.08714747428894043	electrum.blockstream.info
368928	0.6045413017272949	0.08648800849914551	electrum.blockstream.info
370944	0.5942363739013672	0.08750081062316895	electrum.blockstream.info
372960	0.592339277267456	0.08731555938720703	electrum.blockstream.info
374976	0.5827574729919434	0.08716225624084473	electrum.blockstream.info
376992	1.110668659210205	0.08642864227294922	electrum.blockstream.info
379008	0.9900405406951904	0.08648943901062012	electrum.blockstream.info
381024	0.9515409469604492	0.0868990421295166	electrum.blockstream.info
383040	0.8322184085845947	0.08856010437011719	electrum.blockstream.info
385056	0.671438455581665	0.0877537727355957	electrum.blockstream.info
387072	0.8646390438079834	0.08634591102600098	electrum.blockstream.info
389088	0.8554773330688477	0.09108948707580566	electrum.blockstream.info
391104	0.8124539852142334	0.08589029312133789	electrum.blockstream.info
393120	0.7503819465637207	0.08664226531982422	electrum.blockstream.info
395136	1.0211181640625	0.09170866012573242	electrum.blockstream.info
397152	3.0906741619110107	0.0866551399230957	electrum.blockstream.info
399168	2.7013001441955566	0.08857321739196777	electrum.blockstream.info
401184	1.1695034503936768	0.08909296989440918	electrum.blockstream.info
403200	0.7800710201263428	0.08817720413208008	electrum.blockstream.info
405216	0.8676409721374512	0.08978652954101562	electrum.blockstream.info
407232	0.7890734672546387	0.0889124870300293	electrum.blockstream.info
409248	1.0159642696380615	0.08763647079467773	electrum.blockstream.info
411264	0.6783981323242188	0.08816003799438477	electrum.blockstream.info
413280	0.425342321395874	0.08747625350952148	electrum.blockstream.info
415296	1.0325751304626465	0.08661818504333496	electrum.blockstream.info
417312	0.9733150005340576	0.08806967735290527	electrum.blockstream.info
419328	0.8177688121795654	0.08797192573547363	electrum.blockstream.info
421344	0.8801991939544678	0.08804774284362793	electrum.blockstream.info
423360	0.9501004219055176	0.08693075180053711	electrum.blockstream.info
425376	0.7129895687103271	0.08772802352905273	electrum.blockstream.info
427392	1.0729382038116455	0.08629179000854492	electrum.blockstream.info
429408	4.888057708740234	0.08694076538085938	electrum.blockstream.info
431424	3.4034957885742188	0.08615517616271973	electrum.blockstream.info
433440	2.50323224067688	0.08553361892700195	electrum.blockstream.info
435456	2.293534278869629	0.08775544166564941	electrum.blockstream.info
437472	1.4609973430633545	0.08802485466003418	electrum.blockstream.info
439488	1.8478658199310303	0.08788061141967773	electrum.blockstream.info
441504	1.4319145679473877	0.08819317817687988	electrum.blockstream.info
443520	0.6757261753082275	0.08708071708679199	electrum.blockstream.info
445536	0.5726947784423828	0.08812832832336426	electrum.blockstream.info
447552	0.7444517612457275	0.08705592155456543	electrum.blockstream.info
449568	0.3681669235229492	0.08705639839172363	electrum.blockstream.info
451584	1.0175855159759521	0.08794927597045898	electrum.blockstream.info
453600	0.9264976978302002	0.09026718139648438	electrum.blockstream.info
455616	2.543872117996216	0.08800220489501953	electrum.blockstream.info
457632	1.1562957763671875	0.08712959289550781	electrum.blockstream.info
459648	0.7927277088165283	0.08625149726867676	electrum.blockstream.info
461664	0.4556412696838379	0.08657097816467285	electrum.blockstream.info
463680	1.106534481048584	0.08642315864562988	electrum.blockstream.info
465696	4.445870637893677	0.08807945251464844	electrum.blockstream.info
467712	1.9820516109466553	0.086669921875	electrum.blockstream.info
469728	2.000319004058838	0.0877528190612793	electrum.blockstream.info
471744	1.7121837139129639	0.08736205101013184	electrum.blockstream.info
473760	1.7593207359313965	0.08720278739929199	electrum.blockstream.info
475776	1.5466818809509277	0.08690381050109863	electrum.blockstream.info
477792	3.1681180000305176	0.08873534202575684	electrum.blockstream.info
479808	1.1500089168548584	0.08872747421264648	electrum.blockstream.info
481824	0.5963001251220703	0.08839559555053711	electrum.blockstream.info
483840	0.9490194320678711	0.0877528190612793	electrum.blockstream.info
485856	0.8014237880706787	0.1780397891998291	electrum.blockstream.info
487872	0.5858490467071533	0.17775249481201172	electrum.blockstream.info
