1	1.044847011566162	0.08595395088195801	bitcoin.aranguren.org
2016	2.7711904048919678	0.08735990524291992	bitcoin.aranguren.org
4032	2.859506845474243	0.0867316722869873	bitcoin.aranguren.org
6048	2.881027936935425	0.0887911319732666	bitcoin.aranguren.org
8064	2.9852075576782227	0.08849430084228516	bitcoin.aranguren.org
10080	3.0393688678741455	0.08812403678894043	bitcoin.aranguren.org
12096	3.0587902069091797	0.08723902702331543	bitcoin.aranguren.org
14112	3.223905086517334	0.08717989921569824	bitcoin.aranguren.org
16128	3.1384360790252686	0.08722949028015137	bitcoin.aranguren.org
18144	3.227536678314209	0.08726620674133301	bitcoin.aranguren.org
20160	3.2589035034179688	0.08704924583435059	bitcoin.aranguren.org
22177	0.9362361431121826	0.08696675300598145	electrum.bitkoins.nl
24192	0.3170030117034912	0.08765602111816406	electrum.bitkoins.nl
26208	0.31885600090026855	0.08673644065856934	electrum.bitkoins.nl
28224	0.3175818920135498	0.08716011047363281	electrum.bitkoins.nl
30240	0.3182046413421631	0.09583401679992676	electrum.bitkoins.nl
32256	0.31742167472839355	0.08680319786071777	electrum.bitkoins.nl
34272	0.31748437881469727	0.08824849128723145	electrum.bitkoins.nl
36288	0.4707036018371582	0.08813738822937012	electrum.bitkoins.nl
38304	0.31736087799072266	0.08803343772888184	electrum.bitkoins.nl
40320	0.317943811416626	0.08688569068908691	electrum.bitkoins.nl
42336	0.3170135021209717	0.0871436595916748	electrum.bitkoins.nl
44352	0.31681275367736816	0.08705687522888184	electrum.bitkoins.nl
46368	0.3173246383666992	0.0874025821685791	electrum.bitkoins.nl
48384	0.3171651363372803	0.0870809555053711	electrum.bitkoins.nl
50400	0.31686949729919434	0.0980989933013916	electrum.bitkoins.nl
52416	0.3175041675567627	0.08690357208251953	electrum.bitkoins.nl
54432	0.3167412281036377	0.08830142021179199	electrum.bitkoins.nl
56448	0.31697869300842285	0.0883941650390625	electrum.bitkoins.nl
58464	0.4723696708679199	0.08730101585388184	electrum.bitkoins.nl
60480	0.31818127632141113	0.08632779121398926	electrum.bitkoins.nl
62496	0.3183631896972656	0.08773326873779297	electrum.bitkoins.nl
64512	0.3172879219055176	0.0878591537475586	electrum.bitkoins.nl
66528	0.3169550895690918	0.08776569366455078	electrum.bitkoins.nl
68544	0.31738877296447754	0.08795881271362305	electrum.bitkoins.nl
70560	0.3188009262084961	0.08827495574951172	electrum.bitkoins.nl
72576	0.3171365261077881	0.0872502326965332	electrum.bitkoins.nl
74592	0.31702542304992676	0.08880829811096191	electrum.bitkoins.nl
76608	0.31723785400390625	0.0872800350189209	electrum.bitkoins.nl
78624	0.3176302909851074	0.08810806274414062	electrum.bitkoins.nl
80640	0.3175489902496338	0.08745169639587402	electrum.bitkoins.nl
82656	0.31811094284057617	0.08798384666442871	electrum.bitkoins.nl
84672	0.318495512008667	0.08754634857177734	electrum.bitkoins.nl
86688	0.31804656982421875	0.08729791641235352	electrum.bitkoins.nl
88704	0.3186190128326416	0.0876469612121582	electrum.bitkoins.nl
90720	0.4722480773925781	0.08847999572753906	electrum.bitkoins.nl
92736	0.4731607437133789	0.08763360977172852	electrum.bitkoins.nl
94752	0.47059059143066406	0.08765053749084473	electrum.bitkoins.nl
96768	0.31938838958740234	0.08716893196105957	electrum.bitkoins.nl
98784	0.31932663917541504	0.0872488021850586	electrum.bitkoins.nl
100800	0.31841588020324707	0.08820962905883789	electrum.bitkoins.nl
102816	0.318331241607666	0.08808636665344238	electrum.bitkoins.nl
104832	0.31761670112609863	0.08758425712585449	electrum.bitkoins.nl
106848	0.31846141815185547	0.08796858787536621	electrum.bitkoins.nl
108864	0.318997859954834	0.08856320381164551	electrum.bitkoins.nl
110880	0.31723880767822266	0.08831048011779785	electrum.bitkoins.nl
112896	0.3171725273132324	0.09043097496032715	electrum.bitkoins.nl
114912	0.31720781326293945	0.09353303909301758	electrum.bitkoins.nl
116928	0.31821155548095703	0.08889627456665039	electrum.bitkoins.nl
118944	0.3186154365539551	0.08965682983398438	electrum.bitkoins.nl
120960	0.31911611557006836	0.08949780464172363	electrum.bitkoins.nl
122976	0.31945323944091797	0.08946943283081055	electrum.bitkoins.nl
124992	0.31931161880493164	0.08879756927490234	electrum.bitkoins.nl
127008	0.31863951683044434	0.08817934989929199	electrum.bitkoins.nl
129024	0.3195455074310303	0.08867454528808594	electrum.bitkoins.nl
131040	0.3181631565093994	0.0885474681854248	electrum.bitkoins.nl
133056	0.31748461723327637	0.0890188217163086	electrum.bitkoins.nl
135072	0.318173885345459	0.08857917785644531	electrum.bitkoins.nl
137088	0.3185148239135742	0.08867979049682617	electrum.bitkoins.nl
139104	0.31783246994018555	0.08956789970397949	electrum.bitkoins.nl
141120	0.3204176425933838	0.08883833885192871	electrum.bitkoins.nl
143136	0.31873369216918945	0.08924460411071777	electrum.bitkoins.nl
145152	0.31835174560546875	0.08921408653259277	electrum.bitkoins.nl
147168	0.31923556327819824	0.08809566497802734	electrum.bitkoins.nl
149184	0.31844449043273926	0.08913755416870117	electrum.bitkoins.nl
151200	0.3204054832458496	0.08826899528503418	electrum.bitkoins.nl
153216	0.3197815418243408	0.08798503875732422	electrum.bitkoins.nl
155232	0.31853222846984863	0.08846497535705566	electrum.bitkoins.nl
157248	0.3185584545135498	0.08797121047973633	electrum.bitkoins.nl
159264	0.318129301071167	0.08845901489257812	electrum.bitkoins.nl
161280	0.4725515842437744	0.08837532997131348	electrum.bitkoins.nl
163296	0.47166895866394043	0.0890049934387207	electrum.bitkoins.nl
165312	0.4718151092529297	0.08843207359313965	electrum.bitkoins.nl
167328	0.3186161518096924	0.08892560005187988	electrum.bitkoins.nl
169344	0.3183588981628418	0.08883237838745117	electrum.bitkoins.nl
171360	0.3182103633880615	0.08702564239501953	electrum.bitkoins.nl
173376	0.31815052032470703	0.09003162384033203	electrum.bitkoins.nl
175392	0.31811094284057617	0.1449873447418213	electrum.bitkoins.nl
177408	0.318406343460083	0.08809971809387207	electrum.bitkoins.nl
179424	0.3179948329925537	0.08732771873474121	electrum.bitkoins.nl
181440	0.31707239151000977	0.08990216255187988	electrum.bitkoins.nl
183456	0.3178703784942627	0.08723878860473633	electrum.bitkoins.nl
185472	0.31886982917785645	0.08813071250915527	electrum.bitkoins.nl
187488	0.3184492588043213	0.08921408653259277	electrum.bitkoins.nl
189504	0.31896042823791504	0.08968782424926758	electrum.bitkoins.nl
191520	0.3183891773223877	0.08906841278076172	electrum.bitkoins.nl
193536	0.3183739185333252	0.08840346336364746	electrum.bitkoins.nl
195552	0.31873106956481934	0.08934330940246582	electrum.bitkoins.nl
197568	0.3179812431335449	0.08910346031188965	electrum.bitkoins.nl
199584	0.31703877449035645	0.08906435966491699	electrum.bitkoins.nl
201600	0.31836676597595215	0.09001564979553223	electrum.bitkoins.nl
203616	0.3172953128814697	0.08923053741455078	electrum.bitkoins.nl
205632	0.3177986145019531	0.08880066871643066	electrum.bitkoins.nl
207648	0.3176867961883545	0.08767938613891602	electrum.bitkoins.nl
209664	0.3181750774383545	0.08829212188720703	electrum.bitkoins.nl
211680	0.3183584213256836	0.0889899730682373	electrum.bitkoins.nl
213696	0.3182950019836426	0.0885167121887207	electrum.bitkoins.nl
215712	0.31780195236206055	0.08933401107788086	electrum.bitkoins.nl
217728	0.3225219249725342	0.08845210075378418	electrum.bitkoins.nl
219744	0.3183431625366211	0.08892393112182617	electrum.bitkoins.nl
221760	0.31731247901916504	0.08880758285522461	electrum.bitkoins.nl
223776	0.31705689430236816	0.08915114402770996	electrum.bitkoins.nl
225792	0.3178684711456299	0.08893632888793945	electrum.bitkoins.nl
227808	0.3174405097961426	0.08903646469116211	electrum.bitkoins.nl
229824	0.3172953128814697	0.08852648735046387	electrum.bitkoins.nl
231840	0.3171060085296631	0.08931541442871094	electrum.bitkoins.nl
233856	0.31780219078063965	0.08842992782592773	electrum.bitkoins.nl
235872	0.31755971908569336	0.08859658241271973	electrum.bitkoins.nl
237888	0.31729841232299805	0.08869218826293945	electrum.bitkoins.nl
239904	0.3167290687561035	0.08827948570251465	electrum.bitkoins.nl
241920	0.31703925132751465	0.09002995491027832	electrum.bitkoins.nl
243936	0.31819653511047363	0.08962583541870117	electrum.bitkoins.nl
245952	0.4716835021972656	0.0895688533782959	electrum.bitkoins.nl
247968	0.47170448303222656	0.09082818031311035	electrum.bitkoins.nl
249984	0.47115468978881836	0.08974647521972656	electrum.bitkoins.nl
252000	0.3176307678222656	0.08992266654968262	electrum.bitkoins.nl
254016	0.3169581890106201	0.08960533142089844	electrum.bitkoins.nl
256032	0.31784868240356445	0.08914399147033691	electrum.bitkoins.nl
258048	0.3179328441619873	0.09011363983154297	electrum.bitkoins.nl
260064	0.3175959587097168	0.09005379676818848	electrum.bitkoins.nl
262080	0.31812024116516113	0.08994007110595703	electrum.bitkoins.nl
264096	0.31802916526794434	0.08858847618103027	electrum.bitkoins.nl
266112	0.31955480575561523	0.08901691436767578	electrum.bitkoins.nl
268128	0.3169434070587158	0.08916068077087402	electrum.bitkoins.nl
270144	0.31810736656188965	0.0886683464050293	electrum.bitkoins.nl
272160	0.4000239372253418	0.0886223316192627	electrum.bitkoins.nl
274176	0.31851959228515625	0.08993744850158691	electrum.bitkoins.nl
276192	0.3180427551269531	0.09046030044555664	electrum.bitkoins.nl
278208	0.31792306900024414	0.08949851989746094	electrum.bitkoins.nl
280224	0.4736473560333252	0.0904245376586914	electrum.bitkoins.nl
282240	0.4711446762084961	0.0900883674621582	electrum.bitkoins.nl
284256	0.4722604751586914	0.08970379829406738	electrum.bitkoins.nl
286272	0.4734818935394287	0.08950614929199219	electrum.bitkoins.nl
288288	0.4712803363800049	0.08914661407470703	electrum.bitkoins.nl
290304	0.47399401664733887	0.0886533260345459	electrum.bitkoins.nl
292320	0.3205258846282959	0.0904383659362793	electrum.bitkoins.nl
294336	0.3178267478942871	0.09003973007202148	electrum.bitkoins.nl
296352	0.317274808883667	0.08879208564758301	electrum.bitkoins.nl
298368	0.31903648376464844	0.08884477615356445	electrum.bitkoins.nl
300384	0.3180389404296875	0.08878970146179199	electrum.bitkoins.nl
302400	0.31798648834228516	0.08910632133483887	electrum.bitkoins.nl
304416	0.32016849517822266	0.08751058578491211	electrum.bitkoins.nl
306432	0.3173966407775879	0.08999300003051758	electrum.bitkoins.nl
308448	0.3174550533294678	0.08936023712158203	electrum.bitkoins.nl
310464	0.31816959381103516	0.0889742374420166	electrum.bitkoins.nl
312480	0.3174707889556885	0.08891963958740234	electrum.bitkoins.nl
314496	0.31923532485961914	0.0886387825012207	electrum.bitkoins.nl
316512	0.31753969192504883	0.08910775184631348	electrum.bitkoins.nl
318528	0.3188650608062744	0.09175586700439453	electrum.bitkoins.nl
320544	0.3177769184112549	0.08945941925048828	electrum.bitkoins.nl
322560	0.31734156608581543	0.09034037590026855	electrum.bitkoins.nl
324576	0.3182487487792969	0.0902564525604248	electrum.bitkoins.nl
326592	0.3178842067718506	0.09123659133911133	electrum.bitkoins.nl
328608	0.31891822814941406	0.08995938301086426	electrum.bitkoins.nl
330624	0.3169834613800049	0.08996152877807617	electrum.bitkoins.nl
332640	0.3178422451019287	0.09001541137695312	electrum.bitkoins.nl
334656	0.3170206546783447	0.09003758430480957	electrum.bitkoins.nl
336672	0.31676745414733887	0.08991408348083496	electrum.bitkoins.nl
338688	0.3168470859527588	0.09027886390686035	electrum.bitkoins.nl
340704	0.3175971508026123	0.08964133262634277	electrum.bitkoins.nl
342720	0.31819820404052734	0.08931159973144531	electrum.bitkoins.nl
344736	0.31876301765441895	0.09019351005554199	electrum.bitkoins.nl
346752	0.3171696662902832	0.09039521217346191	electrum.bitkoins.nl
348768	0.31792712211608887	0.08908677101135254	electrum.bitkoins.nl
350784	0.31743645668029785	0.08908414840698242	electrum.bitkoins.nl
352800	0.3165624141693115	0.08945178985595703	electrum.bitkoins.nl
354816	0.31716203689575195	0.0881955623626709	electrum.bitkoins.nl
356832	0.31687021255493164	0.08843016624450684	electrum.bitkoins.nl
358848	0.317157506942749	0.0896005630493164	electrum.bitkoins.nl
360864	0.3180685043334961	0.09027242660522461	electrum.bitkoins.nl
362880	0.31875085830688477	0.08912396430969238	electrum.bitkoins.nl
364896	0.31734609603881836	0.08809089660644531	electrum.bitkoins.nl
366912	0.31801819801330566	0.09017515182495117	electrum.bitkoins.nl
368928	0.31833696365356445	0.08986639976501465	electrum.bitkoins.nl
370944	0.3182559013366699	0.08947038650512695	electrum.bitkoins.nl
372960	0.31867527961730957	0.09024572372436523	electrum.bitkoins.nl
374976	0.31795406341552734	0.08962178230285645	electrum.bitkoins.nl
376992	0.318331241607666	0.08935832977294922	electrum.bitkoins.nl
379008	0.319063663482666	0.08926939964294434	electrum.bitkoins.nl
381024	0.47297215461730957	0.09039497375488281	electrum.bitkoins.nl
383040	0.3188319206237793	0.08922362327575684	electrum.bitkoins.nl
385056	0.3180196285247803	0.09037470817565918	electrum.bitkoins.nl
387072	0.31881093978881836	0.09033370018005371	electrum.bitkoins.nl
389088	0.31911134719848633	0.09012699127197266	electrum.bitkoins.nl
391104	0.31985974311828613	0.09015226364135742	electrum.bitkoins.nl
393120	0.3190140724182129	0.09031200408935547	electrum.bitkoins.nl
395136	0.3185739517211914	0.08974504470825195	electrum.bitkoins.nl
397152	0.31822633743286133	0.09045553207397461	electrum.bitkoins.nl
399168	0.31987977027893066	0.09161162376403809	electrum.bitkoins.nl
401184	0.31806516647338867	0.09157538414001465	electrum.bitkoins.nl
403200	0.3187427520751953	0.09013104438781738	electrum.bitkoins.nl
405216	0.31882572174072266	0.09056973457336426	electrum.bitkoins.nl
407232	0.31771183013916016	0.08976316452026367	electrum.bitkoins.nl
409248	0.31841063499450684	0.09018540382385254	electrum.bitkoins.nl
411264	0.32065749168395996	0.09068441390991211	electrum.bitkoins.nl
413280	0.4724147319793701	0.0892038345336914	electrum.bitkoins.nl
415296	0.4719550609588623	0.08956050872802734	electrum.bitkoins.nl
417312	0.3191251754760742	0.08946776390075684	electrum.bitkoins.nl
419328	0.31826210021972656	0.08877825736999512	electrum.bitkoins.nl
421344	0.3190758228302002	0.08902955055236816	electrum.bitkoins.nl
423360	0.319171667098999	0.08933806419372559	electrum.bitkoins.nl
425376	0.3184647560119629	0.0897059440612793	electrum.bitkoins.nl
427392	0.3177757263183594	0.08982467651367188	electrum.bitkoins.nl
429408	0.3195979595184326	0.08970260620117188	electrum.bitkoins.nl
431424	0.318648099899292	0.08894610404968262	electrum.bitkoins.nl
433440	0.31848645210266113	0.08883237838745117	electrum.bitkoins.nl
435456	0.31958699226379395	0.08842706680297852	electrum.bitkoins.nl
437472	0.31783437728881836	0.08819317817687988	electrum.bitkoins.nl
439488	0.31774353981018066	0.08986234664916992	electrum.bitkoins.nl
441504	0.3171265125274658	0.08888101577758789	electrum.bitkoins.nl
443520	0.3169519901275635	0.08855271339416504	electrum.bitkoins.nl
445536	0.3171813488006592	0.08895015716552734	electrum.bitkoins.nl
447552	0.3185741901397705	0.08910989761352539	electrum.bitkoins.nl
449568	0.3170793056488037	0.08862137794494629	electrum.bitkoins.nl
451584	0.31714606285095215	0.08802628517150879	electrum.bitkoins.nl
453600	0.31846165657043457	0.08849048614501953	electrum.bitkoins.nl
455616	0.31690549850463867	0.08801698684692383	electrum.bitkoins.nl
457632	0.3176991939544678	0.08860492706298828	electrum.bitkoins.nl
459648	0.3188138008117676	0.08827376365661621	electrum.bitkoins.nl
461664	0.31780076026916504	0.09384012222290039	electrum.bitkoins.nl
463680	0.31795310974121094	0.0886390209197998	electrum.bitkoins.nl
465696	0.3183755874633789	0.08871340751647949	electrum.bitkoins.nl
467712	0.31710195541381836	0.08809733390808105	electrum.bitkoins.nl
469728	0.3170149326324463	0.08896231651306152	electrum.bitkoins.nl
471744	0.31819701194763184	0.08869600296020508	electrum.bitkoins.nl
473760	0.4726111888885498	0.08688688278198242	electrum.bitkoins.nl
475776	0.4708383083343506	0.08741283416748047	electrum.bitkoins.nl
477792	0.47130656242370605	0.0880894660949707	electrum.bitkoins.nl
479808	0.31806063652038574	0.08776593208312988	electrum.bitkoins.nl
481824	0.3170151710510254	0.08719778060913086	electrum.bitkoins.nl
483840	0.31717681884765625	0.08809399604797363	electrum.bitkoins.nl
485856	0.31741952896118164	0.08901762962341309	electrum.bitkoins.nl
487872	0.3172328472137451	0.08927321434020996	electrum.bitkoins.nl
489888	0.31789541244506836	0.09015917778015137	electrum.bitkoins.nl
491904	0.3182070255279541	0.08814430236816406	electrum.bitkoins.nl
493920	0.31764650344848633	0.09004092216491699	electrum.bitkoins.nl
495936	0.31875109672546387	0.0909125804901123	electrum.bitkoins.nl
497952	0.3172926902770996	0.09023475646972656	electrum.bitkoins.nl
499968	0.31887269020080566	0.08995580673217773	electrum.bitkoins.nl
501984	0.31792211532592773	0.08926749229431152	electrum.bitkoins.nl
504000	0.3174903392791748	0.0892632007598877	electrum.bitkoins.nl
506016	0.3181757926940918	0.08862876892089844	electrum.bitkoins.nl
508032	0.3183174133300781	0.08889007568359375	electrum.bitkoins.nl
510048	0.31743884086608887	0.08876729011535645	electrum.bitkoins.nl
512064	0.31857800483703613	0.08844876289367676	electrum.bitkoins.nl
514080	0.31781458854675293	0.08917021751403809	electrum.bitkoins.nl
516096	0.31762075424194336	0.08937311172485352	electrum.bitkoins.nl
518112	0.31763505935668945	0.09034276008605957	electrum.bitkoins.nl
520128	0.3184165954589844	0.09018373489379883	electrum.bitkoins.nl
522144	0.31763339042663574	0.08949780464172363	electrum.bitkoins.nl
524160	0.31816792488098145	0.09048199653625488	electrum.bitkoins.nl
526176	0.31707000732421875	0.08946108818054199	electrum.bitkoins.nl
528192	0.3181161880493164	0.0891106128692627	electrum.bitkoins.nl
530208	0.31862640380859375	0.08951616287231445	electrum.bitkoins.nl
532224	0.3177490234375	0.09446072578430176	electrum.bitkoins.nl
534240	0.3184359073638916	0.08938837051391602	electrum.bitkoins.nl
536256	0.3195455074310303	0.08974146842956543	electrum.bitkoins.nl
538272	0.31731724739074707	0.08950662612915039	electrum.bitkoins.nl
540288	0.3186478614807129	0.08946061134338379	electrum.bitkoins.nl
542304	0.31836533546447754	0.08917498588562012	electrum.bitkoins.nl
544320	0.3177828788757324	0.0895683765411377	electrum.bitkoins.nl
546336	0.31853818893432617	0.0895380973815918	electrum.bitkoins.nl
548352	0.3173089027404785	0.09001493453979492	electrum.bitkoins.nl
550368	0.317488431930542	0.08990716934204102	electrum.bitkoins.nl
552384	0.317385196685791	0.08904385566711426	electrum.bitkoins.nl
554400	0.3184382915496826	0.08892059326171875	electrum.bitkoins.nl
556416	0.3170468807220459	0.08917570114135742	electrum.bitkoins.nl
558432	0.47264552116394043	0.0890507698059082	electrum.bitkoins.nl
560448	0.4717881679534912	0.08855938911437988	electrum.bitkoins.nl
562464	0.4708127975463867	0.08882737159729004	electrum.bitkoins.nl
564480	0.317730188369751	0.08855724334716797	electrum.bitkoins.nl
566496	0.3184545040130615	0.08809828758239746	electrum.bitkoins.nl
568512	0.3172581195831299	0.0886080265045166	electrum.bitkoins.nl
570528	0.3189983367919922	0.08869624137878418	electrum.bitkoins.nl
572544	0.31797313690185547	0.0905463695526123	electrum.bitkoins.nl
574560	0.3188047409057617	0.08960318565368652	electrum.bitkoins.nl
576576	0.31781697273254395	0.08945059776306152	electrum.bitkoins.nl
578592	0.3191683292388916	0.08923864364624023	electrum.bitkoins.nl
580608	0.31708669662475586	0.08864450454711914	electrum.bitkoins.nl
582624	0.31749606132507324	0.08901000022888184	electrum.bitkoins.nl
584640	0.3185760974884033	0.08833122253417969	electrum.bitkoins.nl
586656	0.31728267669677734	0.0895392894744873	electrum.bitkoins.nl
588672	0.3171350955963135	0.08955097198486328	electrum.bitkoins.nl
590688	0.3172791004180908	0.08868694305419922	electrum.bitkoins.nl
592704	0.31826257705688477	0.08847427368164062	electrum.bitkoins.nl
594720	0.31752872467041016	0.08940768241882324	electrum.bitkoins.nl
596736	0.31688570976257324	0.08911776542663574	electrum.bitkoins.nl
598752	0.3169236183166504	0.08849549293518066	electrum.bitkoins.nl
600768	0.3182666301727295	0.0891423225402832	electrum.bitkoins.nl
602784	0.31768202781677246	0.08918571472167969	electrum.bitkoins.nl
604800	0.3185107707977295	0.08925557136535645	electrum.bitkoins.nl
606816	0.3190746307373047	0.08845114707946777	electrum.bitkoins.nl
608832	0.3172762393951416	0.08897972106933594	electrum.bitkoins.nl
610848	0.31716394424438477	0.08918881416320801	electrum.bitkoins.nl
612864	0.3184843063354492	0.08894872665405273	electrum.bitkoins.nl
614880	0.31730127334594727	0.08905148506164551	electrum.bitkoins.nl
616896	0.3171238899230957	0.08930516242980957	electrum.bitkoins.nl
618912	0.3168609142303467	0.09033036231994629	electrum.bitkoins.nl
620928	0.3201942443847656	0.0885779857635498	electrum.bitkoins.nl
622944	0.3170764446258545	0.08826613426208496	electrum.bitkoins.nl
624960	0.3191697597503662	0.08858394622802734	electrum.bitkoins.nl
626976	0.3187239170074463	0.08845067024230957	electrum.bitkoins.nl
628992	0.3171267509460449	0.08831286430358887	electrum.bitkoins.nl
631008	0.31870079040527344	0.08819007873535156	electrum.bitkoins.nl
633024	0.3177502155303955	0.08838129043579102	electrum.bitkoins.nl
635040	0.3183746337890625	0.0884547233581543	electrum.bitkoins.nl
637056	0.3181166648864746	0.0889434814453125	electrum.bitkoins.nl
639072	0.318206787109375	0.08775043487548828	electrum.bitkoins.nl
641088	0.3184833526611328	0.08841228485107422	electrum.bitkoins.nl
643104	0.31856393814086914	0.08851027488708496	electrum.bitkoins.nl
645120	0.3176264762878418	0.08867788314819336	electrum.bitkoins.nl
647136	0.3187248706817627	0.08882379531860352	electrum.bitkoins.nl
649152	0.31865978240966797	0.08777713775634766	electrum.bitkoins.nl
651168	0.3185887336730957	0.08768582344055176	electrum.bitkoins.nl
653184	0.3189198970794678	0.08826017379760742	electrum.bitkoins.nl
655200	0.3187570571899414	0.08902573585510254	electrum.bitkoins.nl
657216	0.1615893840789795	0.05574607849121094	electrum.bitkoins.nl
