1	1.9648668766021729	0.08879566192626953	VPS.hsmiths.com
2016	0.6621236801147461	0.08745002746582031	VPS.hsmiths.com
4032	0.34155726432800293	0.08657336235046387	VPS.hsmiths.com
6048	0.3414332866668701	0.0869908332824707	VPS.hsmiths.com
8064	0.3439974784851074	0.08590030670166016	VPS.hsmiths.com
10081	2.1670327186584473	0.0877690315246582	fortress.qtornado.com
12096	1.2141196727752686	0.08637619018554688	fortress.qtornado.com
14112	0.6021807193756104	0.08635282516479492	fortress.qtornado.com
16128	0.30577921867370605	0.08630585670471191	fortress.qtornado.com
18144	0.30576395988464355	0.08620548248291016	fortress.qtornado.com
20160	0.305645227432251	0.08580446243286133	fortress.qtornado.com
22176	0.30582666397094727	0.08679747581481934	fortress.qtornado.com
24192	0.30628442764282227	0.08635663986206055	fortress.qtornado.com
26208	0.31500720977783203	0.08678364753723145	fortress.qtornado.com
28224	0.3076663017272949	0.08600902557373047	fortress.qtornado.com
30240	0.30588245391845703	0.08609437942504883	fortress.qtornado.com
32256	0.3058795928955078	0.08644390106201172	fortress.qtornado.com
34272	0.3062000274658203	0.08765602111816406	fortress.qtornado.com
36288	0.30721139907836914	0.08608293533325195	fortress.qtornado.com
38304	0.3057689666748047	0.08659720420837402	fortress.qtornado.com
40320	0.3058631420135498	0.08561062812805176	fortress.qtornado.com
42336	0.4026310443878174	0.08634257316589355	fortress.qtornado.com
44352	0.3066904544830322	0.08619952201843262	fortress.qtornado.com
46368	0.3109900951385498	0.08598661422729492	fortress.qtornado.com
48384	0.3062324523925781	0.086181640625	fortress.qtornado.com
50400	0.31198668479919434	0.08601021766662598	fortress.qtornado.com
52416	0.3067929744720459	0.08917403221130371	fortress.qtornado.com
54432	0.30631303787231445	0.0857844352722168	fortress.qtornado.com
56448	0.305647611618042	0.08633637428283691	fortress.qtornado.com
58464	0.3057389259338379	0.08721566200256348	fortress.qtornado.com
60480	0.3056974411010742	0.08575916290283203	fortress.qtornado.com
62496	0.30907678604125977	0.08644938468933105	fortress.qtornado.com
64512	0.30628323554992676	0.08657622337341309	fortress.qtornado.com
66528	0.3059074878692627	0.08630037307739258	fortress.qtornado.com
68544	0.30569028854370117	0.08588361740112305	fortress.qtornado.com
70560	0.370833158493042	0.08634495735168457	fortress.qtornado.com
72576	0.3056941032409668	0.08670496940612793	fortress.qtornado.com
74592	0.30879926681518555	0.08742976188659668	fortress.qtornado.com
76608	0.3056633472442627	0.08600354194641113	fortress.qtornado.com
78624	0.3059875965118408	0.08647418022155762	fortress.qtornado.com
80640	0.30581212043762207	0.08658838272094727	fortress.qtornado.com
82656	0.30608344078063965	0.08568120002746582	fortress.qtornado.com
84672	0.306105375289917	0.08680033683776855	fortress.qtornado.com
86688	0.30583930015563965	0.08659958839416504	fortress.qtornado.com
88704	0.3057389259338379	0.08623003959655762	fortress.qtornado.com
90720	0.306488037109375	0.08654475212097168	fortress.qtornado.com
92736	0.3075439929962158	0.08565711975097656	fortress.qtornado.com
94752	0.3061404228210449	0.08626604080200195	fortress.qtornado.com
96768	0.34752607345581055	0.08723044395446777	fortress.qtornado.com
98784	0.30533909797668457	0.08616065979003906	fortress.qtornado.com
100800	0.3058292865753174	0.08732175827026367	fortress.qtornado.com
102816	0.3055284023284912	0.08774352073669434	fortress.qtornado.com
104832	0.3062260150909424	0.08769965171813965	fortress.qtornado.com
106848	0.3082551956176758	0.08814406394958496	fortress.qtornado.com
108864	0.3100862503051758	0.09000301361083984	fortress.qtornado.com
110880	0.30665087699890137	0.08912777900695801	fortress.qtornado.com
112896	0.3064424991607666	0.09010791778564453	fortress.qtornado.com
114912	0.30611610412597656	0.08870935440063477	fortress.qtornado.com
116928	0.30565357208251953	0.09026050567626953	fortress.qtornado.com
118944	0.3054189682006836	0.08865547180175781	fortress.qtornado.com
120960	0.3055543899536133	0.08779716491699219	fortress.qtornado.com
122976	0.30586767196655273	0.08896231651306152	fortress.qtornado.com
124992	0.3059871196746826	0.08815240859985352	fortress.qtornado.com
127008	0.3211178779602051	0.08749103546142578	fortress.qtornado.com
129024	0.30547475814819336	0.08710932731628418	fortress.qtornado.com
131040	0.31222963333129883	0.0879511833190918	fortress.qtornado.com
133056	0.30551838874816895	0.08830094337463379	fortress.qtornado.com
135072	0.3060290813446045	0.08835792541503906	fortress.qtornado.com
137088	0.3054485321044922	0.08765077590942383	fortress.qtornado.com
139104	0.30560994148254395	0.08786559104919434	fortress.qtornado.com
141120	0.30535435676574707	0.08742427825927734	fortress.qtornado.com
143136	0.30609869956970215	0.08809328079223633	fortress.qtornado.com
145152	0.31134653091430664	0.08817005157470703	fortress.qtornado.com
147168	0.30553150177001953	0.08844208717346191	fortress.qtornado.com
149184	0.3109464645385742	0.08807229995727539	fortress.qtornado.com
151200	0.3123166561126709	0.08698725700378418	fortress.qtornado.com
153216	0.4056417942047119	0.08672666549682617	fortress.qtornado.com
155232	0.32275938987731934	0.08576655387878418	fortress.qtornado.com
157248	0.31078171730041504	0.08661556243896484	fortress.qtornado.com
159264	0.3179011344909668	0.08635663986206055	fortress.qtornado.com
161280	0.30882787704467773	0.0870814323425293	fortress.qtornado.com
163296	0.31616687774658203	0.08678126335144043	fortress.qtornado.com
165312	0.33626627922058105	0.08697867393493652	fortress.qtornado.com
167328	0.3085496425628662	0.08769464492797852	fortress.qtornado.com
169344	0.3126869201660156	0.08743906021118164	fortress.qtornado.com
171360	0.31375885009765625	0.08726119995117188	fortress.qtornado.com
173376	0.3159773349761963	0.08694028854370117	fortress.qtornado.com
175392	0.31656336784362793	0.08753633499145508	fortress.qtornado.com
177408	0.30745410919189453	0.08667182922363281	fortress.qtornado.com
179424	0.3091006278991699	0.08763694763183594	fortress.qtornado.com
181440	0.3052809238433838	0.08757591247558594	fortress.qtornado.com
183456	0.3126716613769531	0.0882878303527832	fortress.qtornado.com
185472	1.6340587139129639	0.0882115364074707	fortress.qtornado.com
187488	0.31548595428466797	0.08762407302856445	fortress.qtornado.com
189504	0.3104560375213623	0.08850932121276855	fortress.qtornado.com
191520	0.3170814514160156	0.08828854560852051	fortress.qtornado.com
193536	0.33226943016052246	0.08736276626586914	fortress.qtornado.com
195552	0.30736851692199707	0.08819699287414551	fortress.qtornado.com
197568	0.3151059150695801	0.08712959289550781	fortress.qtornado.com
199584	0.3124723434448242	0.08667540550231934	fortress.qtornado.com
201600	0.31444358825683594	0.08746647834777832	fortress.qtornado.com
203616	0.31621861457824707	0.0867927074432373	fortress.qtornado.com
205632	0.30545616149902344	0.08729362487792969	fortress.qtornado.com
207648	0.3131439685821533	0.08700418472290039	fortress.qtornado.com
209664	0.32044553756713867	0.08671021461486816	fortress.qtornado.com
211680	0.32280850410461426	0.08718037605285645	fortress.qtornado.com
213696	0.31319093704223633	0.08684802055358887	fortress.qtornado.com
215712	0.3123512268066406	0.08790922164916992	fortress.qtornado.com
217728	0.32347798347473145	0.08663272857666016	fortress.qtornado.com
219744	0.32709264755249023	0.08963871002197266	fortress.qtornado.com
221760	0.37832045555114746	0.08785486221313477	fortress.qtornado.com
223776	0.3098180294036865	0.08760452270507812	fortress.qtornado.com
225792	0.3224024772644043	0.08813023567199707	fortress.qtornado.com
227808	0.31833958625793457	0.08771061897277832	fortress.qtornado.com
229824	0.30932092666625977	0.0885477066040039	fortress.qtornado.com
231840	0.31977224349975586	0.0874490737915039	fortress.qtornado.com
233856	0.3123321533203125	0.08765625953674316	fortress.qtornado.com
235872	0.30894970893859863	0.08774113655090332	fortress.qtornado.com
237888	0.309877872467041	0.0874030590057373	fortress.qtornado.com
239904	0.33434367179870605	0.08752059936523438	fortress.qtornado.com
241920	0.31976842880249023	0.08895087242126465	fortress.qtornado.com
243936	0.31600427627563477	0.08890461921691895	fortress.qtornado.com
245952	0.3153228759765625	0.0884237289428711	fortress.qtornado.com
247968	0.31683993339538574	0.08806467056274414	fortress.qtornado.com
249984	0.3170793056488037	0.09002161026000977	fortress.qtornado.com
252000	0.378859281539917	0.08811283111572266	fortress.qtornado.com
254016	0.30980515480041504	0.08761835098266602	fortress.qtornado.com
256032	0.3136873245239258	0.08747482299804688	fortress.qtornado.com
258048	0.3143782615661621	0.0875697135925293	fortress.qtornado.com
260064	0.32900333404541016	0.08765220642089844	fortress.qtornado.com
262080	0.3124210834503174	0.08792424201965332	fortress.qtornado.com
264096	0.31437182426452637	0.08729147911071777	fortress.qtornado.com
266112	0.3129456043243408	0.08748602867126465	fortress.qtornado.com
268128	0.30754637718200684	0.08872532844543457	fortress.qtornado.com
270144	0.3060610294342041	0.0892641544342041	fortress.qtornado.com
272160	0.3162689208984375	0.0877084732055664	fortress.qtornado.com
274176	0.3095824718475342	0.08824396133422852	fortress.qtornado.com
276192	0.30921339988708496	0.08907675743103027	fortress.qtornado.com
278208	0.3515326976776123	0.08743667602539062	fortress.qtornado.com
280224	0.3167150020599365	0.08881688117980957	fortress.qtornado.com
282240	0.34180331230163574	0.08779287338256836	fortress.qtornado.com
284256	0.31179165840148926	0.08771204948425293	fortress.qtornado.com
286272	0.3134469985961914	0.08817052841186523	fortress.qtornado.com
288288	0.31630373001098633	0.08814001083374023	fortress.qtornado.com
290304	0.32305097579956055	0.08865928649902344	fortress.qtornado.com
292320	0.3222827911376953	0.09009337425231934	fortress.qtornado.com
294336	0.31393933296203613	0.0894308090209961	fortress.qtornado.com
296352	0.32428717613220215	0.08902430534362793	fortress.qtornado.com
298368	0.3121781349182129	0.08987951278686523	fortress.qtornado.com
300384	0.315446138381958	0.0895688533782959	fortress.qtornado.com
302400	0.3130228519439697	0.08873653411865234	fortress.qtornado.com
304416	0.31009864807128906	0.0899190902709961	fortress.qtornado.com
306432	0.32385969161987305	0.09039020538330078	fortress.qtornado.com
308448	0.319047212600708	0.09033703804016113	fortress.qtornado.com
310464	0.3097865581512451	0.09065890312194824	fortress.qtornado.com
312480	0.31372761726379395	0.08932375907897949	fortress.qtornado.com
314496	1.5814836025238037	0.08901166915893555	fortress.qtornado.com
316512	0.3343656063079834	0.0892784595489502	fortress.qtornado.com
318528	0.3189125061035156	0.08904314041137695	fortress.qtornado.com
320544	0.306058406829834	0.08931183815002441	fortress.qtornado.com
322560	0.32212233543395996	0.08913493156433105	fortress.qtornado.com
324576	0.3149707317352295	0.08895587921142578	fortress.qtornado.com
326592	0.32053256034851074	0.09060859680175781	fortress.qtornado.com
328608	0.3053762912750244	0.0886225700378418	fortress.qtornado.com
330624	0.31473255157470703	0.09013867378234863	fortress.qtornado.com
332640	0.31529927253723145	0.09392666816711426	fortress.qtornado.com
334656	0.3153228759765625	0.08983635902404785	fortress.qtornado.com
336672	0.31296205520629883	0.08897781372070312	fortress.qtornado.com
338688	0.31151676177978516	0.08904862403869629	fortress.qtornado.com
340704	0.3167424201965332	0.08949160575866699	fortress.qtornado.com
342720	0.36086130142211914	0.0887136459350586	fortress.qtornado.com
344736	0.3116614818572998	0.08994245529174805	fortress.qtornado.com
346752	0.31923365592956543	0.08923935890197754	fortress.qtornado.com
348768	0.31563353538513184	0.09012699127197266	fortress.qtornado.com
350784	0.34369325637817383	0.08984613418579102	fortress.qtornado.com
352800	0.31232428550720215	0.08984112739562988	fortress.qtornado.com
354816	0.3126850128173828	0.08907866477966309	fortress.qtornado.com
356832	0.3139669895172119	0.08908963203430176	fortress.qtornado.com
358848	0.3152012825012207	0.08989429473876953	fortress.qtornado.com
360864	0.3147714138031006	0.08980083465576172	fortress.qtornado.com
362880	0.31236934661865234	0.08896613121032715	fortress.qtornado.com
364896	0.31291723251342773	0.08922314643859863	fortress.qtornado.com
366912	0.4588134288787842	0.0901799201965332	fortress.qtornado.com
368928	0.3126556873321533	0.08893394470214844	fortress.qtornado.com
370944	0.31308722496032715	0.09029889106750488	fortress.qtornado.com
372960	0.31073594093322754	0.08890247344970703	fortress.qtornado.com
374976	0.31005215644836426	0.08846426010131836	fortress.qtornado.com
376992	0.3134949207305908	0.08906793594360352	fortress.qtornado.com
379008	0.307330846786499	0.08915019035339355	fortress.qtornado.com
381024	0.31589484214782715	0.08880138397216797	fortress.qtornado.com
383040	0.32071757316589355	0.08928585052490234	fortress.qtornado.com
385056	0.31792783737182617	0.08938264846801758	fortress.qtornado.com
387072	0.3073139190673828	0.0896914005279541	fortress.qtornado.com
389088	0.3097400665283203	0.08861780166625977	fortress.qtornado.com
391104	0.3145897388458252	0.0888833999633789	fortress.qtornado.com
393120	0.31754350662231445	0.08992409706115723	fortress.qtornado.com
395136	0.3119347095489502	0.0894162654876709	fortress.qtornado.com
397152	0.3229060173034668	0.08915519714355469	fortress.qtornado.com
399168	0.3156764507293701	0.08943605422973633	fortress.qtornado.com
401184	0.31383228302001953	0.08891057968139648	fortress.qtornado.com
403200	0.3156297206878662	0.0887916088104248	fortress.qtornado.com
405216	0.31349730491638184	0.08940935134887695	fortress.qtornado.com
407232	0.3082873821258545	0.08843302726745605	fortress.qtornado.com
409248	0.3057072162628174	0.0883646011352539	fortress.qtornado.com
411264	0.30976080894470215	0.08844709396362305	fortress.qtornado.com
413280	0.31095075607299805	0.0887296199798584	fortress.qtornado.com
415296	0.3141632080078125	0.08852767944335938	fortress.qtornado.com
417312	0.3117489814758301	0.08855795860290527	fortress.qtornado.com
419328	0.3131396770477295	0.08828449249267578	fortress.qtornado.com
421344	0.3063368797302246	0.0885920524597168	fortress.qtornado.com
423360	0.3122599124908447	0.08898091316223145	fortress.qtornado.com
425376	0.3240501880645752	0.08829021453857422	fortress.qtornado.com
427392	0.30988574028015137	0.08818793296813965	fortress.qtornado.com
429408	0.321605920791626	0.08807015419006348	fortress.qtornado.com
431424	0.3197603225708008	0.09022903442382812	fortress.qtornado.com
433440	0.31610846519470215	0.08878517150878906	fortress.qtornado.com
435456	0.3162689208984375	0.08833527565002441	fortress.qtornado.com
437472	0.3167455196380615	0.08842992782592773	fortress.qtornado.com
439488	0.31037068367004395	0.08884477615356445	fortress.qtornado.com
441504	0.31066250801086426	0.08916234970092773	fortress.qtornado.com
443520	0.311643123626709	0.08865666389465332	fortress.qtornado.com
445536	0.31928229331970215	0.08887815475463867	fortress.qtornado.com
447552	0.3158855438232422	0.0892188549041748	fortress.qtornado.com
449568	0.31164979934692383	0.08910250663757324	fortress.qtornado.com
451584	0.3118760585784912	0.08954143524169922	fortress.qtornado.com
453600	0.31808948516845703	0.08932828903198242	fortress.qtornado.com
455616	0.3055379390716553	0.08879828453063965	fortress.qtornado.com
457632	1.4610176086425781	0.08886575698852539	fortress.qtornado.com
459648	0.3075273036956787	0.08916616439819336	fortress.qtornado.com
461664	0.30962491035461426	0.08878493309020996	fortress.qtornado.com
463680	0.3128492832183838	0.08903193473815918	fortress.qtornado.com
465696	0.31240320205688477	0.08901786804199219	fortress.qtornado.com
467712	0.31197595596313477	0.08901143074035645	fortress.qtornado.com
469728	0.3131401538848877	0.0891416072845459	fortress.qtornado.com
471744	0.30944180488586426	0.09003448486328125	fortress.qtornado.com
473760	0.3145465850830078	0.08907413482666016	fortress.qtornado.com
475776	0.31731343269348145	0.08882808685302734	fortress.qtornado.com
477792	0.31963086128234863	0.08920121192932129	fortress.qtornado.com
479808	0.3154151439666748	0.08927559852600098	fortress.qtornado.com
481824	0.36447691917419434	0.08831262588500977	fortress.qtornado.com
483840	0.3138148784637451	0.08860993385314941	fortress.qtornado.com
485856	0.31213903427124023	0.09001708030700684	fortress.qtornado.com
487872	0.3088529109954834	0.08986997604370117	fortress.qtornado.com
489888	0.3194103240966797	0.09071969985961914	fortress.qtornado.com
491904	0.31590867042541504	0.09044218063354492	fortress.qtornado.com
493920	0.3148982524871826	0.09088373184204102	fortress.qtornado.com
495936	0.31363391876220703	0.08984637260437012	fortress.qtornado.com
497952	0.3177449703216553	0.09104251861572266	fortress.qtornado.com
499968	0.3138909339904785	0.09019207954406738	fortress.qtornado.com
501984	0.31589221954345703	0.09095406532287598	fortress.qtornado.com
504000	0.31598424911499023	0.08955621719360352	fortress.qtornado.com
506016	0.3166317939758301	0.08924293518066406	fortress.qtornado.com
508032	0.3053736686706543	0.08832836151123047	fortress.qtornado.com
510048	0.30626893043518066	0.08938884735107422	fortress.qtornado.com
512064	0.3096344470977783	0.0891873836517334	fortress.qtornado.com
514080	0.31358814239501953	0.08880805969238281	fortress.qtornado.com
516096	0.31728219985961914	0.09716582298278809	fortress.qtornado.com
518112	0.31323933601379395	0.08983325958251953	fortress.qtornado.com
520128	0.3057405948638916	0.08906340599060059	fortress.qtornado.com
522144	0.31498003005981445	0.08872103691101074	fortress.qtornado.com
524160	0.31375789642333984	0.08911919593811035	fortress.qtornado.com
526176	0.31680989265441895	0.08920145034790039	fortress.qtornado.com
528192	0.31230640411376953	0.08877348899841309	fortress.qtornado.com
530208	0.3120424747467041	0.08943414688110352	fortress.qtornado.com
532224	0.31399059295654297	0.08980679512023926	fortress.qtornado.com
534240	0.3181462287902832	0.08900094032287598	fortress.qtornado.com
536256	0.31108689308166504	0.09059572219848633	fortress.qtornado.com
538272	0.3101961612701416	0.09075665473937988	fortress.qtornado.com
540288	0.3165566921234131	0.08935785293579102	fortress.qtornado.com
542304	0.3053731918334961	0.0890350341796875	fortress.qtornado.com
544320	0.31433677673339844	0.08926653861999512	fortress.qtornado.com
546336	0.3101351261138916	0.09026765823364258	fortress.qtornado.com
548352	0.31050539016723633	0.09039306640625	fortress.qtornado.com
550368	0.3076474666595459	0.09027457237243652	fortress.qtornado.com
552384	0.3154933452606201	0.08955216407775879	fortress.qtornado.com
554400	0.335615873336792	0.08968520164489746	fortress.qtornado.com
556416	0.3129715919494629	0.09112215042114258	fortress.qtornado.com
558432	0.3085916042327881	0.09053897857666016	fortress.qtornado.com
560448	0.31371164321899414	0.08985137939453125	fortress.qtornado.com
562464	0.31148505210876465	0.09109830856323242	fortress.qtornado.com
564480	0.3142406940460205	0.09039974212646484	fortress.qtornado.com
566496	0.31722593307495117	0.09010577201843262	fortress.qtornado.com
568512	0.31733202934265137	0.0898885726928711	fortress.qtornado.com
570528	0.3066120147705078	0.09084725379943848	fortress.qtornado.com
572544	0.3107268810272217	0.09110593795776367	fortress.qtornado.com
574560	0.3128042221069336	0.09098148345947266	fortress.qtornado.com
576576	0.31221604347229004	0.09184741973876953	fortress.qtornado.com
578592	0.30843353271484375	0.09027600288391113	fortress.qtornado.com
580608	0.31199026107788086	0.09101653099060059	fortress.qtornado.com
582624	0.3100430965423584	0.0888979434967041	fortress.qtornado.com
584640	0.3113102912902832	0.08940839767456055	fortress.qtornado.com
586656	0.31177496910095215	0.08941411972045898	fortress.qtornado.com
588672	0.30869221687316895	0.09132909774780273	fortress.qtornado.com
590688	0.3094756603240967	0.08865976333618164	fortress.qtornado.com
592704	0.3100402355194092	0.08945083618164062	fortress.qtornado.com
594720	0.3753073215484619	0.08990192413330078	fortress.qtornado.com
596736	0.30550289154052734	0.08975100517272949	fortress.qtornado.com
598752	0.30746960639953613	0.09032273292541504	fortress.qtornado.com
600768	0.3898019790649414	0.09000396728515625	fortress.qtornado.com
602784	0.3054986000061035	0.08986186981201172	fortress.qtornado.com
604800	0.30567002296447754	0.09016895294189453	fortress.qtornado.com
606816	0.33185815811157227	0.09015655517578125	fortress.qtornado.com
608832	0.30555009841918945	0.09125828742980957	fortress.qtornado.com
610848	0.3056344985961914	0.08971834182739258	fortress.qtornado.com
612864	0.30668044090270996	0.09082198143005371	fortress.qtornado.com
614880	0.30615949630737305	0.08980822563171387	fortress.qtornado.com
616896	0.30627965927124023	0.09008145332336426	fortress.qtornado.com
618912	0.3068673610687256	0.09120416641235352	fortress.qtornado.com
620928	0.3846917152404785	0.08950114250183105	fortress.qtornado.com
622944	0.3055846691131592	0.09035873413085938	fortress.qtornado.com
624960	0.3063938617706299	0.09004855155944824	fortress.qtornado.com
626976	0.30844736099243164	0.09007978439331055	fortress.qtornado.com
628992	0.3073108196258545	0.09135293960571289	fortress.qtornado.com
631008	0.3097999095916748	0.08958625793457031	fortress.qtornado.com
633024	0.3087732791900635	0.09121561050415039	fortress.qtornado.com
635040	0.3082118034362793	0.09250020980834961	fortress.qtornado.com
637056	0.3071756362915039	0.09050631523132324	fortress.qtornado.com
639072	0.3073444366455078	0.09095406532287598	fortress.qtornado.com
641088	0.3083477020263672	0.09000730514526367	fortress.qtornado.com
643104	0.30738115310668945	0.0907752513885498	fortress.qtornado.com
645120	0.30832791328430176	0.09054899215698242	fortress.qtornado.com
647136	0.30612802505493164	0.08988523483276367	fortress.qtornado.com
649152	1.6722297668457031	0.08908653259277344	fortress.qtornado.com
651168	0.30542731285095215	0.09074163436889648	fortress.qtornado.com
653184	0.30539894104003906	0.09125137329101562	fortress.qtornado.com
655200	0.3056817054748535	0.0916280746459961	fortress.qtornado.com
657216	0.3041822910308838	0.05739402770996094	fortress.qtornado.com
