1	0.5701284408569336	0.08545374870300293	blockstream.info
2016	0.35082244873046875	0.08648467063903809	blockstream.info
4032	0.36984777450561523	0.08641839027404785	blockstream.info
6048	0.3675816059112549	0.08869528770446777	blockstream.info
8064	0.3638131618499756	0.08728432655334473	blockstream.info
10080	0.36688852310180664	0.08680605888366699	blockstream.info
12096	0.3688037395477295	0.08783268928527832	blockstream.info
14112	0.3713197708129883	0.08646798133850098	blockstream.info
16128	0.36661219596862793	0.08638381958007812	blockstream.info
18144	0.3680410385131836	0.08670687675476074	blockstream.info
20160	0.36797213554382324	0.08611845970153809	blockstream.info
22176	0.3657190799713135	0.08648896217346191	blockstream.info
24192	0.3679938316345215	0.08624982833862305	blockstream.info
26208	0.3639957904815674	0.08606195449829102	blockstream.info
28224	0.365248441696167	0.08659768104553223	blockstream.info
30240	0.36742091178894043	0.08667659759521484	blockstream.info
32256	0.3724842071533203	0.08702397346496582	blockstream.info
34272	0.3684513568878174	0.08833169937133789	blockstream.info
36288	0.3681325912475586	0.1790144443511963	blockstream.info
38304	0.36871814727783203	0.14064812660217285	blockstream.info
40320	0.5791599750518799	0.08644342422485352	blockstream.info
42336	0.3661811351776123	0.08562707901000977	blockstream.info
44352	0.36583590507507324	0.08556389808654785	blockstream.info
46368	0.3684074878692627	0.08616805076599121	blockstream.info
48384	0.3622555732727051	0.08638429641723633	blockstream.info
50400	0.3649916648864746	0.08702993392944336	blockstream.info
52416	0.36914849281311035	0.08738589286804199	blockstream.info
54432	0.36839795112609863	0.08638763427734375	blockstream.info
56448	0.3652806282043457	0.08653616905212402	blockstream.info
58464	0.3662075996398926	0.09274935722351074	blockstream.info
60480	0.3705301284790039	0.08612942695617676	blockstream.info
62496	0.3667120933532715	0.08581113815307617	blockstream.info
64512	0.36641788482666016	0.08755874633789062	blockstream.info
66528	0.36687445640563965	0.0871586799621582	blockstream.info
68544	0.3636963367462158	0.08593487739562988	blockstream.info
70560	0.3638176918029785	0.08685064315795898	blockstream.info
72576	0.36299657821655273	0.08620953559875488	blockstream.info
74592	0.36787962913513184	0.08665847778320312	blockstream.info
76608	0.370729923248291	0.08611011505126953	blockstream.info
78624	0.36440515518188477	0.08614826202392578	blockstream.info
80640	0.36931467056274414	0.08572244644165039	blockstream.info
82656	0.36792731285095215	0.08701109886169434	blockstream.info
84672	0.36509108543395996	0.08713626861572266	blockstream.info
86688	0.36923885345458984	0.08694720268249512	blockstream.info
88704	0.36791372299194336	0.08643841743469238	blockstream.info
90720	0.3718280792236328	0.08619427680969238	blockstream.info
92736	0.37246012687683105	0.0870969295501709	blockstream.info
94752	0.3697512149810791	0.08576178550720215	blockstream.info
96768	0.3690018653869629	0.08566975593566895	blockstream.info
98784	0.3682103157043457	0.09212565422058105	blockstream.info
100800	0.3709275722503662	0.08530902862548828	blockstream.info
102816	0.3697538375854492	0.08577895164489746	blockstream.info
104832	0.3711256980895996	0.0861814022064209	blockstream.info
106848	0.3662598133087158	0.08595609664916992	blockstream.info
108864	0.3661346435546875	0.08609986305236816	blockstream.info
110880	0.3685722351074219	0.08560633659362793	blockstream.info
112896	0.36643052101135254	0.0864102840423584	blockstream.info
114912	0.3645200729370117	0.08660769462585449	blockstream.info
116928	0.3661623001098633	0.08768749237060547	blockstream.info
118944	0.36852145195007324	0.08695173263549805	blockstream.info
120960	0.3690018653869629	0.08746457099914551	blockstream.info
122976	0.3865516185760498	0.08878254890441895	blockstream.info
124992	0.3837578296661377	0.0864715576171875	blockstream.info
127008	0.37475156784057617	0.12302112579345703	blockstream.info
129024	0.37009477615356445	0.08796548843383789	blockstream.info
131040	0.3685739040374756	0.08756899833679199	blockstream.info
133056	0.34752702713012695	0.08761429786682129	blockstream.info
135072	0.3279848098754883	0.08800935745239258	blockstream.info
137088	0.30582690238952637	0.08722543716430664	blockstream.info
139104	0.30634045600891113	0.0870513916015625	blockstream.info
141120	0.29668378829956055	0.08642172813415527	blockstream.info
143136	0.2818889617919922	0.08735227584838867	blockstream.info
145152	0.27277183532714844	0.08762335777282715	blockstream.info
147168	0.26116943359375	0.08841776847839355	blockstream.info
149184	0.2563621997833252	0.08851051330566406	blockstream.info
151200	0.2525193691253662	0.08702254295349121	blockstream.info
153216	0.2524912357330322	0.08807587623596191	blockstream.info
155232	0.25307464599609375	0.08889031410217285	blockstream.info
157248	0.25147294998168945	0.08855390548706055	blockstream.info
159264	0.2464759349822998	0.08843326568603516	blockstream.info
161280	0.23830056190490723	0.0878899097442627	blockstream.info
163296	0.23920536041259766	0.08730769157409668	blockstream.info
165312	0.23904633522033691	0.08649563789367676	blockstream.info
167328	0.2379915714263916	0.08735990524291992	blockstream.info
169344	0.23679852485656738	0.08823060989379883	blockstream.info
171360	0.23634767532348633	0.08764266967773438	blockstream.info
173376	0.23733258247375488	0.0871877670288086	blockstream.info
175392	0.2371664047241211	0.0894768238067627	blockstream.info
177408	0.2375471591949463	0.08777594566345215	blockstream.info
179424	0.23731303215026855	0.08766365051269531	blockstream.info
181440	0.2349987030029297	0.08750200271606445	blockstream.info
183456	0.23821687698364258	0.08738398551940918	blockstream.info
185472	0.23628973960876465	0.0875554084777832	blockstream.info
187488	0.23798513412475586	0.0876009464263916	blockstream.info
189504	0.23676347732543945	0.08790993690490723	blockstream.info
191520	0.2374730110168457	0.0871725082397461	blockstream.info
193536	0.23655295372009277	0.08876156806945801	blockstream.info
195552	0.2388935089111328	0.08862972259521484	blockstream.info
197568	0.23565053939819336	0.0872812271118164	blockstream.info
199584	0.2370471954345703	0.08762502670288086	blockstream.info
201600	0.2372891902923584	0.08756399154663086	blockstream.info
203616	0.23729181289672852	0.08740687370300293	blockstream.info
205632	0.36232757568359375	0.08736634254455566	blockstream.info
207648	0.23792386054992676	0.08801078796386719	blockstream.info
209664	0.23678016662597656	0.08702635765075684	blockstream.info
211680	0.23753714561462402	0.08868527412414551	blockstream.info
213696	0.23662972450256348	0.0879824161529541	blockstream.info
215712	0.23567771911621094	0.08847999572753906	blockstream.info
217728	0.2375016212463379	0.0949246883392334	blockstream.info
219744	0.23747920989990234	0.08706784248352051	blockstream.info
221760	0.24682831764221191	0.08732771873474121	blockstream.info
223776	0.23773431777954102	0.09270668029785156	blockstream.info
225792	0.2374434471130371	0.08776545524597168	blockstream.info
227808	0.23940730094909668	0.08681750297546387	blockstream.info
229824	0.23716092109680176	0.08875632286071777	blockstream.info
231840	0.2354896068572998	0.08758807182312012	blockstream.info
233856	0.236616849899292	0.08736681938171387	blockstream.info
235872	0.23702335357666016	0.08778691291809082	blockstream.info
237888	0.23718595504760742	0.08712124824523926	blockstream.info
239904	0.23729825019836426	0.08788752555847168	blockstream.info
241920	0.23731231689453125	0.08890604972839355	blockstream.info
243936	0.2393343448638916	0.08772921562194824	blockstream.info
245952	0.2370316982269287	0.08832454681396484	blockstream.info
247968	0.23709988594055176	0.08780694007873535	blockstream.info
249984	0.23508667945861816	0.08730888366699219	blockstream.info
252000	0.23723602294921875	0.08738303184509277	blockstream.info
254016	0.23714041709899902	0.08846378326416016	blockstream.info
256032	0.23691964149475098	0.08790922164916992	blockstream.info
258048	0.23729205131530762	0.08787894248962402	blockstream.info
260064	0.23900818824768066	0.08802318572998047	blockstream.info
262080	0.23582005500793457	0.08853673934936523	blockstream.info
264096	0.2374248504638672	0.08789634704589844	blockstream.info
266112	0.23716449737548828	0.08849644660949707	blockstream.info
268128	0.2353823184967041	0.08815932273864746	blockstream.info
270144	0.2377328872680664	0.08807039260864258	blockstream.info
272160	0.23715949058532715	0.0883634090423584	blockstream.info
274176	0.23711681365966797	0.08833837509155273	blockstream.info
276192	0.23622441291809082	0.08733129501342773	blockstream.info
278208	0.23580598831176758	0.08806800842285156	blockstream.info
280224	0.23722410202026367	0.08857321739196777	blockstream.info
282240	0.23746991157531738	0.08800506591796875	blockstream.info
284256	0.23649811744689941	0.08746457099914551	blockstream.info
286272	0.23715782165527344	0.08794426918029785	blockstream.info
288288	0.2385578155517578	0.08870315551757812	blockstream.info
290304	0.23727798461914062	0.08796381950378418	blockstream.info
292320	0.23754119873046875	0.0895695686340332	blockstream.info
294336	0.2391345500946045	0.0896444320678711	blockstream.info
296352	0.23502683639526367	0.08884143829345703	blockstream.info
298368	0.23724007606506348	0.08918333053588867	blockstream.info
300384	0.23666834831237793	0.0877077579498291	blockstream.info
302400	0.23864984512329102	0.0883634090423584	blockstream.info
304416	0.23737692832946777	0.08871722221374512	blockstream.info
306432	0.2370743751525879	0.08801984786987305	blockstream.info
308448	0.23794889450073242	0.08835220336914062	blockstream.info
310464	0.23732352256774902	0.08812856674194336	blockstream.info
312480	0.23704266548156738	0.08995175361633301	blockstream.info
314496	0.2372756004333496	0.09061145782470703	blockstream.info
316512	0.23717403411865234	0.08917665481567383	blockstream.info
318528	0.23720908164978027	0.08877229690551758	blockstream.info
320544	0.23543453216552734	0.08893203735351562	blockstream.info
322560	0.23734188079833984	0.08772039413452148	blockstream.info
324576	0.23724055290222168	0.0885472297668457	blockstream.info
326592	0.23953938484191895	0.08829712867736816	blockstream.info
328608	0.23688888549804688	0.0891571044921875	blockstream.info
330624	0.23703455924987793	0.08837580680847168	blockstream.info
332640	0.2375164031982422	0.08952856063842773	blockstream.info
334656	0.23766398429870605	0.08910894393920898	blockstream.info
336672	0.23566365242004395	0.08874034881591797	blockstream.info
338688	0.2370603084564209	0.0888056755065918	blockstream.info
340704	0.23726177215576172	0.08898496627807617	blockstream.info
342720	0.23697948455810547	0.08748579025268555	blockstream.info
344736	0.2364182472229004	0.0886528491973877	blockstream.info
346752	0.23586702346801758	0.08794021606445312	blockstream.info
348768	0.23694920539855957	0.08895158767700195	blockstream.info
350784	0.2363300323486328	0.08990049362182617	blockstream.info
352800	0.23663616180419922	0.08817648887634277	blockstream.info
354816	0.23815226554870605	0.08872199058532715	blockstream.info
356832	0.23570799827575684	0.08874678611755371	blockstream.info
358848	0.2375659942626953	0.08930420875549316	blockstream.info
360864	0.23723387718200684	0.08842134475708008	blockstream.info
362880	0.23488640785217285	0.08794474601745605	blockstream.info
364896	0.23713135719299316	0.08813738822937012	blockstream.info
366912	0.2363591194152832	0.08889555931091309	blockstream.info
368928	0.23502516746520996	0.08875060081481934	blockstream.info
370944	0.23767399787902832	0.08865809440612793	blockstream.info
372960	0.23681974411010742	0.08892345428466797	blockstream.info
374976	0.2354569435119629	0.08856725692749023	blockstream.info
376992	0.23708510398864746	0.08902454376220703	blockstream.info
379008	0.23706650733947754	0.09023594856262207	blockstream.info
381024	0.23723888397216797	0.09027934074401855	blockstream.info
383040	0.23621582984924316	0.08896613121032715	blockstream.info
385056	0.23737335205078125	0.08848810195922852	blockstream.info
387072	0.2364037036895752	0.08876276016235352	blockstream.info
389088	0.23851442337036133	0.09061527252197266	blockstream.info
391104	0.23815274238586426	0.08818984031677246	blockstream.info
393120	0.2369852066040039	0.08831238746643066	blockstream.info
395136	0.23714780807495117	0.08822035789489746	blockstream.info
397152	0.23732423782348633	0.08884453773498535	blockstream.info
399168	0.23732328414916992	0.0888373851776123	blockstream.info
401184	0.23703646659851074	0.0890049934387207	blockstream.info
403200	0.2370436191558838	0.08849239349365234	blockstream.info
405216	0.23754620552062988	0.08911776542663574	blockstream.info
407232	0.23500990867614746	0.08890008926391602	blockstream.info
409248	0.2367255687713623	0.08841586112976074	blockstream.info
411264	0.23685956001281738	0.08884286880493164	blockstream.info
413280	0.23488950729370117	0.08857059478759766	blockstream.info
415296	0.2380061149597168	0.08866071701049805	blockstream.info
417312	0.23781681060791016	0.08855843544006348	blockstream.info
419328	0.23561787605285645	0.08856534957885742	blockstream.info
421344	0.23697233200073242	0.08844184875488281	blockstream.info
423360	0.23691368103027344	0.08811664581298828	blockstream.info
425376	0.23786520957946777	0.08847379684448242	blockstream.info
427392	0.23871850967407227	0.08894014358520508	blockstream.info
429408	0.23911786079406738	0.08803892135620117	blockstream.info
431424	0.24058747291564941	0.08756518363952637	blockstream.info
433440	0.23633408546447754	0.08776450157165527	blockstream.info
435456	0.2369680404663086	0.08777403831481934	blockstream.info
437472	0.23675298690795898	0.08781576156616211	blockstream.info
439488	0.2369067668914795	0.08834314346313477	blockstream.info
441504	0.2367558479309082	0.08774971961975098	blockstream.info
443520	0.23708653450012207	0.08786273002624512	blockstream.info
445536	0.23701143264770508	0.08746123313903809	blockstream.info
447552	0.23543763160705566	0.0872945785522461	blockstream.info
449568	0.2368638515472412	0.08791780471801758	blockstream.info
451584	0.2368783950805664	0.08809161186218262	blockstream.info
453600	0.23601579666137695	0.08925986289978027	blockstream.info
455616	0.23726606369018555	0.08897256851196289	blockstream.info
457632	0.23868918418884277	0.08929181098937988	blockstream.info
459648	0.23859524726867676	0.09479570388793945	blockstream.info
461664	0.23716330528259277	0.0881805419921875	blockstream.info
463680	0.23764395713806152	0.08812832832336426	blockstream.info
465696	0.23717761039733887	0.08813142776489258	blockstream.info
467712	0.23796415328979492	0.08749914169311523	blockstream.info
469728	0.23684263229370117	0.0873410701751709	blockstream.info
471744	0.23708176612854004	0.08866691589355469	blockstream.info
473760	0.23471474647521973	0.08896923065185547	blockstream.info
475776	0.23680877685546875	0.08750033378601074	blockstream.info
477792	0.23698019981384277	0.0884544849395752	blockstream.info
479808	0.23537540435791016	0.08724641799926758	blockstream.info
481824	0.2368011474609375	0.08809256553649902	blockstream.info
483840	0.23697733879089355	0.08839273452758789	blockstream.info
485856	0.23600101470947266	0.08947873115539551	blockstream.info
487872	0.23723363876342773	0.0894460678100586	blockstream.info
489888	0.23804497718811035	0.08985757827758789	blockstream.info
491904	0.23973751068115234	0.08957123756408691	blockstream.info
493920	0.23870539665222168	0.09061121940612793	blockstream.info
495936	0.23721742630004883	0.09014463424682617	blockstream.info
497952	0.2372136116027832	0.08976054191589355	blockstream.info
499968	0.23640227317810059	0.08993101119995117	blockstream.info
501984	0.2378840446472168	0.08917737007141113	blockstream.info
504000	0.2369215488433838	0.08983802795410156	blockstream.info
506016	0.23532915115356445	0.08856415748596191	blockstream.info
508032	0.2367382049560547	0.08826851844787598	blockstream.info
510048	0.23723793029785156	0.08865547180175781	blockstream.info
512064	0.23562121391296387	0.08776593208312988	blockstream.info
514080	0.23910832405090332	0.08948707580566406	blockstream.info
516096	0.236952543258667	0.08930635452270508	blockstream.info
518112	0.23680901527404785	0.08880162239074707	blockstream.info
520128	0.2370009422302246	0.08770465850830078	blockstream.info
522144	0.23693370819091797	0.08788752555847168	blockstream.info
524160	0.2389068603515625	0.08748197555541992	blockstream.info
526176	0.2371525764465332	0.08701777458190918	blockstream.info
528192	0.2372887134552002	0.08717799186706543	blockstream.info
530208	0.2369849681854248	0.08827781677246094	blockstream.info
532224	0.23474431037902832	0.08783292770385742	blockstream.info
534240	0.23697900772094727	0.08791136741638184	blockstream.info
536256	0.23676300048828125	0.08824467658996582	blockstream.info
538272	0.23611736297607422	0.08783221244812012	blockstream.info
540288	0.23736333847045898	0.0884084701538086	blockstream.info
542304	0.23685908317565918	0.08709263801574707	blockstream.info
544320	0.23697400093078613	0.08756351470947266	blockstream.info
546336	0.23482632637023926	0.08701276779174805	blockstream.info
548352	0.237656831741333	0.08755040168762207	blockstream.info
550368	0.23714971542358398	0.08861088752746582	blockstream.info
552384	0.23769521713256836	0.08842682838439941	blockstream.info
554400	0.23807668685913086	0.08817362785339355	blockstream.info
556416	0.2387852668762207	0.08826565742492676	blockstream.info
558432	0.23471570014953613	0.08823013305664062	blockstream.info
560448	0.23699736595153809	0.08855652809143066	blockstream.info
562464	0.23741650581359863	0.08914828300476074	blockstream.info
564480	0.2357935905456543	0.08915233612060547	blockstream.info
566496	0.23733830451965332	0.0873720645904541	blockstream.info
568512	0.2371668815612793	0.0883321762084961	blockstream.info
570528	0.23571038246154785	0.08808422088623047	blockstream.info
572544	0.23650646209716797	0.08897590637207031	blockstream.info
574560	0.23700428009033203	0.08863162994384766	blockstream.info
576576	0.23584771156311035	0.08754587173461914	blockstream.info
578592	0.23708748817443848	0.0879209041595459	blockstream.info
580608	0.23727679252624512	0.08791947364807129	blockstream.info
582624	0.23742413520812988	0.08715629577636719	blockstream.info
584640	0.23751425743103027	0.08736252784729004	blockstream.info
586656	0.23627972602844238	0.088958740234375	blockstream.info
588672	0.23737096786499023	0.08828878402709961	blockstream.info
590688	0.23698973655700684	0.08909893035888672	blockstream.info
592704	0.23654413223266602	0.0877537727355957	blockstream.info
594720	0.23604750633239746	0.08812856674194336	blockstream.info
596736	0.23869776725769043	0.08996415138244629	blockstream.info
598752	0.2347557544708252	0.08897733688354492	blockstream.info
600768	0.23681998252868652	0.08939623832702637	blockstream.info
602784	0.23665523529052734	0.08907437324523926	blockstream.info
604800	0.23482966423034668	0.08788824081420898	blockstream.info
606816	0.23722457885742188	0.08878493309020996	blockstream.info
608832	0.2370007038116455	0.08943843841552734	blockstream.info
610848	0.23545527458190918	0.08914470672607422	blockstream.info
612864	0.2364661693572998	0.08870577812194824	blockstream.info
614880	0.23676252365112305	0.08851790428161621	blockstream.info
616896	0.23484492301940918	0.10096859931945801	blockstream.info
618912	0.23583388328552246	0.08875155448913574	blockstream.info
620928	0.23595857620239258	0.08857417106628418	blockstream.info
622944	0.23822426795959473	0.08827066421508789	blockstream.info
624960	0.23765850067138672	0.0888662338256836	blockstream.info
626976	0.23639965057373047	0.08844137191772461	blockstream.info
628992	0.23676156997680664	0.08882570266723633	blockstream.info
631008	0.2369072437286377	0.08896183967590332	blockstream.info
633024	0.2350301742553711	0.0888967514038086	blockstream.info
635040	0.23653197288513184	0.08915233612060547	blockstream.info
637056	0.23793339729309082	0.0888986587524414	blockstream.info
639072	0.2367544174194336	0.08885693550109863	blockstream.info
641088	0.23713040351867676	0.09058666229248047	blockstream.info
643104	0.23629140853881836	0.08926939964294434	blockstream.info
645120	0.23699092864990234	0.08970332145690918	blockstream.info
647136	0.2373363971710205	0.08883786201477051	blockstream.info
649152	0.23746848106384277	0.08895325660705566	blockstream.info
651168	0.23720216751098633	0.08855772018432617	blockstream.info
653184	0.23741412162780762	0.08898663520812988	blockstream.info
655200	0.23896193504333496	0.08956551551818848	blockstream.info
657216	0.20881938934326172	0.05756211280822754	blockstream.info
