1	0.9461944103240967	0.08729410171508789	electrum5.hodlister.co
2016	0.32323527336120605	0.08796119689941406	electrum5.hodlister.co
4032	0.3215291500091553	0.08688688278198242	electrum5.hodlister.co
6048	0.32175636291503906	0.0876619815826416	electrum5.hodlister.co
8064	0.3236658573150635	0.0869138240814209	electrum5.hodlister.co
10080	0.4756622314453125	0.08640623092651367	electrum5.hodlister.co
12096	0.3211636543273926	0.08774447441101074	electrum5.hodlister.co
14112	0.3216841220855713	0.08706045150756836	electrum5.hodlister.co
16128	0.3213346004486084	0.08652210235595703	electrum5.hodlister.co
18144	0.32099461555480957	0.0878756046295166	electrum5.hodlister.co
20160	0.3223273754119873	0.08637523651123047	electrum5.hodlister.co
22176	0.32066965103149414	0.08626723289489746	electrum5.hodlister.co
24192	0.3222520351409912	0.08678650856018066	electrum5.hodlister.co
26208	0.47779321670532227	0.08620715141296387	electrum5.hodlister.co
28224	0.4776499271392822	0.08663463592529297	electrum5.hodlister.co
30240	0.47618913650512695	0.17686748504638672	electrum5.hodlister.co
32256	0.32085275650024414	0.08713126182556152	electrum5.hodlister.co
34272	0.32129526138305664	0.08772110939025879	electrum5.hodlister.co
36288	0.32114648818969727	0.0867161750793457	electrum5.hodlister.co
38304	0.3212316036224365	0.08773040771484375	electrum5.hodlister.co
40320	0.3229255676269531	0.08713054656982422	electrum5.hodlister.co
42336	0.32224273681640625	0.08721923828125	electrum5.hodlister.co
44352	0.32184267044067383	0.08688044548034668	electrum5.hodlister.co
46368	0.32232236862182617	0.08682894706726074	electrum5.hodlister.co
48384	0.32125282287597656	0.08693838119506836	electrum5.hodlister.co
50400	0.3215761184692383	0.0862119197845459	electrum5.hodlister.co
52416	0.3201885223388672	0.08596563339233398	electrum5.hodlister.co
54432	0.3212459087371826	0.08703422546386719	electrum5.hodlister.co
56448	0.32248902320861816	0.08694052696228027	electrum5.hodlister.co
58464	0.32113051414489746	0.08675456047058105	electrum5.hodlister.co
60480	0.3211698532104492	0.0861811637878418	electrum5.hodlister.co
62496	0.32207298278808594	0.08608436584472656	electrum5.hodlister.co
64512	0.32224011421203613	0.08657026290893555	electrum5.hodlister.co
66528	0.3221302032470703	0.0872962474822998	electrum5.hodlister.co
68544	0.3211374282836914	0.08616995811462402	electrum5.hodlister.co
70560	0.32164883613586426	0.08618044853210449	electrum5.hodlister.co
72576	0.32209134101867676	0.0864558219909668	electrum5.hodlister.co
74592	0.32254528999328613	0.08733201026916504	electrum5.hodlister.co
76608	0.32192087173461914	0.08666062355041504	electrum5.hodlister.co
78624	0.32143139839172363	0.08585882186889648	electrum5.hodlister.co
80640	0.3214912414550781	0.08672165870666504	electrum5.hodlister.co
82656	0.3215463161468506	0.08558344841003418	electrum5.hodlister.co
84672	0.32308101654052734	0.08663392066955566	electrum5.hodlister.co
86688	0.322399377822876	0.08620429039001465	electrum5.hodlister.co
88704	0.3214445114135742	0.08600664138793945	electrum5.hodlister.co
90720	0.3214399814605713	0.08658146858215332	electrum5.hodlister.co
92736	0.3208324909210205	0.08704471588134766	electrum5.hodlister.co
94752	0.3207550048828125	0.08637261390686035	electrum5.hodlister.co
96768	0.3214712142944336	0.0867011547088623	electrum5.hodlister.co
98784	0.47719812393188477	0.08711981773376465	electrum5.hodlister.co
100800	0.47745370864868164	0.08676695823669434	electrum5.hodlister.co
102816	0.47582435607910156	0.0868525505065918	electrum5.hodlister.co
104832	0.3210177421569824	0.08659029006958008	electrum5.hodlister.co
106848	0.3233766555786133	0.08644866943359375	electrum5.hodlister.co
108864	0.32210850715637207	0.08907866477966309	electrum5.hodlister.co
110880	0.32092928886413574	0.08744573593139648	electrum5.hodlister.co
112896	0.3206212520599365	0.08710241317749023	electrum5.hodlister.co
114912	0.3209867477416992	0.0876779556274414	electrum5.hodlister.co
116928	0.3232686519622803	0.08694958686828613	electrum5.hodlister.co
118944	0.3212120532989502	0.08774638175964355	electrum5.hodlister.co
120960	0.3219923973083496	0.08832359313964844	electrum5.hodlister.co
122976	0.32155466079711914	0.08779311180114746	electrum5.hodlister.co
124992	0.32186388969421387	0.08595705032348633	electrum5.hodlister.co
127008	0.32196497917175293	0.08705639839172363	electrum5.hodlister.co
129024	0.47806811332702637	0.08750724792480469	electrum5.hodlister.co
131040	0.4775707721710205	0.0882875919342041	electrum5.hodlister.co
133056	0.4777858257293701	0.08693289756774902	electrum5.hodlister.co
135072	0.47675609588623047	0.08714747428894043	electrum5.hodlister.co
137088	0.47591519355773926	0.08812403678894043	electrum5.hodlister.co
139104	0.4757051467895508	0.08751130104064941	electrum5.hodlister.co
141120	0.47569942474365234	0.08671331405639648	electrum5.hodlister.co
143136	0.47675514221191406	0.08636116981506348	electrum5.hodlister.co
145152	0.32109594345092773	0.08776259422302246	electrum5.hodlister.co
147168	0.3208794593811035	0.08575820922851562	electrum5.hodlister.co
149184	0.3211522102355957	0.0869760513305664	electrum5.hodlister.co
151200	0.3639693260192871	0.08656787872314453	electrum5.hodlister.co
153216	0.321122407913208	0.0892324447631836	electrum5.hodlister.co
155232	0.32378077507019043	0.08645129203796387	electrum5.hodlister.co
157248	0.32215023040771484	0.08657526969909668	electrum5.hodlister.co
159264	0.3219583034515381	0.0866553783416748	electrum5.hodlister.co
161280	0.3216581344604492	0.08612799644470215	electrum5.hodlister.co
163296	0.3233206272125244	0.08680510520935059	electrum5.hodlister.co
165312	0.32314395904541016	0.08679723739624023	electrum5.hodlister.co
167328	0.3218255043029785	0.08582901954650879	electrum5.hodlister.co
169344	0.32295989990234375	0.08678460121154785	electrum5.hodlister.co
171360	0.32205939292907715	0.0879061222076416	electrum5.hodlister.co
173376	0.3226184844970703	0.08679437637329102	electrum5.hodlister.co
175392	0.32094478607177734	0.0869600772857666	electrum5.hodlister.co
177408	0.3217191696166992	0.08712410926818848	electrum5.hodlister.co
179424	0.32111263275146484	0.08781933784484863	electrum5.hodlister.co
181440	0.3215510845184326	0.08666801452636719	electrum5.hodlister.co
183456	0.3245737552642822	0.08602404594421387	electrum5.hodlister.co
185472	0.3249368667602539	0.08657503128051758	electrum5.hodlister.co
187488	0.32366228103637695	0.08829021453857422	electrum5.hodlister.co
189504	0.3252134323120117	0.08958745002746582	electrum5.hodlister.co
191520	0.3241147994995117	0.08749270439147949	electrum5.hodlister.co
193536	0.32208991050720215	0.08815646171569824	electrum5.hodlister.co
195552	0.3222179412841797	0.08780956268310547	electrum5.hodlister.co
197568	0.3216102123260498	0.0870051383972168	electrum5.hodlister.co
199584	0.32115650177001953	0.08738827705383301	electrum5.hodlister.co
201600	0.32265496253967285	0.08777070045471191	electrum5.hodlister.co
203616	0.32154250144958496	0.08760643005371094	electrum5.hodlister.co
205632	0.32109785079956055	0.0876319408416748	electrum5.hodlister.co
207648	0.321718692779541	0.08709073066711426	electrum5.hodlister.co
209664	0.3225550651550293	0.08790421485900879	electrum5.hodlister.co
211680	0.32280802726745605	0.08700752258300781	electrum5.hodlister.co
213696	0.32150840759277344	0.08791279792785645	electrum5.hodlister.co
215712	0.32150816917419434	0.08686947822570801	electrum5.hodlister.co
217728	0.32169246673583984	0.08682513236999512	electrum5.hodlister.co
219744	0.3212418556213379	0.08760929107666016	electrum5.hodlister.co
221760	0.47741031646728516	0.08787345886230469	electrum5.hodlister.co
223776	0.47780466079711914	0.08792996406555176	electrum5.hodlister.co
225792	0.32354021072387695	0.08759021759033203	electrum5.hodlister.co
227808	0.3217005729675293	0.08785605430603027	electrum5.hodlister.co
229824	0.3213984966278076	0.08707904815673828	electrum5.hodlister.co
231840	0.32073044776916504	0.08662629127502441	electrum5.hodlister.co
233856	0.32111573219299316	0.0868070125579834	electrum5.hodlister.co
235872	0.3233673572540283	0.08671927452087402	electrum5.hodlister.co
237888	0.32328033447265625	0.08767938613891602	electrum5.hodlister.co
239904	0.32335591316223145	0.086944580078125	electrum5.hodlister.co
241920	0.3229029178619385	0.08827638626098633	electrum5.hodlister.co
243936	0.3244941234588623	0.08806610107421875	electrum5.hodlister.co
245952	0.32291579246520996	0.08887767791748047	electrum5.hodlister.co
247968	0.3235769271850586	0.08882474899291992	electrum5.hodlister.co
249984	0.32188892364501953	0.08778548240661621	electrum5.hodlister.co
252000	0.32169175148010254	0.08758783340454102	electrum5.hodlister.co
254016	0.32149243354797363	0.08726763725280762	electrum5.hodlister.co
256032	0.4782865047454834	0.08677124977111816	electrum5.hodlister.co
258048	0.4764575958251953	0.08823060989379883	electrum5.hodlister.co
260064	0.3210422992706299	0.08687043190002441	electrum5.hodlister.co
262080	0.3215160369873047	0.08685660362243652	electrum5.hodlister.co
264096	0.3215632438659668	0.08737468719482422	electrum5.hodlister.co
266112	0.32155728340148926	0.08567142486572266	electrum5.hodlister.co
268128	0.32158637046813965	0.08684349060058594	electrum5.hodlister.co
270144	0.3218371868133545	0.08761453628540039	electrum5.hodlister.co
272160	0.32240819931030273	0.08779168128967285	electrum5.hodlister.co
274176	0.32324695587158203	0.08615517616271973	electrum5.hodlister.co
276192	0.3227818012237549	0.08672213554382324	electrum5.hodlister.co
278208	0.32248449325561523	0.0887446403503418	electrum5.hodlister.co
280224	0.3212156295776367	0.08878946304321289	electrum5.hodlister.co
282240	0.32152342796325684	0.0872335433959961	electrum5.hodlister.co
284256	0.3220667839050293	0.08757543563842773	electrum5.hodlister.co
286272	0.32157278060913086	0.08808469772338867	electrum5.hodlister.co
288288	0.3234686851501465	0.08722591400146484	electrum5.hodlister.co
290304	0.3225734233856201	0.0876166820526123	electrum5.hodlister.co
292320	0.32202816009521484	0.12377643585205078	electrum5.hodlister.co
294336	0.3211185932159424	0.12487268447875977	electrum5.hodlister.co
296352	0.32053327560424805	0.12501049041748047	electrum5.hodlister.co
298368	0.32062220573425293	0.12490367889404297	electrum5.hodlister.co
300384	0.3215789794921875	0.08741974830627441	electrum5.hodlister.co
302400	0.3209664821624756	0.0873563289642334	electrum5.hodlister.co
304416	0.3211805820465088	0.08770585060119629	electrum5.hodlister.co
306432	0.32204198837280273	0.08868837356567383	electrum5.hodlister.co
308448	0.3214089870452881	0.08803486824035645	electrum5.hodlister.co
310464	0.3226499557495117	0.09858822822570801	electrum5.hodlister.co
312480	0.3212442398071289	0.08867740631103516	electrum5.hodlister.co
314496	0.32470035552978516	0.08930253982543945	electrum5.hodlister.co
316512	0.3211209774017334	0.08859062194824219	electrum5.hodlister.co
318528	0.321460485458374	0.0886383056640625	electrum5.hodlister.co
320544	0.32117629051208496	0.08900189399719238	electrum5.hodlister.co
322560	0.321026086807251	0.08789229393005371	electrum5.hodlister.co
324576	0.32141923904418945	0.08808445930480957	electrum5.hodlister.co
326592	0.3218107223510742	0.08864331245422363	electrum5.hodlister.co
328608	0.3219468593597412	0.08764410018920898	electrum5.hodlister.co
330624	0.3224666118621826	0.0892336368560791	electrum5.hodlister.co
332640	0.3212239742279053	0.08961796760559082	electrum5.hodlister.co
334656	0.3209249973297119	0.08880496025085449	electrum5.hodlister.co
336672	0.3214402198791504	0.08786916732788086	electrum5.hodlister.co
338688	0.3210771083831787	0.08825302124023438	electrum5.hodlister.co
340704	0.3235812187194824	0.08812499046325684	electrum5.hodlister.co
342720	0.32090258598327637	0.08804583549499512	electrum5.hodlister.co
344736	0.32108092308044434	0.08857893943786621	electrum5.hodlister.co
346752	0.3206212520599365	0.08845043182373047	electrum5.hodlister.co
348768	0.32245779037475586	0.08805322647094727	electrum5.hodlister.co
350784	0.32100534439086914	0.08838343620300293	electrum5.hodlister.co
352800	0.3233833312988281	0.08866190910339355	electrum5.hodlister.co
354816	0.47657227516174316	0.08797883987426758	electrum5.hodlister.co
356832	0.3220188617706299	0.08796381950378418	electrum5.hodlister.co
358848	0.32224011421203613	0.08917498588562012	electrum5.hodlister.co
360864	0.32294154167175293	0.08875298500061035	electrum5.hodlister.co
362880	0.32216978073120117	0.08886456489562988	electrum5.hodlister.co
364896	0.321718692779541	0.08873462677001953	electrum5.hodlister.co
366912	0.3220224380493164	0.09120965003967285	electrum5.hodlister.co
368928	0.3218414783477783	0.08890914916992188	electrum5.hodlister.co
370944	0.3220481872558594	0.08901238441467285	electrum5.hodlister.co
372960	0.32157087326049805	0.08897995948791504	electrum5.hodlister.co
374976	0.3213818073272705	0.0883181095123291	electrum5.hodlister.co
376992	0.3211805820465088	0.08809304237365723	electrum5.hodlister.co
379008	0.32282376289367676	0.08923554420471191	electrum5.hodlister.co
381024	0.47729945182800293	0.08834457397460938	electrum5.hodlister.co
383040	0.47649264335632324	0.08783817291259766	electrum5.hodlister.co
385056	0.4776296615600586	0.08860230445861816	electrum5.hodlister.co
387072	0.32259225845336914	0.08843660354614258	electrum5.hodlister.co
389088	0.3228909969329834	0.0900278091430664	electrum5.hodlister.co
391104	0.3222157955169678	0.08803725242614746	electrum5.hodlister.co
393120	0.3219943046569824	0.08852338790893555	electrum5.hodlister.co
395136	0.3229351043701172	0.08915019035339355	electrum5.hodlister.co
397152	0.3224222660064697	0.08907604217529297	electrum5.hodlister.co
399168	0.32271313667297363	0.09514832496643066	electrum5.hodlister.co
401184	0.32274341583251953	0.08961367607116699	electrum5.hodlister.co
403200	0.3223240375518799	0.0879664421081543	electrum5.hodlister.co
405216	0.3244776725769043	0.08869624137878418	electrum5.hodlister.co
407232	0.3233633041381836	0.08834385871887207	electrum5.hodlister.co
409248	0.3221311569213867	0.08845233917236328	electrum5.hodlister.co
411264	0.323228120803833	0.08841824531555176	electrum5.hodlister.co
413280	0.32274937629699707	0.08939528465270996	electrum5.hodlister.co
415296	0.3236865997314453	0.09171843528747559	electrum5.hodlister.co
417312	0.3236234188079834	0.08965015411376953	electrum5.hodlister.co
419328	0.32413458824157715	0.08819866180419922	electrum5.hodlister.co
421344	0.3235316276550293	0.0891263484954834	electrum5.hodlister.co
423360	0.3231081962585449	0.08956718444824219	electrum5.hodlister.co
425376	0.32361340522766113	0.08851885795593262	electrum5.hodlister.co
427392	0.3226172924041748	0.0892179012298584	electrum5.hodlister.co
429408	0.32332491874694824	0.0882716178894043	electrum5.hodlister.co
431424	0.32295894622802734	0.08749508857727051	electrum5.hodlister.co
433440	0.32237792015075684	0.08773994445800781	electrum5.hodlister.co
435456	0.3224670886993408	0.08932733535766602	electrum5.hodlister.co
437472	0.3224155902862549	0.0876619815826416	electrum5.hodlister.co
439488	0.32282185554504395	0.09165644645690918	electrum5.hodlister.co
441504	0.3228292465209961	0.09043240547180176	electrum5.hodlister.co
443520	0.32237958908081055	0.08977603912353516	electrum5.hodlister.co
445536	0.3249180316925049	0.0886988639831543	electrum5.hodlister.co
447552	0.32244181632995605	0.08796310424804688	electrum5.hodlister.co
449568	0.32204389572143555	0.0879981517791748	electrum5.hodlister.co
451584	0.323850154876709	0.0882565975189209	electrum5.hodlister.co
453600	0.3206639289855957	0.08888792991638184	electrum5.hodlister.co
455616	0.32125258445739746	0.08903145790100098	electrum5.hodlister.co
457632	0.3216831684112549	0.08793926239013672	electrum5.hodlister.co
459648	0.3215146064758301	0.08870124816894531	electrum5.hodlister.co
461664	0.3224503993988037	0.08866739273071289	electrum5.hodlister.co
463680	0.3229081630706787	0.08897972106933594	electrum5.hodlister.co
465696	0.3220796585083008	0.08905029296875	electrum5.hodlister.co
467712	0.32364630699157715	0.08805632591247559	electrum5.hodlister.co
469728	0.47862768173217773	0.08877015113830566	electrum5.hodlister.co
471744	0.4791862964630127	0.08914303779602051	electrum5.hodlister.co
473760	0.4760558605194092	0.08934688568115234	electrum5.hodlister.co
475776	0.32197046279907227	0.08849859237670898	electrum5.hodlister.co
477792	0.3220813274383545	0.08987855911254883	electrum5.hodlister.co
479808	0.32149410247802734	0.0878913402557373	electrum5.hodlister.co
481824	0.322345495223999	0.08849835395812988	electrum5.hodlister.co
483840	0.32222509384155273	0.08906984329223633	electrum5.hodlister.co
485856	0.3216996192932129	0.09107160568237305	electrum5.hodlister.co
487872	0.3236722946166992	0.08877396583557129	electrum5.hodlister.co
489888	0.3226356506347656	0.09058237075805664	electrum5.hodlister.co
491904	0.32089662551879883	0.08960866928100586	electrum5.hodlister.co
493920	0.3225998878479004	0.08990168571472168	electrum5.hodlister.co
495936	0.32230353355407715	0.0891122817993164	electrum5.hodlister.co
497952	0.322434663772583	0.08987140655517578	electrum5.hodlister.co
499968	0.3226006031036377	0.09094953536987305	electrum5.hodlister.co
501984	0.4768483638763428	0.08967423439025879	electrum5.hodlister.co
504000	0.4783596992492676	0.08915591239929199	electrum5.hodlister.co
506016	0.47747230529785156	0.08779644966125488	electrum5.hodlister.co
508032	0.47765445709228516	0.08822059631347656	electrum5.hodlister.co
510048	0.3224809169769287	0.0888218879699707	electrum5.hodlister.co
512064	0.3220691680908203	0.08932232856750488	electrum5.hodlister.co
514080	0.32201623916625977	0.08835411071777344	electrum5.hodlister.co
516096	0.32163476943969727	0.08796429634094238	electrum5.hodlister.co
518112	0.32085728645324707	0.08858489990234375	electrum5.hodlister.co
520128	0.32209157943725586	0.0881812572479248	electrum5.hodlister.co
522144	0.3207526206970215	0.0886220932006836	electrum5.hodlister.co
524160	0.3211488723754883	0.08934712409973145	electrum5.hodlister.co
526176	0.32355642318725586	0.09020829200744629	electrum5.hodlister.co
528192	0.3226320743560791	0.08814311027526855	electrum5.hodlister.co
530208	0.32253098487854004	0.09024572372436523	electrum5.hodlister.co
532224	0.32093000411987305	0.08860135078430176	electrum5.hodlister.co
534240	0.32093310356140137	0.08929276466369629	electrum5.hodlister.co
536256	0.32097911834716797	0.08939909934997559	electrum5.hodlister.co
538272	0.32141852378845215	0.08910012245178223	electrum5.hodlister.co
540288	0.3208961486816406	0.09029722213745117	electrum5.hodlister.co
542304	0.3210289478302002	0.08922052383422852	electrum5.hodlister.co
544320	0.32410740852355957	0.08878278732299805	electrum5.hodlister.co
546336	0.32227015495300293	0.08898186683654785	electrum5.hodlister.co
548352	0.3213772773742676	0.09010601043701172	electrum5.hodlister.co
550368	0.3211402893066406	0.0899968147277832	electrum5.hodlister.co
552384	0.32091426849365234	0.0899658203125	electrum5.hodlister.co
554400	0.3212306499481201	0.08985233306884766	electrum5.hodlister.co
556416	0.3210713863372803	0.08905863761901855	electrum5.hodlister.co
558432	0.32146739959716797	0.0886528491973877	electrum5.hodlister.co
560448	0.32151365280151367	0.0886538028717041	electrum5.hodlister.co
562464	0.32082271575927734	0.08984518051147461	electrum5.hodlister.co
564480	0.3208177089691162	0.0899357795715332	electrum5.hodlister.co
566496	0.32147645950317383	0.09105467796325684	electrum5.hodlister.co
568512	0.32065582275390625	0.08997917175292969	electrum5.hodlister.co
570528	0.3209528923034668	0.08844709396362305	electrum5.hodlister.co
572544	0.320812463760376	0.09110546112060547	electrum5.hodlister.co
574560	0.3209686279296875	0.09130048751831055	electrum5.hodlister.co
576576	0.32259154319763184	0.0914769172668457	electrum5.hodlister.co
578592	0.3214397430419922	0.090728759765625	electrum5.hodlister.co
580608	0.3217048645019531	0.09017276763916016	electrum5.hodlister.co
582624	0.3224468231201172	0.09093546867370605	electrum5.hodlister.co
584640	0.3222219944000244	0.09037971496582031	electrum5.hodlister.co
586656	0.3207974433898926	0.0894775390625	electrum5.hodlister.co
588672	0.32066869735717773	0.08940005302429199	electrum5.hodlister.co
590688	0.32067394256591797	0.08892703056335449	electrum5.hodlister.co
592704	0.3213067054748535	0.09032678604125977	electrum5.hodlister.co
594720	0.3210430145263672	0.08945226669311523	electrum5.hodlister.co
596736	0.3218667507171631	0.08976554870605469	electrum5.hodlister.co
598752	0.3240940570831299	0.08997416496276855	electrum5.hodlister.co
600768	0.48140406608581543	0.09186720848083496	electrum5.hodlister.co
602784	0.47905421257019043	0.09014225006103516	electrum5.hodlister.co
604800	0.3246619701385498	0.08947944641113281	electrum5.hodlister.co
606816	0.32469844818115234	0.08914709091186523	electrum5.hodlister.co
608832	0.32260894775390625	0.0903933048248291	electrum5.hodlister.co
610848	0.32283592224121094	0.08936166763305664	electrum5.hodlister.co
612864	0.32278871536254883	0.09033417701721191	electrum5.hodlister.co
614880	0.32203221321105957	0.09005355834960938	electrum5.hodlister.co
616896	0.32189202308654785	0.08997917175292969	electrum5.hodlister.co
618912	0.321735143661499	0.08961081504821777	electrum5.hodlister.co
620928	0.3205869197845459	0.08990120887756348	electrum5.hodlister.co
622944	0.3208644390106201	0.088470458984375	electrum5.hodlister.co
624960	0.3224036693572998	0.0889892578125	electrum5.hodlister.co
626976	0.3208959102630615	0.09020090103149414	electrum5.hodlister.co
628992	0.3203418254852295	0.08976197242736816	electrum5.hodlister.co
631008	0.32085442543029785	0.08990788459777832	electrum5.hodlister.co
633024	0.3211643695831299	0.08941149711608887	electrum5.hodlister.co
635040	0.32097840309143066	0.09069967269897461	electrum5.hodlister.co
637056	0.47663378715515137	0.0894935131072998	electrum5.hodlister.co
639072	0.4765889644622803	0.08962297439575195	electrum5.hodlister.co
641088	0.32076263427734375	0.0893399715423584	electrum5.hodlister.co
643104	0.32070088386535645	0.0902242660522461	electrum5.hodlister.co
645120	0.3206055164337158	0.08934736251831055	electrum5.hodlister.co
647136	0.32207679748535156	0.08946681022644043	electrum5.hodlister.co
649152	0.32067179679870605	0.08986663818359375	electrum5.hodlister.co
651168	0.32154226303100586	0.08886909484863281	electrum5.hodlister.co
653184	0.32440638542175293	0.09029841423034668	electrum5.hodlister.co
655200	0.3229258060455322	0.09000110626220703	electrum5.hodlister.co
657216	0.31943774223327637	0.05774879455566406	electrum5.hodlister.co
