1	0.5821578502655029	0.08458614349365234	blockstream.info
2016	0.2560124397277832	0.0861656665802002	blockstream.info
4032	0.24561595916748047	0.08456301689147949	blockstream.info
6048	0.2396094799041748	0.08610391616821289	blockstream.info
8064	0.2386186122894287	0.08494877815246582	blockstream.info
10080	0.23887157440185547	0.08578729629516602	blockstream.info
12096	0.23759174346923828	0.08662843704223633	blockstream.info
14112	0.2386305332183838	0.0865023136138916	blockstream.info
16128	0.23772144317626953	0.08670163154602051	blockstream.info
18144	0.23748993873596191	0.08679008483886719	blockstream.info
20160	0.2382040023803711	0.08607649803161621	blockstream.info
22176	0.23857593536376953	0.08649826049804688	blockstream.info
24192	0.23779511451721191	0.08639717102050781	blockstream.info
26208	0.23834753036499023	0.08608388900756836	blockstream.info
28224	0.2373824119567871	0.08694911003112793	blockstream.info
30240	0.23771905899047852	0.0881955623626709	blockstream.info
32256	0.24048972129821777	0.08829522132873535	blockstream.info
34272	0.2382218837738037	0.08610081672668457	blockstream.info
36288	0.23824000358581543	0.08764243125915527	blockstream.info
38304	0.2380084991455078	0.08693408966064453	blockstream.info
40320	0.2384178638458252	0.08631372451782227	blockstream.info
42336	0.23761200904846191	0.08611416816711426	blockstream.info
44352	0.23783397674560547	0.08674240112304688	blockstream.info
46368	0.2386176586151123	0.08608126640319824	blockstream.info
48384	0.23740196228027344	0.08685302734375	blockstream.info
50400	0.23783278465270996	0.17768597602844238	blockstream.info
52416	0.2370471954345703	0.16704082489013672	blockstream.info
54432	0.2362678050994873	0.0859823226928711	blockstream.info
56448	0.23728275299072266	0.08661961555480957	blockstream.info
58464	0.23730993270874023	0.08682036399841309	blockstream.info
60480	0.2391490936279297	0.08603143692016602	blockstream.info
62496	0.2376549243927002	0.08589816093444824	blockstream.info
64512	0.2364964485168457	0.08710169792175293	blockstream.info
66528	0.23751544952392578	0.08692765235900879	blockstream.info
68544	0.2368180751800537	0.08550381660461426	blockstream.info
70560	0.23823332786560059	0.08605837821960449	blockstream.info
72576	0.2383744716644287	0.08747482299804688	blockstream.info
74592	0.23794937133789062	0.08667755126953125	blockstream.info
76608	0.23694443702697754	0.08584117889404297	blockstream.info
78624	0.23792505264282227	0.0865793228149414	blockstream.info
80640	0.23725104331970215	0.08645248413085938	blockstream.info
82656	0.23723196983337402	0.08640098571777344	blockstream.info
84672	0.2367115020751953	0.08581376075744629	blockstream.info
86688	0.23763275146484375	0.08599400520324707	blockstream.info
88704	0.23740530014038086	0.08596992492675781	blockstream.info
90720	0.2370445728302002	0.08652448654174805	blockstream.info
92736	0.23679590225219727	0.08505654335021973	blockstream.info
94752	0.23976492881774902	0.08538532257080078	blockstream.info
96768	0.23694348335266113	0.08599519729614258	blockstream.info
98784	0.2377941608428955	0.08605837821960449	blockstream.info
100800	0.23756027221679688	0.0865027904510498	blockstream.info
102816	0.23670363426208496	0.0869746208190918	blockstream.info
104832	0.2379167079925537	0.08559489250183105	blockstream.info
106848	0.23754334449768066	0.0855245590209961	blockstream.info
108864	0.23693633079528809	0.08543920516967773	blockstream.info
110880	0.23673391342163086	0.08665657043457031	blockstream.info
112896	0.23789501190185547	0.08762478828430176	blockstream.info
114912	0.23752331733703613	0.08740615844726562	blockstream.info
116928	0.2371225357055664	0.08791208267211914	blockstream.info
118944	0.2362062931060791	0.08724355697631836	blockstream.info
120960	0.23688292503356934	0.08602666854858398	blockstream.info
122976	0.23764491081237793	0.08585524559020996	blockstream.info
124992	0.23719453811645508	0.08548784255981445	blockstream.info
127008	0.24017858505249023	0.08589601516723633	blockstream.info
129024	0.23746633529663086	0.08686137199401855	blockstream.info
131040	0.23722338676452637	0.08495354652404785	blockstream.info
133056	0.23684430122375488	0.08605527877807617	blockstream.info
135072	0.23826050758361816	0.08644700050354004	blockstream.info
137088	0.2372725009918213	0.08596634864807129	blockstream.info
139104	0.2376387119293213	0.08674383163452148	blockstream.info
141120	0.23681187629699707	0.08389925956726074	blockstream.info
143136	0.23679065704345703	0.0859823226928711	blockstream.info
145152	0.23771286010742188	0.0856010913848877	blockstream.info
147168	0.2372572422027588	0.08474016189575195	blockstream.info
149184	0.2384779453277588	0.08709287643432617	blockstream.info
151200	0.2368922233581543	0.0859522819519043	blockstream.info
153216	0.23632526397705078	0.08603191375732422	blockstream.info
155232	0.2375030517578125	0.08563566207885742	blockstream.info
157248	0.23794269561767578	0.08559393882751465	blockstream.info
159264	0.2373332977294922	0.0867609977722168	blockstream.info
161280	0.24016284942626953	0.0856022834777832	blockstream.info
163296	0.23897743225097656	0.08773374557495117	blockstream.info
165312	0.23757147789001465	0.0859675407409668	blockstream.info
167328	0.23735427856445312	0.08566737174987793	blockstream.info
169344	0.23690271377563477	0.0867300033569336	blockstream.info
171360	0.23776626586914062	0.08579683303833008	blockstream.info
173376	0.23755979537963867	0.08507442474365234	blockstream.info
175392	0.23676466941833496	0.08618426322937012	blockstream.info
177408	0.2368927001953125	0.08640027046203613	blockstream.info
179424	0.2367997169494629	0.08618640899658203	blockstream.info
181440	0.23758316040039062	0.08592748641967773	blockstream.info
183456	0.23752999305725098	0.08512663841247559	blockstream.info
185472	0.23776769638061523	0.08806657791137695	blockstream.info
187488	0.23741364479064941	0.08746695518493652	blockstream.info
189504	0.23704743385314941	0.08739995956420898	blockstream.info
191520	0.23759698867797852	0.08662867546081543	blockstream.info
193536	0.23894619941711426	0.0870974063873291	blockstream.info
195552	0.2384343147277832	0.08928704261779785	blockstream.info
197568	0.2377781867980957	0.08770298957824707	blockstream.info
199584	0.2364027500152588	0.08735537528991699	blockstream.info
201600	0.2376725673675537	0.0870819091796875	blockstream.info
203616	0.23774242401123047	0.08683109283447266	blockstream.info
205632	0.23756742477416992	0.08739352226257324	blockstream.info
207648	0.2377009391784668	0.08722114562988281	blockstream.info
209664	0.23688697814941406	0.08619809150695801	blockstream.info
211680	0.23706293106079102	0.08666253089904785	blockstream.info
213696	0.2369232177734375	0.08707618713378906	blockstream.info
215712	0.2367691993713379	0.08659148216247559	blockstream.info
217728	0.24001049995422363	0.0874335765838623	blockstream.info
219744	0.2379164695739746	0.08747625350952148	blockstream.info
221760	0.23704862594604492	0.0867459774017334	blockstream.info
223776	0.2375354766845703	0.08632802963256836	blockstream.info
225792	0.23686766624450684	0.08556103706359863	blockstream.info
227808	0.23766565322875977	0.08705544471740723	blockstream.info
229824	0.23775005340576172	0.08740544319152832	blockstream.info
231840	0.23769330978393555	0.0868690013885498	blockstream.info
233856	0.23818302154541016	0.08630752563476562	blockstream.info
235872	0.2373349666595459	0.08738851547241211	blockstream.info
237888	0.23781919479370117	0.08717226982116699	blockstream.info
239904	0.23766469955444336	0.08670330047607422	blockstream.info
241920	0.23685312271118164	0.08879637718200684	blockstream.info
243936	0.23739051818847656	0.08878707885742188	blockstream.info
245952	0.2370908260345459	0.08834481239318848	blockstream.info
247968	0.23736238479614258	0.08826684951782227	blockstream.info
249984	0.23820257186889648	0.08700013160705566	blockstream.info
252000	0.2374258041381836	0.08737325668334961	blockstream.info
254016	0.2368907928466797	0.08782291412353516	blockstream.info
256032	0.2375645637512207	0.08670806884765625	blockstream.info
258048	0.23784852027893066	0.08788800239562988	blockstream.info
260064	0.23979544639587402	0.08821582794189453	blockstream.info
262080	0.2399892807006836	0.08771395683288574	blockstream.info
264096	0.23770523071289062	0.08810019493103027	blockstream.info
266112	0.23706865310668945	0.0874013900756836	blockstream.info
268128	0.23759865760803223	0.0872042179107666	blockstream.info
270144	0.23791170120239258	0.09078359603881836	blockstream.info
272160	0.23765349388122559	0.08657097816467285	blockstream.info
274176	0.23745965957641602	0.08726811408996582	blockstream.info
276192	0.23658514022827148	0.08688640594482422	blockstream.info
278208	0.23648524284362793	0.08593106269836426	blockstream.info
280224	0.2376251220703125	0.08698701858520508	blockstream.info
282240	0.2370917797088623	0.08677244186401367	blockstream.info
284256	0.23701930046081543	0.08901119232177734	blockstream.info
286272	0.2376267910003662	0.09073066711425781	blockstream.info
288288	0.23683524131774902	0.08633184432983398	blockstream.info
290304	0.2391672134399414	0.08711624145507812	blockstream.info
292320	0.23941564559936523	0.08891129493713379	blockstream.info
294336	0.23677778244018555	0.08905482292175293	blockstream.info
296352	0.2366466522216797	0.08769750595092773	blockstream.info
298368	0.23734283447265625	0.08858394622802734	blockstream.info
300384	0.23966765403747559	0.08904695510864258	blockstream.info
302400	0.2379913330078125	0.08796072006225586	blockstream.info
304416	0.23803400993347168	0.08843803405761719	blockstream.info
306432	0.23728537559509277	0.08759045600891113	blockstream.info
308448	0.2375483512878418	0.08734798431396484	blockstream.info
310464	0.23690485954284668	0.08860397338867188	blockstream.info
312480	0.23777079582214355	0.08741521835327148	blockstream.info
314496	0.23715996742248535	0.08794617652893066	blockstream.info
316512	0.23749756813049316	0.08856606483459473	blockstream.info
318528	0.23725652694702148	0.08785820007324219	blockstream.info
320544	0.23754405975341797	0.08709907531738281	blockstream.info
322560	0.23705267906188965	0.08906102180480957	blockstream.info
324576	0.23715710639953613	0.08852577209472656	blockstream.info
326592	0.23865032196044922	0.08890914916992188	blockstream.info
328608	0.23855137825012207	0.08879780769348145	blockstream.info
330624	0.2375025749206543	0.08894634246826172	blockstream.info
332640	0.2368767261505127	0.0896456241607666	blockstream.info
334656	0.2374734878540039	0.08916997909545898	blockstream.info
336672	0.23813223838806152	0.08795595169067383	blockstream.info
338688	0.23842835426330566	0.0881340503692627	blockstream.info
340704	0.23856377601623535	0.08744096755981445	blockstream.info
342720	0.2371962070465088	0.08675098419189453	blockstream.info
344736	0.23708105087280273	0.08657383918762207	blockstream.info
346752	0.2380964756011963	0.08793926239013672	blockstream.info
348768	0.2381432056427002	0.08749628067016602	blockstream.info
350784	0.23780560493469238	0.08718705177307129	blockstream.info
352800	0.2372276782989502	0.08773922920227051	blockstream.info
354816	0.23686861991882324	0.08739733695983887	blockstream.info
356832	0.2368614673614502	0.08737993240356445	blockstream.info
358848	0.23718714714050293	0.08706426620483398	blockstream.info
360864	0.23751306533813477	0.08627915382385254	blockstream.info
362880	0.23811650276184082	0.10029816627502441	blockstream.info
364896	0.2370316982269287	0.0887899398803711	blockstream.info
366912	0.2374403476715088	0.08794069290161133	blockstream.info
368928	0.219268798828125	0.08788108825683594	blockstream.info
370944	0.2176039218902588	0.0872189998626709	blockstream.info
372960	0.21782994270324707	0.08843803405761719	blockstream.info
374976	0.2178056240081787	0.0870065689086914	blockstream.info
376992	0.21898460388183594	0.08944368362426758	blockstream.info
379008	0.21757888793945312	0.08739995956420898	blockstream.info
381024	0.21729040145874023	0.08717179298400879	blockstream.info
383040	0.21748590469360352	0.08796191215515137	blockstream.info
385056	0.2178356647491455	0.08832287788391113	blockstream.info
387072	0.21792030334472656	0.08830952644348145	blockstream.info
389088	0.2175459861755371	0.08874917030334473	blockstream.info
391104	0.2170863151550293	0.08728790283203125	blockstream.info
393120	0.21716952323913574	0.08784937858581543	blockstream.info
395136	0.21955275535583496	0.08950924873352051	blockstream.info
397152	0.21761298179626465	0.09587550163269043	blockstream.info
399168	0.21822237968444824	0.08834052085876465	blockstream.info
401184	0.21776533126831055	0.08854055404663086	blockstream.info
403200	0.21697640419006348	0.08743119239807129	blockstream.info
405216	0.21726441383361816	0.0884242057800293	blockstream.info
407232	0.21763396263122559	0.0870518684387207	blockstream.info
409248	0.21790719032287598	0.08704590797424316	blockstream.info
411264	0.2181410789489746	0.08706951141357422	blockstream.info
413280	0.21843242645263672	0.08596158027648926	blockstream.info
415296	0.3466205596923828	0.0876765251159668	blockstream.info
417312	0.21785330772399902	0.08672499656677246	blockstream.info
419328	0.21769380569458008	0.08723664283752441	blockstream.info
421344	0.2175617218017578	0.08727836608886719	blockstream.info
423360	0.21748995780944824	0.08665275573730469	blockstream.info
425376	0.2177278995513916	0.08705019950866699	blockstream.info
427392	0.2175443172454834	0.08745384216308594	blockstream.info
429408	0.2176072597503662	0.08570313453674316	blockstream.info
431424	0.21750593185424805	0.08596301078796387	blockstream.info
433440	0.22276806831359863	0.08661675453186035	blockstream.info
435456	0.21763825416564941	0.08684635162353516	blockstream.info
437472	0.21809005737304688	0.08743882179260254	blockstream.info
439488	0.21727705001831055	0.08613085746765137	blockstream.info
441504	0.22027873992919922	0.08673930168151855	blockstream.info
443520	0.21767735481262207	0.08644556999206543	blockstream.info
445536	0.21969199180603027	0.08685803413391113	blockstream.info
447552	0.21816706657409668	0.08703327178955078	blockstream.info
449568	0.21781706809997559	0.08821296691894531	blockstream.info
451584	0.2180337905883789	0.08714985847473145	blockstream.info
453600	0.2177119255065918	0.08675956726074219	blockstream.info
455616	0.21704959869384766	0.08637642860412598	blockstream.info
457632	0.21763348579406738	0.08752799034118652	blockstream.info
459648	0.2180941104888916	0.08741426467895508	blockstream.info
461664	0.21758294105529785	0.08693671226501465	blockstream.info
463680	0.2194075584411621	0.08809518814086914	blockstream.info
465696	0.21973180770874023	0.08734846115112305	blockstream.info
467712	0.21719694137573242	0.08625221252441406	blockstream.info
469728	0.2178199291229248	0.08638954162597656	blockstream.info
471744	0.21767473220825195	0.08692383766174316	blockstream.info
473760	0.2180478572845459	0.08720088005065918	blockstream.info
475776	0.21808624267578125	0.0865483283996582	blockstream.info
477792	0.21736454963684082	0.08760309219360352	blockstream.info
479808	0.21751952171325684	0.08659625053405762	blockstream.info
481824	0.21720194816589355	0.08551740646362305	blockstream.info
483840	0.21741771697998047	0.08628582954406738	blockstream.info
485856	0.21860337257385254	0.0884089469909668	blockstream.info
487872	0.21750807762145996	0.08861088752746582	blockstream.info
489888	0.21741604804992676	0.08870100975036621	blockstream.info
491904	0.21772360801696777	0.0881192684173584	blockstream.info
493920	0.2178483009338379	0.08838438987731934	blockstream.info
495936	0.217695951461792	0.08909368515014648	blockstream.info
497952	0.21754789352416992	0.09022951126098633	blockstream.info
499968	0.21791291236877441	0.08873701095581055	blockstream.info
501984	0.2178347110748291	0.08918023109436035	blockstream.info
504000	0.21723103523254395	0.08860206604003906	blockstream.info
506016	0.21791863441467285	0.08883070945739746	blockstream.info
508032	0.21741199493408203	0.08801794052124023	blockstream.info
510048	0.21766400337219238	0.09272623062133789	blockstream.info
512064	0.2176811695098877	0.08897590637207031	blockstream.info
514080	0.21754121780395508	0.0875856876373291	blockstream.info
516096	0.21728110313415527	0.08883404731750488	blockstream.info
518112	0.216996431350708	0.08809661865234375	blockstream.info
520128	0.21941065788269043	0.0881352424621582	blockstream.info
522144	0.21735787391662598	0.08820486068725586	blockstream.info
524160	0.21829509735107422	0.08815264701843262	blockstream.info
526176	0.2177720069885254	0.08872222900390625	blockstream.info
528192	0.21747136116027832	0.0890817642211914	blockstream.info
530208	0.21737170219421387	0.08875131607055664	blockstream.info
532224	0.21921396255493164	0.08834362030029297	blockstream.info
534240	0.21802163124084473	0.0881643295288086	blockstream.info
536256	0.21766948699951172	0.08998584747314453	blockstream.info
538272	0.21800994873046875	0.08832550048828125	blockstream.info
540288	0.21762895584106445	0.08904147148132324	blockstream.info
542304	0.21767640113830566	0.08847188949584961	blockstream.info
544320	0.21729421615600586	0.08915996551513672	blockstream.info
546336	0.2176351547241211	0.08908390998840332	blockstream.info
548352	0.21762990951538086	0.08954739570617676	blockstream.info
550368	0.21753501892089844	0.08979988098144531	blockstream.info
552384	0.2174515724182129	0.08904552459716797	blockstream.info
554400	0.2187798023223877	0.08939576148986816	blockstream.info
556416	0.21808362007141113	0.08917069435119629	blockstream.info
558432	0.21766400337219238	0.08832478523254395	blockstream.info
560448	0.21790814399719238	0.08969426155090332	blockstream.info
562464	0.21738409996032715	0.08946943283081055	blockstream.info
564480	0.21773338317871094	0.08829569816589355	blockstream.info
566496	0.2194669246673584	0.08781218528747559	blockstream.info
568512	0.21968483924865723	0.08916497230529785	blockstream.info
570528	0.217332124710083	0.08851909637451172	blockstream.info
572544	0.2170877456665039	0.08701777458190918	blockstream.info
574560	0.2177441120147705	0.08925485610961914	blockstream.info
576576	0.21837949752807617	0.08830094337463379	blockstream.info
578592	0.21760153770446777	0.08764004707336426	blockstream.info
580608	0.21778035163879395	0.08712077140808105	blockstream.info
582624	0.21819090843200684	0.08831524848937988	blockstream.info
584640	0.21805429458618164	0.08791351318359375	blockstream.info
586656	0.21770167350769043	0.0870664119720459	blockstream.info
588672	0.21773242950439453	0.08840751647949219	blockstream.info
590688	0.21765923500061035	0.08702516555786133	blockstream.info
592704	0.21800827980041504	0.08783864974975586	blockstream.info
594720	0.21768999099731445	0.0875709056854248	blockstream.info
596736	0.2176816463470459	0.0881490707397461	blockstream.info
598752	0.22124242782592773	0.08810186386108398	blockstream.info
600768	0.21960973739624023	0.08813786506652832	blockstream.info
602784	0.21763396263122559	0.08876657485961914	blockstream.info
604800	0.2194664478302002	0.0883033275604248	blockstream.info
606816	0.21957683563232422	0.08745718002319336	blockstream.info
608832	0.21778035163879395	0.08865141868591309	blockstream.info
610848	0.21762514114379883	0.08818936347961426	blockstream.info
612864	0.21803665161132812	0.0880880355834961	blockstream.info
614880	0.21755456924438477	0.08927178382873535	blockstream.info
616896	0.2174053192138672	0.08862781524658203	blockstream.info
618912	0.21780633926391602	0.08839249610900879	blockstream.info
620928	0.21830224990844727	0.08844566345214844	blockstream.info
622944	0.21780705451965332	0.08835291862487793	blockstream.info
624960	0.2180945873260498	0.08801865577697754	blockstream.info
626976	0.21744489669799805	0.08782196044921875	blockstream.info
628992	0.21748876571655273	0.08753323554992676	blockstream.info
631008	0.2175159454345703	0.08817791938781738	blockstream.info
633024	0.2176225185394287	0.08819198608398438	blockstream.info
635040	0.2176051139831543	0.08846521377563477	blockstream.info
637056	0.21830296516418457	0.08797907829284668	blockstream.info
639072	0.21810460090637207	0.08936548233032227	blockstream.info
641088	0.2181682586669922	0.08769965171813965	blockstream.info
643104	0.21841955184936523	0.08808207511901855	blockstream.info
645120	0.21757173538208008	0.08866381645202637	blockstream.info
647136	0.21759462356567383	0.0882730484008789	blockstream.info
649152	0.21820569038391113	0.08855342864990234	blockstream.info
651168	0.21843791007995605	0.08908963203430176	blockstream.info
653184	0.218886137008667	0.08843135833740234	blockstream.info
655200	0.2187507152557373	0.08824563026428223	blockstream.info
657216	0.19760489463806152	0.05635213851928711	blockstream.info
