1	0.7715606689453125	0.08672547340393066	bitcoin.aranguren.org
2016	1.093203067779541	0.0868234634399414	bitcoin.aranguren.org
4032	1.010589599609375	0.08677196502685547	bitcoin.aranguren.org
6048	1.0434470176696777	0.08789181709289551	bitcoin.aranguren.org
8064	1.0859012603759766	0.08809471130371094	bitcoin.aranguren.org
10080	1.1293697357177734	0.0862584114074707	bitcoin.aranguren.org
12096	1.1585736274719238	0.16308331489562988	bitcoin.aranguren.org
14112	1.1969139575958252	0.10139012336730957	bitcoin.aranguren.org
16128	1.499732494354248	0.10029435157775879	bitcoin.aranguren.org
18144	1.4594528675079346	0.08735108375549316	bitcoin.aranguren.org
20160	1.4644780158996582	0.08748841285705566	bitcoin.aranguren.org
22176	1.660571575164795	0.08605003356933594	bitcoin.aranguren.org
24192	1.5424933433532715	0.08687376976013184	bitcoin.aranguren.org
26208	1.5800697803497314	0.0865330696105957	bitcoin.aranguren.org
28224	1.6272823810577393	0.0878756046295166	bitcoin.aranguren.org
30240	3.4330594539642334	0.08868241310119629	bitcoin.aranguren.org
32256	1.6930503845214844	0.08806848526000977	bitcoin.aranguren.org
34272	1.7447967529296875	0.08673572540283203	bitcoin.aranguren.org
36288	1.9402363300323486	0.08611035346984863	bitcoin.aranguren.org
38304	2.002807378768921	0.08785700798034668	bitcoin.aranguren.org
40320	1.8872246742248535	0.08682584762573242	bitcoin.aranguren.org
42336	2.0648155212402344	0.08768200874328613	bitcoin.aranguren.org
44352	2.1341099739074707	0.08682608604431152	bitcoin.aranguren.org
46368	2.1499319076538086	0.08640360832214355	bitcoin.aranguren.org
48384	2.5336930751800537	0.08708477020263672	bitcoin.aranguren.org
50400	2.2898216247558594	0.08661198616027832	bitcoin.aranguren.org
52416	2.287125587463379	0.08627676963806152	bitcoin.aranguren.org
54432	2.3317039012908936	0.0858316421508789	bitcoin.aranguren.org
56448	2.3749701976776123	0.08677864074707031	bitcoin.aranguren.org
58464	2.4291415214538574	0.08790397644042969	bitcoin.aranguren.org
60480	2.4740219116210938	0.08730244636535645	bitcoin.aranguren.org
62496	2.531619071960449	0.08697843551635742	bitcoin.aranguren.org
64512	3.6197853088378906	0.08751273155212402	bitcoin.aranguren.org
66528	2.790837049484253	0.08682489395141602	bitcoin.aranguren.org
68544	2.7216672897338867	0.08500218391418457	bitcoin.aranguren.org
70560	2.7619242668151855	0.08799576759338379	bitcoin.aranguren.org
72576	2.828874111175537	0.0895686149597168	bitcoin.aranguren.org
74592	2.8202452659606934	0.08832073211669922	bitcoin.aranguren.org
76608	2.9046263694763184	0.0878140926361084	bitcoin.aranguren.org
78624	2.90718674659729	0.08717966079711914	bitcoin.aranguren.org
80640	2.997731924057007	0.08755207061767578	bitcoin.aranguren.org
82656	3.0572335720062256	0.08770012855529785	bitcoin.aranguren.org
84672	3.1882030963897705	0.08652162551879883	bitcoin.aranguren.org
86688	3.1234195232391357	0.0872507095336914	bitcoin.aranguren.org
88704	3.175394058227539	0.08620524406433105	bitcoin.aranguren.org
90720	3.3467066287994385	0.0874638557434082	bitcoin.aranguren.org
92737	2.606572389602661	0.08759427070617676	electrum.emzy.de
94752	2.0133609771728516	0.08803582191467285	electrum.emzy.de
96768	1.9605624675750732	0.08751606941223145	electrum.emzy.de
98784	1.9655685424804688	0.08745932579040527	electrum.emzy.de
100800	0.6666498184204102	0.08786797523498535	electrum.emzy.de
102816	0.3429086208343506	0.08708548545837402	electrum.emzy.de
104832	0.36189937591552734	0.08724761009216309	electrum.emzy.de
106848	0.6705846786499023	0.08871006965637207	electrum.emzy.de
108864	0.34627676010131836	0.08765339851379395	electrum.emzy.de
110880	0.3422257900238037	0.08778500556945801	electrum.emzy.de
112896	0.6855261325836182	0.08909726142883301	electrum.emzy.de
114912	0.3375823497772217	0.08835601806640625	electrum.emzy.de
116928	0.3496220111846924	0.08926057815551758	electrum.emzy.de
118944	0.9374597072601318	0.08835411071777344	electrum.emzy.de
120960	0.3445014953613281	0.08852148056030273	electrum.emzy.de
122976	0.3457498550415039	0.08756327629089355	electrum.emzy.de
124992	0.34316563606262207	0.08778524398803711	electrum.emzy.de
127008	0.34111523628234863	0.08813714981079102	electrum.emzy.de
129024	0.843780517578125	0.08751106262207031	electrum.emzy.de
131040	0.3378760814666748	0.08884882926940918	electrum.emzy.de
133056	0.3390648365020752	0.08874392509460449	electrum.emzy.de
135072	0.34223341941833496	0.08774709701538086	electrum.emzy.de
137088	0.3502197265625	0.089263916015625	electrum.emzy.de
139104	0.3404378890991211	0.08848857879638672	electrum.emzy.de
141120	1.106935977935791	0.08833956718444824	electrum.emzy.de
143136	0.3417797088623047	0.08952689170837402	electrum.emzy.de
145152	0.33889102935791016	0.08769869804382324	electrum.emzy.de
147168	0.34432029724121094	0.08966946601867676	electrum.emzy.de
149184	0.3363347053527832	0.08897948265075684	electrum.emzy.de
151200	0.689624547958374	0.08875226974487305	electrum.emzy.de
153217	1.9147913455963135	0.08847188949584961	electrum.emzy.de
155232	3.017939567565918	0.08950018882751465	electrum.emzy.de
157248	3.1434288024902344	0.08971118927001953	electrum.emzy.de
159264	3.083350658416748	0.08830952644348145	electrum.emzy.de
161280	3.160630464553833	0.08789277076721191	electrum.emzy.de
163296	3.1555685997009277	0.08805298805236816	electrum.emzy.de
165312	3.232757091522217	0.08794331550598145	electrum.emzy.de
167328	3.2298998832702637	0.08946394920349121	electrum.emzy.de
169344	3.2648346424102783	0.08904552459716797	electrum.emzy.de
171360	3.1201729774475098	0.08923459053039551	electrum.emzy.de
173376	3.135685920715332	0.08965682983398438	electrum.emzy.de
175392	3.1720149517059326	0.08898210525512695	electrum.emzy.de
177408	2.6639671325683594	0.08914017677307129	electrum.emzy.de
179424	2.429713249206543	0.08892655372619629	electrum.emzy.de
181440	2.4646995067596436	0.08914303779602051	electrum.emzy.de
183456	2.525425672531128	0.0901498794555664	electrum.emzy.de
185472	2.5323479175567627	0.08864974975585938	electrum.emzy.de
187488	2.5652620792388916	0.08873820304870605	electrum.emzy.de
189504	2.5979080200195312	0.0890500545501709	electrum.emzy.de
191520	2.645644426345825	0.08894538879394531	electrum.emzy.de
193536	2.945129156112671	0.08921670913696289	electrum.emzy.de
195552	2.989527463912964	0.08960318565368652	electrum.emzy.de
197568	3.036552906036377	0.08827757835388184	electrum.emzy.de
199584	3.117004871368408	0.08811259269714355	electrum.emzy.de
201600	3.1093459129333496	0.08989906311035156	electrum.emzy.de
203616	3.1374077796936035	0.09013247489929199	electrum.emzy.de
205632	3.217463254928589	0.0893254280090332	electrum.emzy.de
207648	3.2941927909851074	0.08875918388366699	electrum.emzy.de
209664	3.2390763759613037	0.08885049819946289	electrum.emzy.de
211680	3.2850327491760254	0.08925986289978027	electrum.emzy.de
213696	3.319901704788208	0.09009718894958496	electrum.emzy.de
215712	3.3272407054901123	0.0899660587310791	electrum.emzy.de
217728	3.362684726715088	0.0883791446685791	electrum.emzy.de
219744	3.416912317276001	0.09026813507080078	electrum.emzy.de
221760	3.443387508392334	0.0903627872467041	electrum.emzy.de
223776	3.4503259658813477	0.08832168579101562	electrum.emzy.de
225792	3.8429038524627686	0.08919858932495117	electrum.emzy.de
227808	3.5083653926849365	0.0869452953338623	electrum.emzy.de
229824	4.427030801773071	0.08963775634765625	electrum.emzy.de
231840	3.5647480487823486	0.0888826847076416	electrum.emzy.de
233856	3.5947153568267822	0.08866739273071289	electrum.emzy.de
235872	3.6227667331695557	0.08831310272216797	electrum.emzy.de
237888	3.64867901802063	0.0886850357055664	electrum.emzy.de
239904	3.6904585361480713	0.08866310119628906	electrum.emzy.de
241920	3.7779572010040283	0.08998727798461914	electrum.emzy.de
243936	3.759700059890747	0.0882108211517334	electrum.emzy.de
245952	3.838766574859619	0.09020090103149414	electrum.emzy.de
247968	3.7925009727478027	0.09062671661376953	electrum.emzy.de
249984	4.796176433563232	0.08983230590820312	electrum.emzy.de
252000	3.8568735122680664	0.0895833969116211	electrum.emzy.de
254016	3.9143881797790527	0.08996295928955078	electrum.emzy.de
256033	1.6122105121612549	0.08880424499511719	hodlers.beer
258048	0.5490765571594238	0.08906960487365723	hodlers.beer
260064	0.28244686126708984	0.08794522285461426	hodlers.beer
262080	0.2820756435394287	0.08926939964294434	hodlers.beer
264096	0.2794620990753174	0.08880305290222168	hodlers.beer
266112	0.2875189781188965	0.08779263496398926	hodlers.beer
268128	2.085275650024414	0.08845710754394531	hodlers.beer
270144	0.2882497310638428	0.08826255798339844	hodlers.beer
272160	0.279644250869751	0.0882110595703125	hodlers.beer
274176	0.8146610260009766	0.0883946418762207	hodlers.beer
276192	0.2792971134185791	0.08868598937988281	hodlers.beer
278208	0.2788584232330322	0.09345078468322754	hodlers.beer
280224	0.28018736839294434	0.1803901195526123	hodlers.beer
282240	0.280717134475708	0.18031883239746094	hodlers.beer
284256	0.27832555770874023	0.18174338340759277	hodlers.beer
286272	0.2804741859436035	0.11726546287536621	hodlers.beer
