1	0.699488639831543	0.08557939529418945	blockstream.info
2016	0.3344419002532959	0.08621358871459961	blockstream.info
4032	0.3310823440551758	0.08622145652770996	blockstream.info
6048	0.3362541198730469	0.0863039493560791	blockstream.info
8064	0.341691255569458	0.08621740341186523	blockstream.info
10080	0.34263157844543457	0.08634805679321289	blockstream.info
12096	0.34238243103027344	0.08603715896606445	blockstream.info
14112	0.36034226417541504	0.08512473106384277	blockstream.info
16128	0.34339308738708496	0.08576774597167969	blockstream.info
18144	0.34351587295532227	0.08530807495117188	blockstream.info
20160	0.34741711616516113	0.08555388450622559	blockstream.info
22176	0.3433816432952881	0.0858759880065918	blockstream.info
24192	0.3448934555053711	0.08600425720214844	blockstream.info
26208	0.3456244468688965	0.08527874946594238	blockstream.info
28224	0.3421785831451416	0.0850672721862793	blockstream.info
30240	0.3405625820159912	0.0865316390991211	blockstream.info
32256	0.3438889980316162	0.08597135543823242	blockstream.info
34272	0.34396839141845703	0.0857076644897461	blockstream.info
36288	0.34113121032714844	0.08653116226196289	blockstream.info
38304	0.3425943851470947	0.1586625576019287	blockstream.info
40320	0.3445882797241211	0.17130517959594727	blockstream.info
42336	0.3392791748046875	0.08583688735961914	blockstream.info
44352	0.3443741798400879	0.08583950996398926	blockstream.info
46368	0.3409879207611084	0.08696293830871582	blockstream.info
48384	0.3433856964111328	0.08921337127685547	blockstream.info
50400	0.34004735946655273	0.08685970306396484	blockstream.info
52416	0.3405015468597412	0.08514118194580078	blockstream.info
54432	0.34374332427978516	0.0847313404083252	blockstream.info
56448	0.34527087211608887	0.08689999580383301	blockstream.info
58464	0.34568142890930176	0.08519554138183594	blockstream.info
60480	0.3437385559082031	0.08541154861450195	blockstream.info
62496	0.3428783416748047	0.08502483367919922	blockstream.info
64512	0.34027814865112305	0.08718276023864746	blockstream.info
66528	0.3437764644622803	0.08653712272644043	blockstream.info
68544	0.3426964282989502	0.08560299873352051	blockstream.info
70560	0.344712495803833	0.08704781532287598	blockstream.info
72576	0.34367990493774414	0.08855605125427246	blockstream.info
74592	0.3424355983734131	0.08696436882019043	blockstream.info
76608	0.3429436683654785	0.08711457252502441	blockstream.info
78624	0.344027042388916	0.08730769157409668	blockstream.info
80640	0.34113550186157227	0.0862877368927002	blockstream.info
82656	0.34549736976623535	0.08663320541381836	blockstream.info
84672	0.3393526077270508	0.08687329292297363	blockstream.info
86688	0.34254002571105957	0.08640813827514648	blockstream.info
88704	0.3427002429962158	0.08656716346740723	blockstream.info
90720	0.3403618335723877	0.08669734001159668	blockstream.info
92736	0.34538722038269043	0.08607602119445801	blockstream.info
94752	0.34668588638305664	0.0880744457244873	blockstream.info
96768	0.3469069004058838	0.08753347396850586	blockstream.info
98784	0.34050607681274414	0.08627581596374512	blockstream.info
100800	0.34155774116516113	0.08564162254333496	blockstream.info
102816	0.34265995025634766	0.08442115783691406	blockstream.info
104832	0.3432881832122803	0.08735442161560059	blockstream.info
106848	0.3448474407196045	0.08638167381286621	blockstream.info
108864	0.34459471702575684	0.08787679672241211	blockstream.info
110880	0.34052109718322754	0.08785676956176758	blockstream.info
112896	0.34073472023010254	0.08825016021728516	blockstream.info
114912	0.33928728103637695	0.08771276473999023	blockstream.info
116928	0.34398794174194336	0.0880887508392334	blockstream.info
118944	0.3445546627044678	0.0880577564239502	blockstream.info
120960	0.34296679496765137	0.08768820762634277	blockstream.info
122976	0.3454442024230957	0.08718085289001465	blockstream.info
124992	0.3429601192474365	0.08632421493530273	blockstream.info
127008	0.34484076499938965	0.0873265266418457	blockstream.info
129024	0.3441784381866455	0.08697915077209473	blockstream.info
131040	0.3429069519042969	0.08727073669433594	blockstream.info
133056	0.3491361141204834	0.08949947357177734	blockstream.info
135072	0.347653865814209	0.08681559562683105	blockstream.info
137088	0.3417222499847412	0.08745574951171875	blockstream.info
139104	0.34343433380126953	0.08719825744628906	blockstream.info
141120	0.34215807914733887	0.08658576011657715	blockstream.info
143136	0.3414480686187744	0.08617210388183594	blockstream.info
145152	0.34796857833862305	0.08831405639648438	blockstream.info
147168	0.34349608421325684	0.08667802810668945	blockstream.info
149184	0.34546661376953125	0.08689117431640625	blockstream.info
151200	0.34519410133361816	0.08711028099060059	blockstream.info
153216	0.3439807891845703	0.08728766441345215	blockstream.info
155232	0.34105539321899414	0.08593511581420898	blockstream.info
157248	0.3436086177825928	0.08746576309204102	blockstream.info
159264	0.34464502334594727	0.08806443214416504	blockstream.info
161280	0.343616247177124	0.08705449104309082	blockstream.info
163296	0.3430936336517334	0.087066650390625	blockstream.info
165312	0.35126566886901855	0.08768749237060547	blockstream.info
167328	0.3499598503112793	0.08696413040161133	blockstream.info
169344	0.342914342880249	0.08674788475036621	blockstream.info
171360	0.34386372566223145	0.08536386489868164	blockstream.info
173376	0.34326791763305664	0.08606219291687012	blockstream.info
175392	0.3429136276245117	0.08710074424743652	blockstream.info
177408	0.3420286178588867	0.08623147010803223	blockstream.info
179424	0.3424959182739258	0.08589816093444824	blockstream.info
181440	0.34247589111328125	0.08867311477661133	blockstream.info
183456	0.3416476249694824	0.0886220932006836	blockstream.info
185472	0.3440990447998047	0.08758354187011719	blockstream.info
187488	0.34487295150756836	0.08681583404541016	blockstream.info
189504	0.34306955337524414	0.08848237991333008	blockstream.info
191520	0.34274744987487793	0.08664846420288086	blockstream.info
193536	0.3407909870147705	0.08864831924438477	blockstream.info
195552	0.3416464328765869	0.08653044700622559	blockstream.info
197568	0.3430595397949219	0.08638453483581543	blockstream.info
199584	0.34513354301452637	0.08719825744628906	blockstream.info
201600	0.5469896793365479	0.0881657600402832	blockstream.info
203616	0.3450148105621338	0.08711671829223633	blockstream.info
205632	0.3451714515686035	0.08742809295654297	blockstream.info
207648	0.34009432792663574	0.0863189697265625	blockstream.info
209664	0.33774733543395996	0.08704757690429688	blockstream.info
211680	0.3414132595062256	0.08780813217163086	blockstream.info
213696	0.34214234352111816	0.08685803413391113	blockstream.info
215712	0.3434309959411621	0.08668208122253418	blockstream.info
217728	0.3441348075866699	0.08690714836120605	blockstream.info
219744	0.34406614303588867	0.0870358943939209	blockstream.info
221760	0.3433046340942383	0.0880589485168457	blockstream.info
223776	0.34388303756713867	0.08608388900756836	blockstream.info
225792	0.34673571586608887	0.08577442169189453	blockstream.info
227808	0.3416752815246582	0.0897970199584961	blockstream.info
229824	0.3382139205932617	0.08652234077453613	blockstream.info
231840	0.34197115898132324	0.08660459518432617	blockstream.info
233856	0.34014153480529785	0.08685779571533203	blockstream.info
235872	0.34340763092041016	0.0884544849395752	blockstream.info
237888	0.3401522636413574	0.08622622489929199	blockstream.info
239904	0.34424638748168945	0.08572506904602051	blockstream.info
241920	0.34508514404296875	0.08947539329528809	blockstream.info
243936	0.34441375732421875	0.0892934799194336	blockstream.info
245952	0.34075379371643066	0.08796215057373047	blockstream.info
247968	0.3421590328216553	0.08851885795593262	blockstream.info
249984	0.3452339172363281	0.08727312088012695	blockstream.info
252000	0.34300732612609863	0.08833503723144531	blockstream.info
254016	0.3395044803619385	0.08798003196716309	blockstream.info
256032	0.3400449752807617	0.0866856575012207	blockstream.info
258048	0.34390759468078613	0.08700084686279297	blockstream.info
260064	0.34241461753845215	0.08664894104003906	blockstream.info
262080	0.544849157333374	0.08953189849853516	blockstream.info
264096	0.34412455558776855	0.08653879165649414	blockstream.info
266112	0.34258389472961426	0.08784914016723633	blockstream.info
268128	0.3406393527984619	0.0877528190612793	blockstream.info
270144	0.33830928802490234	0.0872049331665039	blockstream.info
272160	0.34210753440856934	0.08612060546875	blockstream.info
274176	0.34122610092163086	0.08739781379699707	blockstream.info
276192	0.33135986328125	0.08878636360168457	blockstream.info
278208	0.30641770362854004	0.08778548240661621	blockstream.info
280224	0.29718589782714844	0.08720517158508301	blockstream.info
282240	0.2839510440826416	0.08629965782165527	blockstream.info
284256	0.2744638919830322	0.08837604522705078	blockstream.info
286272	0.2741665840148926	0.08739519119262695	blockstream.info
288288	0.271470308303833	0.08729004859924316	blockstream.info
290304	0.2651832103729248	0.08830714225769043	blockstream.info
292320	0.25838160514831543	0.08797788619995117	blockstream.info
294336	0.24822092056274414	0.10918450355529785	blockstream.info
296352	0.24674773216247559	0.08849024772644043	blockstream.info
298368	0.2478165626525879	0.08937549591064453	blockstream.info
300384	0.24896597862243652	0.08807897567749023	blockstream.info
302400	0.2426605224609375	0.08795571327209473	blockstream.info
304416	0.23355650901794434	0.08806467056274414	blockstream.info
306432	0.23341774940490723	0.08760833740234375	blockstream.info
308448	0.23049640655517578	0.08712029457092285	blockstream.info
310464	0.22830843925476074	0.08708882331848145	blockstream.info
312480	0.23188281059265137	0.08631300926208496	blockstream.info
314496	0.22882318496704102	0.08848905563354492	blockstream.info
316512	0.22829937934875488	0.08844113349914551	blockstream.info
318528	0.23357081413269043	0.08876943588256836	blockstream.info
320544	0.22641944885253906	0.08782362937927246	blockstream.info
322560	0.22710561752319336	0.08735203742980957	blockstream.info
324576	0.22647786140441895	0.08874154090881348	blockstream.info
326592	0.22629427909851074	0.08897256851196289	blockstream.info
328608	0.22645139694213867	0.08837628364562988	blockstream.info
330624	0.22559332847595215	0.08859014511108398	blockstream.info
332640	0.2255840301513672	0.08954477310180664	blockstream.info
334656	0.22522735595703125	0.08919954299926758	blockstream.info
336672	0.22539138793945312	0.09045958518981934	blockstream.info
338688	0.2249588966369629	0.08946108818054199	blockstream.info
340704	0.22490477561950684	0.08967328071594238	blockstream.info
342720	0.22528505325317383	0.08891010284423828	blockstream.info
344736	0.225266695022583	0.08878707885742188	blockstream.info
346752	0.228471040725708	0.08974838256835938	blockstream.info
348768	0.2257382869720459	0.08889174461364746	blockstream.info
350784	0.2284562587738037	0.08927702903747559	blockstream.info
352800	0.2266855239868164	0.09035515785217285	blockstream.info
354816	0.22582054138183594	0.08869409561157227	blockstream.info
356832	0.22581958770751953	0.08930206298828125	blockstream.info
358848	0.22927165031433105	0.0874319076538086	blockstream.info
360864	0.22533845901489258	0.08852982521057129	blockstream.info
362880	0.22753238677978516	0.08865642547607422	blockstream.info
364896	0.22624516487121582	0.08815932273864746	blockstream.info
366912	0.2245643138885498	0.08845901489257812	blockstream.info
368928	0.22319841384887695	0.08891797065734863	blockstream.info
370944	0.22504281997680664	0.08975577354431152	blockstream.info
372960	0.2255878448486328	0.08944964408874512	blockstream.info
374976	0.22658967971801758	0.08873653411865234	blockstream.info
376992	0.22552037239074707	0.08819150924682617	blockstream.info
379008	0.2266402244567871	0.08954381942749023	blockstream.info
381024	0.2250070571899414	0.08965253829956055	blockstream.info
383040	0.22459697723388672	0.08886384963989258	blockstream.info
385056	0.22415781021118164	0.08960390090942383	blockstream.info
387072	0.2251594066619873	0.08944892883300781	blockstream.info
389088	0.2252500057220459	0.08927440643310547	blockstream.info
391104	0.22621965408325195	0.08995676040649414	blockstream.info
393120	0.2262740135192871	0.08962583541870117	blockstream.info
395136	0.22622132301330566	0.08882427215576172	blockstream.info
397152	0.22479748725891113	0.08840560913085938	blockstream.info
399168	0.22434282302856445	0.08821368217468262	blockstream.info
401184	0.22579431533813477	0.0892024040222168	blockstream.info
403200	0.2254631519317627	0.08952856063842773	blockstream.info
405216	0.22704195976257324	0.08965086936950684	blockstream.info
407232	0.22424769401550293	0.08980011940002441	blockstream.info
409248	0.2245488166809082	0.08874249458312988	blockstream.info
411264	0.2254619598388672	0.0907430648803711	blockstream.info
413280	0.22664117813110352	0.0919651985168457	blockstream.info
415296	0.22711539268493652	0.10540008544921875	blockstream.info
417312	0.2241802215576172	0.08922362327575684	blockstream.info
419328	0.22464919090270996	0.08933615684509277	blockstream.info
421344	0.22477102279663086	0.08920764923095703	blockstream.info
423360	0.22784423828125	0.08890414237976074	blockstream.info
425376	0.2261037826538086	0.08991312980651855	blockstream.info
427392	0.2246546745300293	0.0888524055480957	blockstream.info
429408	0.22400546073913574	0.08838820457458496	blockstream.info
431424	0.22370100021362305	0.08882260322570801	blockstream.info
433440	0.2250378131866455	0.08881783485412598	blockstream.info
435456	0.22451186180114746	0.0883779525756836	blockstream.info
437472	0.22589945793151855	0.10169053077697754	blockstream.info
439488	0.22398781776428223	0.08900618553161621	blockstream.info
441504	0.22418618202209473	0.08928823471069336	blockstream.info
443520	0.2240738868713379	0.08800578117370605	blockstream.info
445536	0.2235424518585205	0.09050869941711426	blockstream.info
447552	0.2243328094482422	0.08903789520263672	blockstream.info
449568	0.22544431686401367	0.08929061889648438	blockstream.info
451584	0.2260587215423584	0.08999896049499512	blockstream.info
453600	0.22400569915771484	0.08896493911743164	blockstream.info
455616	0.2245938777923584	0.09013795852661133	blockstream.info
457632	0.22437214851379395	0.08849120140075684	blockstream.info
459648	0.22339558601379395	0.08731794357299805	blockstream.info
461664	0.2241077423095703	0.08922481536865234	blockstream.info
463680	0.22480463981628418	0.09045553207397461	blockstream.info
465696	0.2250375747680664	0.08835697174072266	blockstream.info
467712	0.22554254531860352	0.08852028846740723	blockstream.info
469728	0.22445106506347656	0.08854484558105469	blockstream.info
471744	0.22470736503601074	0.08909416198730469	blockstream.info
473760	0.22481203079223633	0.0913996696472168	blockstream.info
475776	0.22560477256774902	0.09372115135192871	blockstream.info
477792	0.22420907020568848	0.09204578399658203	blockstream.info
479808	0.22416996955871582	0.08803081512451172	blockstream.info
481824	0.22523951530456543	0.08687090873718262	blockstream.info
483840	0.2246410846710205	0.0904233455657959	blockstream.info
485856	0.22443032264709473	0.08880805969238281	blockstream.info
487872	0.22397804260253906	0.08793210983276367	blockstream.info
489888	0.22579002380371094	0.09055113792419434	blockstream.info
491904	0.2291257381439209	0.08903288841247559	blockstream.info
493920	0.22481536865234375	0.08958125114440918	blockstream.info
495936	0.22443270683288574	0.08763456344604492	blockstream.info
497952	0.2263622283935547	0.08935880661010742	blockstream.info
499968	0.22459769248962402	0.08943009376525879	blockstream.info
501984	0.22309112548828125	0.08988714218139648	blockstream.info
504000	0.22514081001281738	0.09012293815612793	blockstream.info
506016	0.22406840324401855	0.08872771263122559	blockstream.info
508032	0.2253398895263672	0.0882561206817627	blockstream.info
510048	0.22504782676696777	0.08891820907592773	blockstream.info
512064	0.2245159149169922	0.08896589279174805	blockstream.info
514080	0.22509098052978516	0.08875894546508789	blockstream.info
516096	0.22382140159606934	0.0900735855102539	blockstream.info
518112	0.22408795356750488	0.0900263786315918	blockstream.info
520128	0.22571206092834473	0.08771681785583496	blockstream.info
522144	0.22478747367858887	0.08746886253356934	blockstream.info
524160	0.22457671165466309	0.08874058723449707	blockstream.info
526176	0.2249596118927002	0.0890495777130127	blockstream.info
528192	0.22481489181518555	0.0873565673828125	blockstream.info
530208	0.2240457534790039	0.08771133422851562	blockstream.info
532224	0.22396492958068848	0.08757996559143066	blockstream.info
534240	0.22425436973571777	0.08828616142272949	blockstream.info
536256	0.22471237182617188	0.08930110931396484	blockstream.info
538272	0.2239384651184082	0.08657598495483398	blockstream.info
540288	0.22530817985534668	0.087554931640625	blockstream.info
542304	0.22555160522460938	0.0872039794921875	blockstream.info
544320	0.22527790069580078	0.08729410171508789	blockstream.info
546336	0.2240886688232422	0.08756422996520996	blockstream.info
548352	0.22513127326965332	0.08728718757629395	blockstream.info
550368	0.22458148002624512	0.08585190773010254	blockstream.info
552384	0.22454309463500977	0.08394670486450195	blockstream.info
554400	0.22815465927124023	0.08454632759094238	blockstream.info
556416	0.22458934783935547	0.0854032039642334	blockstream.info
558432	0.22491455078125	0.08611321449279785	blockstream.info
560448	0.22681498527526855	0.08620905876159668	blockstream.info
562464	0.22856402397155762	0.08683919906616211	blockstream.info
564480	0.2236342430114746	0.08671236038208008	blockstream.info
566496	0.22650742530822754	0.08524632453918457	blockstream.info
568512	0.22473359107971191	0.08722758293151855	blockstream.info
570528	0.22477173805236816	0.0865480899810791	blockstream.info
572544	0.22525644302368164	0.08578276634216309	blockstream.info
574560	0.22512030601501465	0.08609724044799805	blockstream.info
576576	0.22545266151428223	0.0892031192779541	blockstream.info
578592	0.2238326072692871	0.08803033828735352	blockstream.info
580608	0.22648143768310547	0.08703064918518066	blockstream.info
582624	0.22469449043273926	0.08823895454406738	blockstream.info
584640	0.22548294067382812	0.08825445175170898	blockstream.info
586656	0.224229097366333	0.08852028846740723	blockstream.info
588672	0.22475409507751465	0.0881950855255127	blockstream.info
590688	0.2260429859161377	0.08715653419494629	blockstream.info
592704	0.22345733642578125	0.08864927291870117	blockstream.info
594720	0.2248401641845703	0.08769989013671875	blockstream.info
596736	0.22431516647338867	0.08724427223205566	blockstream.info
598752	0.22666692733764648	0.08766365051269531	blockstream.info
600768	0.22518396377563477	0.08755707740783691	blockstream.info
602784	0.22754693031311035	0.08835840225219727	blockstream.info
604800	0.22458624839782715	0.0865316390991211	blockstream.info
606816	0.2234351634979248	0.08695387840270996	blockstream.info
608832	0.2253398895263672	0.08932757377624512	blockstream.info
610848	0.22427606582641602	0.08878588676452637	blockstream.info
612864	0.2246999740600586	0.08902335166931152	blockstream.info
614880	0.22555994987487793	0.0888669490814209	blockstream.info
616896	0.22545433044433594	0.08814764022827148	blockstream.info
618912	0.22478485107421875	0.08830738067626953	blockstream.info
620928	0.22368240356445312	0.08807516098022461	blockstream.info
622944	0.22495150566101074	0.08885812759399414	blockstream.info
624960	0.22664380073547363	0.08680438995361328	blockstream.info
626976	0.23032164573669434	0.08765935897827148	blockstream.info
628992	0.22541522979736328	0.08887505531311035	blockstream.info
631008	0.22536277770996094	0.08938765525817871	blockstream.info
633024	0.22724223136901855	0.08806443214416504	blockstream.info
635040	0.22336602210998535	0.08854389190673828	blockstream.info
637056	0.22473931312561035	0.08796119689941406	blockstream.info
639072	0.22502422332763672	0.08778977394104004	blockstream.info
641088	0.22485995292663574	0.08915948867797852	blockstream.info
643104	0.22485947608947754	0.08713626861572266	blockstream.info
645120	0.22568035125732422	0.08744621276855469	blockstream.info
647136	0.2254476547241211	0.08858919143676758	blockstream.info
649152	0.22619080543518066	0.08756160736083984	blockstream.info
651168	0.22497916221618652	0.08694243431091309	blockstream.info
653184	0.2238612174987793	0.08678555488586426	blockstream.info
655200	0.22461533546447754	0.08833050727844238	blockstream.info
657217	1.87184476852417	0.055037736892700195	electrum.emzy.de
