1	0.9328608512878418	0.08684062957763672	electrum5.hodlister.co
2016	0.3176288604736328	0.08671021461486816	electrum5.hodlister.co
4032	0.31621384620666504	0.08866572380065918	electrum5.hodlister.co
6048	0.3159182071685791	0.08859753608703613	electrum5.hodlister.co
8064	0.316190242767334	0.08658981323242188	electrum5.hodlister.co
10080	0.31610918045043945	0.08748006820678711	electrum5.hodlister.co
12096	0.316478967666626	0.08681774139404297	electrum5.hodlister.co
14112	0.31566762924194336	0.08616757392883301	electrum5.hodlister.co
16128	0.3170747756958008	0.08633875846862793	electrum5.hodlister.co
18144	0.3163619041442871	0.08578324317932129	electrum5.hodlister.co
20160	0.3157167434692383	0.08680248260498047	electrum5.hodlister.co
22176	0.3158836364746094	0.08617401123046875	electrum5.hodlister.co
24192	0.47225022315979004	0.08560943603515625	electrum5.hodlister.co
26208	0.3186616897583008	0.08684515953063965	electrum5.hodlister.co
28224	0.31632137298583984	0.08584761619567871	electrum5.hodlister.co
30240	0.316864013671875	0.08614850044250488	electrum5.hodlister.co
32256	0.3168153762817383	0.08696460723876953	electrum5.hodlister.co
34272	0.3164513111114502	0.08496904373168945	electrum5.hodlister.co
36288	0.31635522842407227	0.11835217475891113	electrum5.hodlister.co
38304	0.31609416007995605	0.17795228958129883	electrum5.hodlister.co
40320	0.31632018089294434	0.08588194847106934	electrum5.hodlister.co
42336	0.31636500358581543	0.08656692504882812	electrum5.hodlister.co
44352	0.3166356086730957	0.08659100532531738	electrum5.hodlister.co
46368	0.3173813819885254	0.08678174018859863	electrum5.hodlister.co
48384	0.31714439392089844	0.0874471664428711	electrum5.hodlister.co
50400	0.3166024684906006	0.08643651008605957	electrum5.hodlister.co
52416	0.47150659561157227	0.08671760559082031	electrum5.hodlister.co
54432	0.47104668617248535	0.0864109992980957	electrum5.hodlister.co
56448	0.4705681800842285	0.08737730979919434	electrum5.hodlister.co
58464	0.47009825706481934	0.08777475357055664	electrum5.hodlister.co
60480	0.47196364402770996	0.08719158172607422	electrum5.hodlister.co
62496	0.4710066318511963	0.08742284774780273	electrum5.hodlister.co
64512	0.4691798686981201	0.08663606643676758	electrum5.hodlister.co
66528	0.3175771236419678	0.08705353736877441	electrum5.hodlister.co
68544	0.3174724578857422	0.08654594421386719	electrum5.hodlister.co
70560	0.31691598892211914	0.08733582496643066	electrum5.hodlister.co
72576	0.31617259979248047	0.08797407150268555	electrum5.hodlister.co
74592	0.3162963390350342	0.08765077590942383	electrum5.hodlister.co
76608	0.31639552116394043	0.08562874794006348	electrum5.hodlister.co
78624	0.31632089614868164	0.08756256103515625	electrum5.hodlister.co
80640	0.3175525665283203	0.08703112602233887	electrum5.hodlister.co
82656	0.3171064853668213	0.09340023994445801	electrum5.hodlister.co
84672	0.3167152404785156	0.08614230155944824	electrum5.hodlister.co
86688	0.31668877601623535	0.08637523651123047	electrum5.hodlister.co
88704	0.31771206855773926	0.08632898330688477	electrum5.hodlister.co
90720	0.31723737716674805	0.0867459774017334	electrum5.hodlister.co
92736	0.3173959255218506	0.08757591247558594	electrum5.hodlister.co
94752	0.31687140464782715	0.08760881423950195	electrum5.hodlister.co
96768	0.31858205795288086	0.08481335639953613	electrum5.hodlister.co
98784	0.3189535140991211	0.08583617210388184	electrum5.hodlister.co
100800	0.3183329105377197	0.08655238151550293	electrum5.hodlister.co
102816	0.31765079498291016	0.08665895462036133	electrum5.hodlister.co
104832	0.3171267509460449	0.08585810661315918	electrum5.hodlister.co
106848	0.31704163551330566	0.08523130416870117	electrum5.hodlister.co
108864	0.3174004554748535	0.08652663230895996	electrum5.hodlister.co
110880	0.31720566749572754	0.0859830379486084	electrum5.hodlister.co
112896	0.3168642520904541	0.08583807945251465	electrum5.hodlister.co
114912	0.3163597583770752	0.08760881423950195	electrum5.hodlister.co
116928	0.31740474700927734	0.08861732482910156	electrum5.hodlister.co
118944	0.3168179988861084	0.08874821662902832	electrum5.hodlister.co
120960	0.3160719871520996	0.08940291404724121	electrum5.hodlister.co
122976	0.3162221908569336	0.08830046653747559	electrum5.hodlister.co
124992	0.3180077075958252	0.08841371536254883	electrum5.hodlister.co
127008	0.3165109157562256	0.08972835540771484	electrum5.hodlister.co
129024	0.31704235076904297	0.08787822723388672	electrum5.hodlister.co
131040	0.3178842067718506	0.08752298355102539	electrum5.hodlister.co
133056	0.3171560764312744	0.0879662036895752	electrum5.hodlister.co
135072	0.31757378578186035	0.08705282211303711	electrum5.hodlister.co
137088	0.31757545471191406	0.08886408805847168	electrum5.hodlister.co
139104	0.31864094734191895	0.0875084400177002	electrum5.hodlister.co
141120	0.3178534507751465	0.08954215049743652	electrum5.hodlister.co
143136	0.31847572326660156	0.08847975730895996	electrum5.hodlister.co
145152	0.31775784492492676	0.08637070655822754	electrum5.hodlister.co
147168	0.3171095848083496	0.08557415008544922	electrum5.hodlister.co
149184	0.3170435428619385	0.08695578575134277	electrum5.hodlister.co
151200	0.3180873394012451	0.08767962455749512	electrum5.hodlister.co
153216	0.3174290657043457	0.08693385124206543	electrum5.hodlister.co
155232	0.3179492950439453	0.08696532249450684	electrum5.hodlister.co
157248	0.31762266159057617	0.08675312995910645	electrum5.hodlister.co
159264	0.47161197662353516	0.08773660659790039	electrum5.hodlister.co
161280	0.4717676639556885	0.08695673942565918	electrum5.hodlister.co
163296	0.3175232410430908	0.08733057975769043	electrum5.hodlister.co
165312	0.3169257640838623	0.08722305297851562	electrum5.hodlister.co
167328	0.3164231777191162	0.08704042434692383	electrum5.hodlister.co
169344	0.31726598739624023	0.08666157722473145	electrum5.hodlister.co
171360	0.3186028003692627	0.08621621131896973	electrum5.hodlister.co
173376	0.31882572174072266	0.08778524398803711	electrum5.hodlister.co
175392	0.3191847801208496	0.0872793197631836	electrum5.hodlister.co
177408	0.3171687126159668	0.08796238899230957	electrum5.hodlister.co
179424	0.31697773933410645	0.08547806739807129	electrum5.hodlister.co
181440	0.32060742378234863	0.0866239070892334	electrum5.hodlister.co
183456	0.3170654773712158	0.08546996116638184	electrum5.hodlister.co
185472	0.3182859420776367	0.08611631393432617	electrum5.hodlister.co
187488	0.3176257610321045	0.0864710807800293	electrum5.hodlister.co
189504	0.31763672828674316	0.0871281623840332	electrum5.hodlister.co
191520	0.3172488212585449	0.08676719665527344	electrum5.hodlister.co
193536	0.3182413578033447	0.08687424659729004	electrum5.hodlister.co
195552	0.31830906867980957	0.08685159683227539	electrum5.hodlister.co
197568	0.318256139755249	0.08712434768676758	electrum5.hodlister.co
199584	0.47092175483703613	0.09081435203552246	electrum5.hodlister.co
201600	0.47184133529663086	0.08771634101867676	electrum5.hodlister.co
203616	0.46925973892211914	0.08706831932067871	electrum5.hodlister.co
205632	0.31749653816223145	0.08835411071777344	electrum5.hodlister.co
207648	0.31676244735717773	0.08757305145263672	electrum5.hodlister.co
209664	0.3170628547668457	0.0879523754119873	electrum5.hodlister.co
211680	0.31766772270202637	0.08861231803894043	electrum5.hodlister.co
213696	0.31706953048706055	0.0876004695892334	electrum5.hodlister.co
215712	0.31761670112609863	0.08820009231567383	electrum5.hodlister.co
217728	0.318187952041626	0.08828067779541016	electrum5.hodlister.co
219744	0.31752586364746094	0.08748698234558105	electrum5.hodlister.co
221760	0.3172147274017334	0.08771347999572754	electrum5.hodlister.co
223776	0.3178400993347168	0.08726739883422852	electrum5.hodlister.co
225792	0.3177828788757324	0.08694958686828613	electrum5.hodlister.co
227808	0.3171370029449463	0.08759546279907227	electrum5.hodlister.co
229824	0.31769728660583496	0.10103678703308105	electrum5.hodlister.co
231840	0.3186936378479004	0.08799386024475098	electrum5.hodlister.co
233856	0.318448543548584	0.08763551712036133	electrum5.hodlister.co
235872	0.317655086517334	0.08813214302062988	electrum5.hodlister.co
237888	0.3181014060974121	0.08801937103271484	electrum5.hodlister.co
239904	0.31788206100463867	0.0872488021850586	electrum5.hodlister.co
241920	0.317080020904541	0.08965659141540527	electrum5.hodlister.co
243936	0.3182699680328369	0.08816361427307129	electrum5.hodlister.co
245952	0.31781601905822754	0.0883629322052002	electrum5.hodlister.co
247968	0.3168661594390869	0.08747315406799316	electrum5.hodlister.co
249984	0.3172414302825928	0.0872340202331543	electrum5.hodlister.co
252000	0.3190596103668213	0.08786892890930176	electrum5.hodlister.co
254016	0.31718921661376953	0.08919835090637207	electrum5.hodlister.co
256032	0.317380428314209	0.08817267417907715	electrum5.hodlister.co
258048	0.31839609146118164	0.08830428123474121	electrum5.hodlister.co
260064	0.31618475914001465	0.08699393272399902	electrum5.hodlister.co
262080	0.31774449348449707	0.08872032165527344	electrum5.hodlister.co
264096	0.3173844814300537	0.08705949783325195	electrum5.hodlister.co
266112	0.31627678871154785	0.08788657188415527	electrum5.hodlister.co
268128	0.31671881675720215	0.08787131309509277	electrum5.hodlister.co
270144	0.31746459007263184	0.0874478816986084	electrum5.hodlister.co
272160	0.32065844535827637	0.08693361282348633	electrum5.hodlister.co
274176	0.3175837993621826	0.08905839920043945	electrum5.hodlister.co
276192	0.33534765243530273	0.08592939376831055	electrum5.hodlister.co
278208	0.317152738571167	0.08623003959655762	electrum5.hodlister.co
280224	0.32929491996765137	0.086639404296875	electrum5.hodlister.co
282240	0.32318639755249023	0.087493896484375	electrum5.hodlister.co
284256	0.3160872459411621	0.08693265914916992	electrum5.hodlister.co
286272	0.31676411628723145	0.08674287796020508	electrum5.hodlister.co
288288	0.31784725189208984	0.08692097663879395	electrum5.hodlister.co
290304	0.3199491500854492	0.0858922004699707	electrum5.hodlister.co
292320	0.31846070289611816	0.08833932876586914	electrum5.hodlister.co
294336	0.3182034492492676	0.08763980865478516	electrum5.hodlister.co
296352	0.3165445327758789	0.08774471282958984	electrum5.hodlister.co
298368	0.31783390045166016	0.08745527267456055	electrum5.hodlister.co
300384	0.3174014091491699	0.08758878707885742	electrum5.hodlister.co
302400	0.4709739685058594	0.08588504791259766	electrum5.hodlister.co
304416	0.47388458251953125	0.0873570442199707	electrum5.hodlister.co
306432	0.3180508613586426	0.08713603019714355	electrum5.hodlister.co
308448	0.31731605529785156	0.08598828315734863	electrum5.hodlister.co
310464	0.31723618507385254	0.08672523498535156	electrum5.hodlister.co
312480	0.3176894187927246	0.08744335174560547	electrum5.hodlister.co
314496	0.31630396842956543	0.08567070960998535	electrum5.hodlister.co
316512	0.31644535064697266	0.08650469779968262	electrum5.hodlister.co
318528	0.31749844551086426	0.08643889427185059	electrum5.hodlister.co
320544	0.31606507301330566	0.08687758445739746	electrum5.hodlister.co
322560	0.31630444526672363	0.08654189109802246	electrum5.hodlister.co
324576	0.3166966438293457	0.08658933639526367	electrum5.hodlister.co
326592	0.3188745975494385	0.0874795913696289	electrum5.hodlister.co
328608	0.3189351558685303	0.0870659351348877	electrum5.hodlister.co
330624	0.31793665885925293	0.08719038963317871	electrum5.hodlister.co
332640	0.3174898624420166	0.08741402626037598	electrum5.hodlister.co
334656	0.3187832832336426	0.08784317970275879	electrum5.hodlister.co
336672	0.31749939918518066	0.08698487281799316	electrum5.hodlister.co
338688	0.4696640968322754	0.08710050582885742	electrum5.hodlister.co
340704	0.4719414710998535	0.08749985694885254	electrum5.hodlister.co
342720	0.4720778465270996	0.08733367919921875	electrum5.hodlister.co
344736	0.4690537452697754	0.08693265914916992	electrum5.hodlister.co
346752	0.31740570068359375	0.08698129653930664	electrum5.hodlister.co
348768	0.31868958473205566	0.08637309074401855	electrum5.hodlister.co
350784	0.31873059272766113	0.0871429443359375	electrum5.hodlister.co
352800	0.3173067569732666	0.08753228187561035	electrum5.hodlister.co
354816	0.3163411617279053	0.08724784851074219	electrum5.hodlister.co
356832	0.3185281753540039	0.08774423599243164	electrum5.hodlister.co
358848	0.3174092769622803	0.08820343017578125	electrum5.hodlister.co
360864	0.3178098201751709	0.08780717849731445	electrum5.hodlister.co
362880	0.31781721115112305	0.0876913070678711	electrum5.hodlister.co
364896	0.31929850578308105	0.08959221839904785	electrum5.hodlister.co
366912	0.3178727626800537	0.08928871154785156	electrum5.hodlister.co
368928	0.3176605701446533	0.08908700942993164	electrum5.hodlister.co
370944	0.31742310523986816	0.08960533142089844	electrum5.hodlister.co
372960	0.31682610511779785	0.0895533561706543	electrum5.hodlister.co
374976	0.3165881633758545	0.08933162689208984	electrum5.hodlister.co
376992	0.31849217414855957	0.08839201927185059	electrum5.hodlister.co
379008	0.31848716735839844	0.08808326721191406	electrum5.hodlister.co
381024	0.3172800540924072	0.08889031410217285	electrum5.hodlister.co
383040	0.3181648254394531	0.08915853500366211	electrum5.hodlister.co
385056	0.3180842399597168	0.08843278884887695	electrum5.hodlister.co
387072	0.3173408508300781	0.08823609352111816	electrum5.hodlister.co
389088	0.31653308868408203	0.08638119697570801	electrum5.hodlister.co
391104	0.31676363945007324	0.08729362487792969	electrum5.hodlister.co
393120	0.3185434341430664	0.0879828929901123	electrum5.hodlister.co
395136	0.3182954788208008	0.08678293228149414	electrum5.hodlister.co
397152	0.3165309429168701	0.086944580078125	electrum5.hodlister.co
399168	0.3179163932800293	0.08843302726745605	electrum5.hodlister.co
401184	0.3187599182128906	0.08692383766174316	electrum5.hodlister.co
403200	0.31716251373291016	0.08690667152404785	electrum5.hodlister.co
405216	0.31981945037841797	0.08818411827087402	electrum5.hodlister.co
407232	0.3177163600921631	0.08678150177001953	electrum5.hodlister.co
409248	0.317462682723999	0.08838558197021484	electrum5.hodlister.co
411264	0.3176264762878418	0.08834123611450195	electrum5.hodlister.co
413280	0.3174629211425781	0.08738255500793457	electrum5.hodlister.co
415296	0.31693077087402344	0.08631038665771484	electrum5.hodlister.co
417312	0.31659436225891113	0.08776998519897461	electrum5.hodlister.co
419328	0.31641411781311035	0.0857086181640625	electrum5.hodlister.co
421344	0.316617488861084	0.08649539947509766	electrum5.hodlister.co
423360	0.3166534900665283	0.08747291564941406	electrum5.hodlister.co
425376	0.3185911178588867	0.08836865425109863	electrum5.hodlister.co
427392	0.317091703414917	0.08836197853088379	electrum5.hodlister.co
429408	0.3207390308380127	0.08930563926696777	electrum5.hodlister.co
431424	0.3164799213409424	0.08785772323608398	electrum5.hodlister.co
433440	0.32042551040649414	0.08936858177185059	electrum5.hodlister.co
435456	0.317091703414917	0.08820390701293945	electrum5.hodlister.co
437472	0.3193831443786621	0.08930373191833496	electrum5.hodlister.co
439488	0.3173363208770752	0.0873568058013916	electrum5.hodlister.co
441504	0.32054662704467773	0.08789920806884766	electrum5.hodlister.co
443520	0.4695453643798828	0.08724570274353027	electrum5.hodlister.co
445536	0.4708852767944336	0.08795738220214844	electrum5.hodlister.co
447552	0.4696807861328125	0.08945727348327637	electrum5.hodlister.co
449568	0.31821703910827637	0.08899855613708496	electrum5.hodlister.co
451584	0.31844305992126465	0.08804845809936523	electrum5.hodlister.co
453600	0.31827878952026367	0.08722114562988281	electrum5.hodlister.co
455616	0.31629395484924316	0.0890657901763916	electrum5.hodlister.co
457632	0.3185553550720215	0.08840441703796387	electrum5.hodlister.co
459648	0.31639957427978516	0.08861279487609863	electrum5.hodlister.co
461664	0.31664156913757324	0.08849573135375977	electrum5.hodlister.co
463680	0.3165304660797119	0.08791017532348633	electrum5.hodlister.co
465696	0.31612157821655273	0.08720827102661133	electrum5.hodlister.co
467712	0.31712913513183594	0.0892796516418457	electrum5.hodlister.co
469728	0.317429780960083	0.08803391456604004	electrum5.hodlister.co
471744	0.31690287590026855	0.08904147148132324	electrum5.hodlister.co
473760	0.31670427322387695	0.08808422088623047	electrum5.hodlister.co
475776	0.3159921169281006	0.08837127685546875	electrum5.hodlister.co
477792	0.31658053398132324	0.08783960342407227	electrum5.hodlister.co
479808	0.3163795471191406	0.0883944034576416	electrum5.hodlister.co
481824	0.31781506538391113	0.08818793296813965	electrum5.hodlister.co
483840	0.4732046127319336	0.08894062042236328	electrum5.hodlister.co
485856	0.4710211753845215	0.08890795707702637	electrum5.hodlister.co
487872	0.4739861488342285	0.08976387977600098	electrum5.hodlister.co
489888	0.4724133014678955	0.09033322334289551	electrum5.hodlister.co
491904	0.31729578971862793	0.08823299407958984	electrum5.hodlister.co
493920	0.31711769104003906	0.08963799476623535	electrum5.hodlister.co
495936	0.3171257972717285	0.0894021987915039	electrum5.hodlister.co
497952	0.31705260276794434	0.0902557373046875	electrum5.hodlister.co
499968	0.3164494037628174	0.08997440338134766	electrum5.hodlister.co
501984	0.3180103302001953	0.09016776084899902	electrum5.hodlister.co
504000	0.31743812561035156	0.08984565734863281	electrum5.hodlister.co
506016	0.3175375461578369	0.08904743194580078	electrum5.hodlister.co
508032	0.3163492679595947	0.08957815170288086	electrum5.hodlister.co
510048	0.3162703514099121	0.09051012992858887	electrum5.hodlister.co
512064	0.31598997116088867	0.09040975570678711	electrum5.hodlister.co
514080	0.3162820339202881	0.09032940864562988	electrum5.hodlister.co
516096	0.31609296798706055	0.0894625186920166	electrum5.hodlister.co
518112	0.31590890884399414	0.08919239044189453	electrum5.hodlister.co
520128	0.3164091110229492	0.08968067169189453	electrum5.hodlister.co
522144	0.31627678871154785	0.08934164047241211	electrum5.hodlister.co
524160	0.31610584259033203	0.08995890617370605	electrum5.hodlister.co
526176	0.31604957580566406	0.08951115608215332	electrum5.hodlister.co
528192	0.316326379776001	0.09012389183044434	electrum5.hodlister.co
530208	0.3163750171661377	0.08852410316467285	electrum5.hodlister.co
532224	0.31574177742004395	0.08975028991699219	electrum5.hodlister.co
534240	0.3177821636199951	0.08999037742614746	electrum5.hodlister.co
536256	0.3159186840057373	0.08873152732849121	electrum5.hodlister.co
538272	0.469390869140625	0.08779692649841309	electrum5.hodlister.co
540288	0.46982526779174805	0.08861684799194336	electrum5.hodlister.co
542304	0.46880292892456055	0.08996844291687012	electrum5.hodlister.co
544320	0.31630921363830566	0.09229040145874023	electrum5.hodlister.co
546336	0.3170440196990967	0.08858990669250488	electrum5.hodlister.co
548352	0.3161625862121582	0.08879494667053223	electrum5.hodlister.co
550368	0.315903902053833	0.0896921157836914	electrum5.hodlister.co
552384	0.3162109851837158	0.08961296081542969	electrum5.hodlister.co
554400	0.32036852836608887	0.08764076232910156	electrum5.hodlister.co
556416	0.31630706787109375	0.0885782241821289	electrum5.hodlister.co
558432	0.31615543365478516	0.08924198150634766	electrum5.hodlister.co
560448	0.31721973419189453	0.0871419906616211	electrum5.hodlister.co
562464	0.31650519371032715	0.08866572380065918	electrum5.hodlister.co
564480	0.31594324111938477	0.08800554275512695	electrum5.hodlister.co
566496	0.31649184226989746	0.08760857582092285	electrum5.hodlister.co
568512	0.3160719871520996	0.08645129203796387	electrum5.hodlister.co
570528	0.3175840377807617	0.08801484107971191	electrum5.hodlister.co
572544	0.3169524669647217	0.08846259117126465	electrum5.hodlister.co
574560	0.3172576427459717	0.08978557586669922	electrum5.hodlister.co
576576	0.4729135036468506	0.0897529125213623	electrum5.hodlister.co
578592	0.47003936767578125	0.08946037292480469	electrum5.hodlister.co
580608	0.4693014621734619	0.08956575393676758	electrum5.hodlister.co
582624	0.3186955451965332	0.08930206298828125	electrum5.hodlister.co
584640	0.3179030418395996	0.0885164737701416	electrum5.hodlister.co
586656	0.3178119659423828	0.09023737907409668	electrum5.hodlister.co
588672	0.31862449645996094	0.08890509605407715	electrum5.hodlister.co
590688	0.3173837661743164	0.08881926536560059	electrum5.hodlister.co
592704	0.31816601753234863	0.08889555931091309	electrum5.hodlister.co
594720	0.3175652027130127	0.08840036392211914	electrum5.hodlister.co
596736	0.3172590732574463	0.08744311332702637	electrum5.hodlister.co
598752	0.3165104389190674	0.08814358711242676	electrum5.hodlister.co
600768	0.4715735912322998	0.08801984786987305	electrum5.hodlister.co
602784	0.471569299697876	0.08922815322875977	electrum5.hodlister.co
604800	0.47244977951049805	0.0890500545501709	electrum5.hodlister.co
606816	0.47188735008239746	0.08914995193481445	electrum5.hodlister.co
608832	0.4721055030822754	0.08797359466552734	electrum5.hodlister.co
610848	0.4720304012298584	0.08804106712341309	electrum5.hodlister.co
612864	0.47267675399780273	0.08827519416809082	electrum5.hodlister.co
614880	0.4721086025238037	0.08990001678466797	electrum5.hodlister.co
616896	0.469982385635376	0.08890247344970703	electrum5.hodlister.co
618912	0.47190141677856445	0.08852100372314453	electrum5.hodlister.co
620928	0.47208166122436523	0.08840322494506836	electrum5.hodlister.co
622944	0.4705832004547119	0.08784985542297363	electrum5.hodlister.co
624960	0.47219204902648926	0.08818531036376953	electrum5.hodlister.co
626976	0.47235798835754395	0.08774638175964355	electrum5.hodlister.co
628992	0.4702568054199219	0.0892019271850586	electrum5.hodlister.co
631008	0.4692807197570801	0.08881998062133789	electrum5.hodlister.co
633024	0.47051143646240234	0.08821725845336914	electrum5.hodlister.co
635040	0.4698324203491211	0.08953738212585449	electrum5.hodlister.co
637056	0.47026610374450684	0.09121942520141602	electrum5.hodlister.co
639072	0.4689524173736572	0.08925223350524902	electrum5.hodlister.co
641088	0.4702293872833252	0.08937644958496094	electrum5.hodlister.co
643104	0.3174901008605957	0.08876466751098633	electrum5.hodlister.co
645120	0.31613874435424805	0.08827710151672363	electrum5.hodlister.co
647136	0.3194606304168701	0.08953285217285156	electrum5.hodlister.co
649152	0.3165013790130615	0.08928275108337402	electrum5.hodlister.co
651168	0.31876134872436523	0.08879327774047852	electrum5.hodlister.co
653184	0.3185555934906006	0.08877372741699219	electrum5.hodlister.co
655200	0.31757330894470215	0.08956050872802734	electrum5.hodlister.co
657216	0.3142549991607666	0.058477163314819336	electrum5.hodlister.co
