1	0.7612278461456299	0.08651542663574219	e2.keff.org
2016	0.35392093658447266	0.08719611167907715	e2.keff.org
4032	0.36885976791381836	0.08698654174804688	e2.keff.org
6048	0.36498141288757324	0.08820056915283203	e2.keff.org
8064	0.37343406677246094	0.08693861961364746	e2.keff.org
10080	0.36673927307128906	0.08729219436645508	e2.keff.org
12096	0.36582207679748535	0.08657956123352051	e2.keff.org
14112	0.3677551746368408	0.08790397644042969	e2.keff.org
16128	0.3684227466583252	0.08793020248413086	e2.keff.org
18144	0.36862778663635254	0.08734560012817383	e2.keff.org
20160	0.36567020416259766	0.08762645721435547	e2.keff.org
22176	0.367046594619751	0.08622074127197266	e2.keff.org
24192	0.3678090572357178	0.09598731994628906	e2.keff.org
26208	0.36586689949035645	0.08610820770263672	e2.keff.org
28224	0.367229700088501	0.08562326431274414	e2.keff.org
30240	0.36777496337890625	0.08714890480041504	e2.keff.org
32256	0.36615467071533203	0.08682632446289062	e2.keff.org
34272	0.36766862869262695	0.08638334274291992	e2.keff.org
36288	0.36756181716918945	0.17247486114501953	e2.keff.org
38304	0.36566996574401855	0.12746977806091309	e2.keff.org
40320	0.37038493156433105	0.08659029006958008	e2.keff.org
42336	0.36772847175598145	0.08632612228393555	e2.keff.org
44352	0.3637268543243408	0.08617329597473145	e2.keff.org
46368	0.36544060707092285	0.08671975135803223	e2.keff.org
48384	0.36685681343078613	0.08616423606872559	e2.keff.org
50400	0.36681509017944336	0.08574390411376953	e2.keff.org
52416	0.365933895111084	0.08593893051147461	e2.keff.org
54432	0.3673110008239746	0.08631777763366699	e2.keff.org
56448	0.3677816390991211	0.08613753318786621	e2.keff.org
58464	0.36596083641052246	0.08742022514343262	e2.keff.org
60480	0.3674168586730957	0.08806371688842773	e2.keff.org
62496	0.3680448532104492	0.08593916893005371	e2.keff.org
64512	0.36403560638427734	0.08864283561706543	e2.keff.org
66528	0.3641936779022217	0.08605265617370605	e2.keff.org
68544	0.3668520450592041	0.0861046314239502	e2.keff.org
70560	0.36573004722595215	0.08654427528381348	e2.keff.org
72576	0.36746931076049805	0.08760190010070801	e2.keff.org
74592	0.3681056499481201	0.08794474601745605	e2.keff.org
76608	0.3658585548400879	0.08654284477233887	e2.keff.org
78624	0.36744236946105957	0.08581662178039551	e2.keff.org
80640	0.5965116024017334	0.08732247352600098	e2.keff.org
82656	0.36656689643859863	0.0870809555053711	e2.keff.org
84672	0.3674015998840332	0.08728718757629395	e2.keff.org
86688	0.37001562118530273	0.08637785911560059	e2.keff.org
88704	0.36592721939086914	0.08697128295898438	e2.keff.org
90720	0.36724257469177246	0.08763885498046875	e2.keff.org
92736	0.3678131103515625	0.08708715438842773	e2.keff.org
94752	0.3659019470214844	0.08735966682434082	e2.keff.org
96768	0.3671257495880127	0.0873258113861084	e2.keff.org
98784	0.36814069747924805	0.08826494216918945	e2.keff.org
100800	0.3646090030670166	0.08678960800170898	e2.keff.org
102816	0.3644702434539795	0.08666706085205078	e2.keff.org
104832	0.3667466640472412	0.08664560317993164	e2.keff.org
106848	0.367919921875	0.08627820014953613	e2.keff.org
108864	0.36565351486206055	0.08678698539733887	e2.keff.org
110880	0.3671152591705322	0.08665728569030762	e2.keff.org
112896	0.36767125129699707	0.08747148513793945	e2.keff.org
114912	0.3670778274536133	0.08903741836547852	e2.keff.org
116928	0.36571240425109863	0.08779001235961914	e2.keff.org
118944	0.3672342300415039	0.08739542961120605	e2.keff.org
120960	0.36332106590270996	0.08729791641235352	e2.keff.org
122976	0.36539721488952637	0.087615966796875	e2.keff.org
124992	0.3731088638305664	0.08650422096252441	e2.keff.org
127008	0.3695955276489258	0.08641886711120605	e2.keff.org
129024	0.3677792549133301	0.08688068389892578	e2.keff.org
131040	0.3637881278991699	0.08601760864257812	e2.keff.org
133056	0.3669159412384033	0.08743810653686523	e2.keff.org
135072	0.3696324825286865	0.0867319107055664	e2.keff.org
137088	0.36554408073425293	0.0863955020904541	e2.keff.org
139104	0.36701440811157227	0.08679485321044922	e2.keff.org
141120	0.367781400680542	0.08722591400146484	e2.keff.org
143136	0.36766982078552246	0.09337186813354492	e2.keff.org
145152	0.36548447608947754	0.08687019348144531	e2.keff.org
147168	0.3676607608795166	0.08730363845825195	e2.keff.org
149184	0.36788439750671387	0.08680295944213867	e2.keff.org
151200	0.36591219902038574	0.08672165870666504	e2.keff.org
153216	0.36792445182800293	0.08754396438598633	e2.keff.org
155232	0.3679506778717041	0.08680033683776855	e2.keff.org
157248	0.36571621894836426	0.08708691596984863	e2.keff.org
159264	0.36745572090148926	0.08740472793579102	e2.keff.org
161280	0.3680565357208252	0.08766484260559082	e2.keff.org
163296	0.3665304183959961	0.08642697334289551	e2.keff.org
165312	0.3685719966888428	0.08673739433288574	e2.keff.org
167328	0.36733388900756836	0.08693146705627441	e2.keff.org
169344	0.3658418655395508	0.08775591850280762	e2.keff.org
171360	0.3669407367706299	0.08693838119506836	e2.keff.org
173376	0.3676919937133789	0.08658385276794434	e2.keff.org
175392	0.5706300735473633	0.08684778213500977	e2.keff.org
177408	0.36681485176086426	0.08725857734680176	e2.keff.org
179424	0.3673102855682373	0.08731675148010254	e2.keff.org
181440	0.3682730197906494	0.08832073211669922	e2.keff.org
183456	0.3669850826263428	0.08721637725830078	e2.keff.org
185472	0.3655118942260742	0.08760190010070801	e2.keff.org
187488	0.36731839179992676	0.0874018669128418	e2.keff.org
189504	0.36719846725463867	0.0869600772857666	e2.keff.org
191520	0.36821484565734863	0.08672380447387695	e2.keff.org
193536	0.36565685272216797	0.08816003799438477	e2.keff.org
195552	0.3656325340270996	0.08792901039123535	e2.keff.org
197568	0.36591434478759766	0.08724379539489746	e2.keff.org
199584	0.36696386337280273	0.08797216415405273	e2.keff.org
201600	0.36595821380615234	0.08816337585449219	e2.keff.org
203616	0.3705132007598877	0.09012293815612793	e2.keff.org
205632	0.36838316917419434	0.08725857734680176	e2.keff.org
207648	0.36821746826171875	0.08952546119689941	e2.keff.org
209664	0.3657848834991455	0.08709502220153809	e2.keff.org
211680	0.36751270294189453	0.08670496940612793	e2.keff.org
213696	0.36791205406188965	0.0878603458404541	e2.keff.org
215712	0.3661191463470459	0.08724093437194824	e2.keff.org
217728	0.3674323558807373	0.08722949028015137	e2.keff.org
219744	0.36742210388183594	0.08734369277954102	e2.keff.org
221760	0.3659214973449707	0.08807206153869629	e2.keff.org
223776	0.36740899085998535	0.08779525756835938	e2.keff.org
225792	0.3671278953552246	0.08648920059204102	e2.keff.org
227808	0.3679203987121582	0.08812475204467773	e2.keff.org
229824	0.3658928871154785	0.0873100757598877	e2.keff.org
231840	0.37009119987487793	0.08741331100463867	e2.keff.org
233856	0.3675096035003662	0.08742904663085938	e2.keff.org
235872	0.3658449649810791	0.08881330490112305	e2.keff.org
237888	0.368685245513916	0.08810567855834961	e2.keff.org
239904	0.3740239143371582	0.08712363243103027	e2.keff.org
241920	0.3711233139038086	0.08913850784301758	e2.keff.org
243936	0.3681058883666992	0.08907246589660645	e2.keff.org
245952	0.3660562038421631	0.08780431747436523	e2.keff.org
247968	0.3672769069671631	0.08896636962890625	e2.keff.org
249984	0.367983341217041	0.08862876892089844	e2.keff.org
252000	0.5991637706756592	0.09637618064880371	e2.keff.org
254016	0.3693504333496094	0.08798003196716309	e2.keff.org
256032	0.3639960289001465	0.08808755874633789	e2.keff.org
258048	0.36638426780700684	0.08833098411560059	e2.keff.org
260064	0.3616325855255127	0.08732867240905762	e2.keff.org
262080	0.3430659770965576	0.08716773986816406	e2.keff.org
264096	0.34302568435668945	0.08777236938476562	e2.keff.org
266112	0.32468104362487793	0.08697628974914551	e2.keff.org
268128	0.3037748336791992	0.08803129196166992	e2.keff.org
270144	0.2879304885864258	0.08686661720275879	e2.keff.org
272160	0.2791721820831299	0.08777952194213867	e2.keff.org
274176	0.2670612335205078	0.08695387840270996	e2.keff.org
276192	0.26073646545410156	0.08689570426940918	e2.keff.org
278208	0.25395989418029785	0.0875406265258789	e2.keff.org
280224	0.2544233798980713	0.0885457992553711	e2.keff.org
282240	0.25403332710266113	0.08827972412109375	e2.keff.org
284256	0.254380464553833	0.08718419075012207	e2.keff.org
286272	0.24885869026184082	0.08714985847473145	e2.keff.org
288288	0.23912382125854492	0.08927702903747559	e2.keff.org
290304	0.23960065841674805	0.08880043029785156	e2.keff.org
292320	0.2392261028289795	0.08691596984863281	e2.keff.org
294336	0.2389984130859375	0.08844900131225586	e2.keff.org
296352	0.23107266426086426	0.08796525001525879	e2.keff.org
298368	0.22758769989013672	0.08899831771850586	e2.keff.org
300384	0.22587203979492188	0.0888521671295166	e2.keff.org
302400	0.22454047203063965	0.08830928802490234	e2.keff.org
304416	0.22440648078918457	0.08802461624145508	e2.keff.org
306432	0.2239696979522705	0.08893084526062012	e2.keff.org
308448	0.22706007957458496	0.08817911148071289	e2.keff.org
310464	0.22276616096496582	0.08876466751098633	e2.keff.org
312480	0.22347402572631836	0.08852195739746094	e2.keff.org
314496	0.22383809089660645	0.0891575813293457	e2.keff.org
316512	0.22373557090759277	0.08836507797241211	e2.keff.org
318528	0.2234025001525879	0.08853816986083984	e2.keff.org
320544	0.22346210479736328	0.08924126625061035	e2.keff.org
322560	0.22383856773376465	0.08812189102172852	e2.keff.org
324576	0.22258567810058594	0.08823561668395996	e2.keff.org
326592	0.22399258613586426	0.08892083168029785	e2.keff.org
328608	0.2234969139099121	0.08893609046936035	e2.keff.org
330624	0.22348499298095703	0.08856844902038574	e2.keff.org
332640	0.2232959270477295	0.08901119232177734	e2.keff.org
334656	0.22429299354553223	0.08797883987426758	e2.keff.org
336672	0.22362518310546875	0.08844542503356934	e2.keff.org
338688	0.22247099876403809	0.08896708488464355	e2.keff.org
340704	0.2240006923675537	0.08896660804748535	e2.keff.org
342720	0.2258005142211914	0.08880090713500977	e2.keff.org
344736	0.2242889404296875	0.08863687515258789	e2.keff.org
346752	0.22362518310546875	0.08875036239624023	e2.keff.org
348768	0.22356319427490234	0.08826136589050293	e2.keff.org
350784	0.22341632843017578	0.08818864822387695	e2.keff.org
352800	0.22234892845153809	0.08910083770751953	e2.keff.org
354816	0.22340798377990723	0.08838844299316406	e2.keff.org
356832	0.22345399856567383	0.08839750289916992	e2.keff.org
358848	0.22368788719177246	0.08843064308166504	e2.keff.org
360864	0.22394609451293945	0.08864760398864746	e2.keff.org
362880	0.2245771884918213	0.08835792541503906	e2.keff.org
364896	0.22371530532836914	0.08826518058776855	e2.keff.org
366912	0.2224409580230713	0.08829355239868164	e2.keff.org
368928	0.2236330509185791	0.08855819702148438	e2.keff.org
370944	0.22326183319091797	0.08747744560241699	e2.keff.org
372960	0.2248389720916748	0.08796167373657227	e2.keff.org
374976	0.22417354583740234	0.08794069290161133	e2.keff.org
376992	0.22536802291870117	0.08766579627990723	e2.keff.org
379008	0.22361516952514648	0.08667945861816406	e2.keff.org
381024	0.2223963737487793	0.08811044692993164	e2.keff.org
383040	0.22342181205749512	0.08737802505493164	e2.keff.org
385056	0.2233424186706543	0.08876872062683105	e2.keff.org
387072	0.22350382804870605	0.08817386627197266	e2.keff.org
389088	0.22363805770874023	0.08831954002380371	e2.keff.org
391104	0.22383427619934082	0.08824515342712402	e2.keff.org
393120	0.35133934020996094	0.0885922908782959	e2.keff.org
395136	0.22223830223083496	0.08860969543457031	e2.keff.org
397152	0.22412824630737305	0.08914804458618164	e2.keff.org
399168	0.22382378578186035	0.08931994438171387	e2.keff.org
401184	0.22345185279846191	0.08929610252380371	e2.keff.org
403200	0.22357869148254395	0.08877253532409668	e2.keff.org
405216	0.22335100173950195	0.0888829231262207	e2.keff.org
407232	0.22387933731079102	0.08835721015930176	e2.keff.org
409248	0.22243857383728027	0.08847880363464355	e2.keff.org
411264	0.2263319492340088	0.08828377723693848	e2.keff.org
413280	0.22346115112304688	0.08878231048583984	e2.keff.org
415296	0.22380876541137695	0.08951067924499512	e2.keff.org
417312	0.22377777099609375	0.08841824531555176	e2.keff.org
419328	0.22396230697631836	0.08753490447998047	e2.keff.org
421344	0.22491884231567383	0.0870811939239502	e2.keff.org
423360	0.2224869728088379	0.08813714981079102	e2.keff.org
425376	0.22341275215148926	0.08889269828796387	e2.keff.org
427392	0.22338485717773438	0.08783340454101562	e2.keff.org
429408	0.224107027053833	0.08817148208618164	e2.keff.org
431424	0.2235414981842041	0.08807897567749023	e2.keff.org
433440	0.2235720157623291	0.08737301826477051	e2.keff.org
435456	0.22355341911315918	0.08737492561340332	e2.keff.org
437472	0.22294306755065918	0.08767867088317871	e2.keff.org
439488	0.22342395782470703	0.08746790885925293	e2.keff.org
441504	0.22345304489135742	0.08720731735229492	e2.keff.org
443520	0.22385096549987793	0.08713483810424805	e2.keff.org
445536	0.22348666191101074	0.0881497859954834	e2.keff.org
447552	0.2235410213470459	0.08746910095214844	e2.keff.org
449568	0.2236475944519043	0.08824682235717773	e2.keff.org
451584	0.22258567810058594	0.08797931671142578	e2.keff.org
453600	0.22335243225097656	0.08781147003173828	e2.keff.org
455616	0.2233130931854248	0.08730316162109375	e2.keff.org
457632	0.22360920906066895	0.08805155754089355	e2.keff.org
459648	0.2248079776763916	0.08895087242126465	e2.keff.org
461664	0.22432494163513184	0.08856606483459473	e2.keff.org
463680	0.22339749336242676	0.08882451057434082	e2.keff.org
465696	0.22246170043945312	0.08824682235717773	e2.keff.org
467712	0.2235863208770752	0.08950495719909668	e2.keff.org
469728	0.2236647605895996	0.0883636474609375	e2.keff.org
471744	0.22391819953918457	0.08930587768554688	e2.keff.org
473760	0.22358131408691406	0.09154796600341797	e2.keff.org
475776	0.22410130500793457	0.08849668502807617	e2.keff.org
477792	0.22332048416137695	0.0888667106628418	e2.keff.org
479808	0.22235703468322754	0.08810782432556152	e2.keff.org
481824	0.2244274616241455	0.08887505531311035	e2.keff.org
483840	0.22375988960266113	0.08908748626708984	e2.keff.org
485856	0.22334551811218262	0.09089541435241699	e2.keff.org
487872	0.22334742546081543	0.08919978141784668	e2.keff.org
489888	0.22383642196655273	0.08997583389282227	e2.keff.org
491904	0.2237086296081543	0.08937478065490723	e2.keff.org
493920	0.22297358512878418	0.08943033218383789	e2.keff.org
495936	0.22390079498291016	0.08940958976745605	e2.keff.org
497952	0.22475123405456543	0.08939456939697266	e2.keff.org
499968	0.2237987518310547	0.08948349952697754	e2.keff.org
501984	0.22342181205749512	0.0894937515258789	e2.keff.org
504000	0.2232966423034668	0.08951258659362793	e2.keff.org
506016	0.2235257625579834	0.08862805366516113	e2.keff.org
508032	0.2224287986755371	0.08849048614501953	e2.keff.org
510048	0.22371292114257812	0.08916783332824707	e2.keff.org
512064	0.22322845458984375	0.0882577896118164	e2.keff.org
514080	0.2237257957458496	0.08876991271972656	e2.keff.org
516096	0.22397279739379883	0.08917522430419922	e2.keff.org
518112	0.22333264350891113	0.08747982978820801	e2.keff.org
520128	0.22385668754577637	0.08847689628601074	e2.keff.org
522144	0.22220182418823242	0.08886885643005371	e2.keff.org
524160	0.22387337684631348	0.08855938911437988	e2.keff.org
526176	0.2231917381286621	0.08918499946594238	e2.keff.org
528192	0.22448229789733887	0.08846783638000488	e2.keff.org
530208	0.22469520568847656	0.0886380672454834	e2.keff.org
532224	0.22330832481384277	0.08904838562011719	e2.keff.org
534240	0.35130882263183594	0.08892273902893066	e2.keff.org
536256	0.22268247604370117	0.08965587615966797	e2.keff.org
538272	0.22380876541137695	0.08891177177429199	e2.keff.org
540288	0.22386479377746582	0.08859467506408691	e2.keff.org
542304	0.2237718105316162	0.08905935287475586	e2.keff.org
544320	0.22333550453186035	0.08909082412719727	e2.keff.org
546336	0.22391819953918457	0.08918237686157227	e2.keff.org
548352	0.2232663631439209	0.09206175804138184	e2.keff.org
550368	0.22238969802856445	0.08923053741455078	e2.keff.org
552384	0.22371602058410645	0.08932018280029297	e2.keff.org
554400	0.22374176979064941	0.08888745307922363	e2.keff.org
556416	0.2232658863067627	0.0897989273071289	e2.keff.org
558432	0.22318410873413086	0.08961844444274902	e2.keff.org
560448	0.22397589683532715	0.0890350341796875	e2.keff.org
562464	0.22325778007507324	0.08975911140441895	e2.keff.org
564480	0.22261309623718262	0.08946108818054199	e2.keff.org
566496	0.22330665588378906	0.09038615226745605	e2.keff.org
568512	0.22313284873962402	0.08927297592163086	e2.keff.org
570528	0.2238621711730957	0.08915257453918457	e2.keff.org
572544	0.22344708442687988	0.08981704711914062	e2.keff.org
574560	0.2235710620880127	0.0889890193939209	e2.keff.org
576576	0.22363734245300293	0.0897674560546875	e2.keff.org
578592	0.22232818603515625	0.0897665023803711	e2.keff.org
580608	0.22554779052734375	0.08910608291625977	e2.keff.org
582624	0.22389650344848633	0.08960843086242676	e2.keff.org
584640	0.22331881523132324	0.08873653411865234	e2.keff.org
586656	0.22440767288208008	0.08908367156982422	e2.keff.org
588672	0.2236626148223877	0.08940839767456055	e2.keff.org
590688	0.2234048843383789	0.08970427513122559	e2.keff.org
592704	0.22273039817810059	0.0898895263671875	e2.keff.org
594720	0.22345662117004395	0.08908319473266602	e2.keff.org
596736	0.2233750820159912	0.08913707733154297	e2.keff.org
598752	0.22337770462036133	0.08909130096435547	e2.keff.org
600768	0.22359228134155273	0.08983016014099121	e2.keff.org
602784	0.22336626052856445	0.08942723274230957	e2.keff.org
604800	0.22375726699829102	0.0899667739868164	e2.keff.org
606816	0.2225055694580078	0.08918213844299316	e2.keff.org
608832	0.2232985496520996	0.08922457695007324	e2.keff.org
610848	0.22335457801818848	0.08917832374572754	e2.keff.org
612864	0.22388696670532227	0.0891580581665039	e2.keff.org
614880	0.22363686561584473	0.08885455131530762	e2.keff.org
616896	0.22572994232177734	0.08906316757202148	e2.keff.org
618912	0.22588205337524414	0.08879375457763672	e2.keff.org
620928	0.22441649436950684	0.08846664428710938	e2.keff.org
622944	0.22550487518310547	0.08904409408569336	e2.keff.org
624960	0.22551703453063965	0.0890662670135498	e2.keff.org
626976	0.22356820106506348	0.0888056755065918	e2.keff.org
628992	0.2232658863067627	0.08870482444763184	e2.keff.org
631008	0.22390222549438477	0.0885307788848877	e2.keff.org
633024	0.22338581085205078	0.08889079093933105	e2.keff.org
635040	0.22215533256530762	0.08898401260375977	e2.keff.org
637056	0.22316980361938477	0.08880472183227539	e2.keff.org
639072	0.22375822067260742	0.08887863159179688	e2.keff.org
641088	0.22426366806030273	0.08826851844787598	e2.keff.org
643104	0.22338056564331055	0.08932638168334961	e2.keff.org
645120	0.22372698783874512	0.09011530876159668	e2.keff.org
647136	0.22380614280700684	0.08993959426879883	e2.keff.org
649152	0.22252464294433594	0.08925771713256836	e2.keff.org
651168	0.22628283500671387	0.08924651145935059	e2.keff.org
653184	0.22530174255371094	0.08906221389770508	e2.keff.org
655200	0.22332119941711426	0.0883791446685791	e2.keff.org
657216	0.20500755310058594	0.056185245513916016	e2.keff.org
