1	0.9583017826080322	0.12500452995300293	electrum.aantonop.com
2016	0.3255901336669922	0.08842301368713379	electrum.aantonop.com
4032	0.3247997760772705	0.08973264694213867	electrum.aantonop.com
6048	0.325589656829834	0.0896909236907959	electrum.aantonop.com
8064	0.3300015926361084	0.0877385139465332	electrum.aantonop.com
10080	0.32412099838256836	0.08949637413024902	electrum.aantonop.com
12096	0.4839205741882324	0.08946609497070312	electrum.aantonop.com
14112	0.32576990127563477	0.08896327018737793	electrum.aantonop.com
16128	0.3261563777923584	0.08716940879821777	electrum.aantonop.com
18144	0.4828183650970459	0.0882866382598877	electrum.aantonop.com
20160	0.48168015480041504	0.08862066268920898	electrum.aantonop.com
22176	0.4818611145019531	0.08831596374511719	electrum.aantonop.com
24192	0.48142242431640625	0.08948183059692383	electrum.aantonop.com
26208	0.32473087310791016	0.0873723030090332	electrum.aantonop.com
28224	0.3245244026184082	0.08813714981079102	electrum.aantonop.com
30240	0.32579803466796875	0.08649706840515137	electrum.aantonop.com
32256	0.3242959976196289	0.1777498722076416	electrum.aantonop.com
34272	0.32419729232788086	0.1745131015777588	electrum.aantonop.com
36288	0.3254814147949219	0.08737325668334961	electrum.aantonop.com
38304	0.32408809661865234	0.08723664283752441	electrum.aantonop.com
40320	0.32457661628723145	0.08690071105957031	electrum.aantonop.com
42336	0.3243894577026367	0.08527064323425293	electrum.aantonop.com
44352	0.3246877193450928	0.08604836463928223	electrum.aantonop.com
46368	0.3263683319091797	0.0874180793762207	electrum.aantonop.com
48384	0.3255646228790283	0.08578777313232422	electrum.aantonop.com
50400	0.3252694606781006	0.08742189407348633	electrum.aantonop.com
52416	0.32439112663269043	0.08670711517333984	electrum.aantonop.com
54432	0.3249332904815674	0.08788156509399414	electrum.aantonop.com
56448	0.3251471519470215	0.08723092079162598	electrum.aantonop.com
58464	0.32550597190856934	0.08598566055297852	electrum.aantonop.com
60480	0.3257298469543457	0.08672857284545898	electrum.aantonop.com
62496	0.32517075538635254	0.08594751358032227	electrum.aantonop.com
64512	0.32520246505737305	0.08609843254089355	electrum.aantonop.com
66528	0.3261563777923584	0.08685994148254395	electrum.aantonop.com
68544	0.3272829055786133	0.08628082275390625	electrum.aantonop.com
70560	0.3256258964538574	0.08697342872619629	electrum.aantonop.com
72576	0.326629638671875	0.08694148063659668	electrum.aantonop.com
74592	0.32585620880126953	0.0875542163848877	electrum.aantonop.com
76608	0.32566285133361816	0.08661127090454102	electrum.aantonop.com
78624	0.32642340660095215	0.08586549758911133	electrum.aantonop.com
80640	0.325911283493042	0.08560919761657715	electrum.aantonop.com
82656	0.3266456127166748	0.08611893653869629	electrum.aantonop.com
84672	0.32483863830566406	0.08720755577087402	electrum.aantonop.com
86688	0.3260922431945801	0.08668708801269531	electrum.aantonop.com
88704	0.32569074630737305	0.08762931823730469	electrum.aantonop.com
90720	0.3264925479888916	0.0876002311706543	electrum.aantonop.com
92736	0.3260071277618408	0.08697724342346191	electrum.aantonop.com
94752	0.3253672122955322	0.08690643310546875	electrum.aantonop.com
96768	0.3283870220184326	0.08682489395141602	electrum.aantonop.com
98784	0.3251004219055176	0.08734416961669922	electrum.aantonop.com
100800	0.3254826068878174	0.08763861656188965	electrum.aantonop.com
102816	0.3243842124938965	0.08663153648376465	electrum.aantonop.com
104832	0.32465577125549316	0.08702921867370605	electrum.aantonop.com
106848	0.3254990577697754	0.0869905948638916	electrum.aantonop.com
108864	0.32434725761413574	0.08684635162353516	electrum.aantonop.com
110880	0.3259701728820801	0.0878591537475586	electrum.aantonop.com
112896	0.3246114253997803	0.08778834342956543	electrum.aantonop.com
114912	0.4832594394683838	0.08776283264160156	electrum.aantonop.com
116928	0.4811234474182129	0.08857154846191406	electrum.aantonop.com
118944	0.32601356506347656	0.08800625801086426	electrum.aantonop.com
120960	0.32544994354248047	0.08809041976928711	electrum.aantonop.com
122976	0.3265044689178467	0.08800053596496582	electrum.aantonop.com
124992	0.326169490814209	0.08786153793334961	electrum.aantonop.com
127008	0.345653772354126	0.08916616439819336	electrum.aantonop.com
129024	0.32564663887023926	0.0877997875213623	electrum.aantonop.com
131040	0.3242971897125244	0.08786201477050781	electrum.aantonop.com
133056	0.32526731491088867	0.08843231201171875	electrum.aantonop.com
135072	0.481309175491333	0.08762884140014648	electrum.aantonop.com
137088	0.4830968379974365	0.0883932113647461	electrum.aantonop.com
139104	0.48244380950927734	0.08783817291259766	electrum.aantonop.com
141120	0.48264193534851074	0.08916974067687988	electrum.aantonop.com
143136	0.3251502513885498	0.08899617195129395	electrum.aantonop.com
145152	0.32525038719177246	0.08870983123779297	electrum.aantonop.com
147168	0.3270564079284668	0.09048819541931152	electrum.aantonop.com
149184	0.3258974552154541	0.09066104888916016	electrum.aantonop.com
151200	0.32711172103881836	0.0942380428314209	electrum.aantonop.com
153216	0.3268699645996094	0.08844947814941406	electrum.aantonop.com
155232	0.3265955448150635	0.08808112144470215	electrum.aantonop.com
157248	0.3251957893371582	0.08829784393310547	electrum.aantonop.com
159264	0.32555365562438965	0.08989810943603516	electrum.aantonop.com
161280	0.3249959945678711	0.08856701850891113	electrum.aantonop.com
163296	0.32567667961120605	0.08909106254577637	electrum.aantonop.com
165312	0.326141357421875	0.08851218223571777	electrum.aantonop.com
167328	0.3255491256713867	0.08836793899536133	electrum.aantonop.com
169344	0.32671666145324707	0.08866667747497559	electrum.aantonop.com
171360	0.32538414001464844	0.08902955055236816	electrum.aantonop.com
173376	0.32611632347106934	0.08760833740234375	electrum.aantonop.com
175392	0.3258633613586426	0.08812141418457031	electrum.aantonop.com
177408	0.327225923538208	0.08822917938232422	electrum.aantonop.com
179424	0.32549166679382324	0.08740949630737305	electrum.aantonop.com
181440	0.32563138008117676	0.08963823318481445	electrum.aantonop.com
183456	0.3256349563598633	0.0994873046875	electrum.aantonop.com
185472	0.3255152702331543	0.08815526962280273	electrum.aantonop.com
187488	0.32486581802368164	0.08857607841491699	electrum.aantonop.com
189504	0.3259415626525879	0.0889127254486084	electrum.aantonop.com
191520	0.3256244659423828	0.08833813667297363	electrum.aantonop.com
193536	0.32607221603393555	0.08747410774230957	electrum.aantonop.com
195552	0.32627272605895996	0.08841633796691895	electrum.aantonop.com
197568	0.32504773139953613	0.08870291709899902	electrum.aantonop.com
199584	0.32687902450561523	0.08883857727050781	electrum.aantonop.com
201600	0.32553672790527344	0.089263916015625	electrum.aantonop.com
203616	0.32540440559387207	0.08786344528198242	electrum.aantonop.com
205632	0.32507753372192383	0.08830690383911133	electrum.aantonop.com
207648	0.32655835151672363	0.08823156356811523	electrum.aantonop.com
209664	0.32562780380249023	0.08851885795593262	electrum.aantonop.com
211680	0.32625794410705566	0.0875101089477539	electrum.aantonop.com
213696	0.3261880874633789	0.08867120742797852	electrum.aantonop.com
215712	0.3262965679168701	0.08820414543151855	electrum.aantonop.com
217728	0.3245103359222412	0.08798766136169434	electrum.aantonop.com
219744	0.32567262649536133	0.08716320991516113	electrum.aantonop.com
221760	0.3274672031402588	0.08726072311401367	electrum.aantonop.com
223776	0.3261582851409912	0.08666539192199707	electrum.aantonop.com
225792	0.32723331451416016	0.08770561218261719	electrum.aantonop.com
227808	0.3257100582122803	0.08824992179870605	electrum.aantonop.com
229824	0.32695698738098145	0.08724761009216309	electrum.aantonop.com
231840	0.325634241104126	0.08685183525085449	electrum.aantonop.com
233856	0.3250582218170166	0.08628678321838379	electrum.aantonop.com
235872	0.3242185115814209	0.08762621879577637	electrum.aantonop.com
237888	0.4814720153808594	0.08645486831665039	electrum.aantonop.com
239904	0.32454371452331543	0.08772563934326172	electrum.aantonop.com
241920	0.32472848892211914	0.08877325057983398	electrum.aantonop.com
243936	0.32624125480651855	0.08917045593261719	electrum.aantonop.com
245952	0.32684826850891113	0.08942198753356934	electrum.aantonop.com
247968	0.325026273727417	0.0889432430267334	electrum.aantonop.com
249984	0.32439589500427246	0.08694148063659668	electrum.aantonop.com
252000	0.32460713386535645	0.08683538436889648	electrum.aantonop.com
254016	0.32439517974853516	0.08603978157043457	electrum.aantonop.com
256032	0.4822194576263428	0.088165283203125	electrum.aantonop.com
258048	0.481661319732666	0.08633112907409668	electrum.aantonop.com
260064	0.3260812759399414	0.0872802734375	electrum.aantonop.com
262080	0.3254072666168213	0.08725094795227051	electrum.aantonop.com
264096	0.32692480087280273	0.08766412734985352	electrum.aantonop.com
266112	0.32579636573791504	0.08693361282348633	electrum.aantonop.com
268128	0.3263716697692871	0.0875701904296875	electrum.aantonop.com
270144	0.3259868621826172	0.08821964263916016	electrum.aantonop.com
272160	0.3265058994293213	0.08890032768249512	electrum.aantonop.com
274176	0.3247499465942383	0.0898439884185791	electrum.aantonop.com
276192	0.3245868682861328	0.08925414085388184	electrum.aantonop.com
278208	0.32482171058654785	0.08748936653137207	electrum.aantonop.com
280224	0.32439088821411133	0.08776378631591797	electrum.aantonop.com
282240	0.32444286346435547	0.08887362480163574	electrum.aantonop.com
284256	0.32473063468933105	0.09214568138122559	electrum.aantonop.com
286272	0.32431602478027344	0.08810067176818848	electrum.aantonop.com
288288	0.324817419052124	0.08892512321472168	electrum.aantonop.com
290304	0.3242018222808838	0.08956241607666016	electrum.aantonop.com
292320	0.3243536949157715	0.089263916015625	electrum.aantonop.com
294336	0.3257441520690918	0.09097695350646973	electrum.aantonop.com
296352	0.32425665855407715	0.09068083763122559	electrum.aantonop.com
298368	0.32433295249938965	0.09090209007263184	electrum.aantonop.com
300384	0.3259267807006836	0.09043383598327637	electrum.aantonop.com
302400	0.3253929615020752	0.08951783180236816	electrum.aantonop.com
304416	0.32622528076171875	0.08915948867797852	electrum.aantonop.com
306432	0.3262655735015869	0.08904576301574707	electrum.aantonop.com
308448	0.32540011405944824	0.08900976181030273	electrum.aantonop.com
310464	0.325514554977417	0.08883404731750488	electrum.aantonop.com
312480	0.3242478370666504	0.08951640129089355	electrum.aantonop.com
314496	0.32441067695617676	0.08889079093933105	electrum.aantonop.com
316512	0.32524800300598145	0.08947610855102539	electrum.aantonop.com
318528	0.3250133991241455	0.09859514236450195	electrum.aantonop.com
320544	0.32434916496276855	0.09107756614685059	electrum.aantonop.com
322560	0.32632899284362793	0.09051394462585449	electrum.aantonop.com
324576	0.32556915283203125	0.09013557434082031	electrum.aantonop.com
326592	0.324617862701416	0.08990097045898438	electrum.aantonop.com
328608	0.32568979263305664	0.08957648277282715	electrum.aantonop.com
330624	0.3264298439025879	0.09048008918762207	electrum.aantonop.com
332640	0.3245429992675781	0.09002494812011719	electrum.aantonop.com
334656	0.3247044086456299	0.08921337127685547	electrum.aantonop.com
336672	0.32479262351989746	0.08970022201538086	electrum.aantonop.com
338688	0.32466721534729004	0.08938169479370117	electrum.aantonop.com
340704	0.32421374320983887	0.08884263038635254	electrum.aantonop.com
342720	0.32462167739868164	0.08873963356018066	electrum.aantonop.com
344736	0.3246774673461914	0.08837175369262695	ecdsa.net
346752	0.3250293731689453	0.08786392211914062	ecdsa.net
348768	0.3241391181945801	0.08779430389404297	ecdsa.net
350784	0.3245811462402344	0.08852553367614746	ecdsa.net
352800	0.3260011672973633	0.08849143981933594	ecdsa.net
354816	0.3262150287628174	0.08783173561096191	ecdsa.net
356832	0.48377466201782227	0.09029674530029297	ecdsa.net
358848	0.32595062255859375	0.0899648666381836	ecdsa.net
360864	0.3258082866668701	0.08850955963134766	ecdsa.net
362880	0.3259730339050293	0.08853769302368164	ecdsa.net
364896	0.32445192337036133	0.0880126953125	ecdsa.net
366912	0.3244178295135498	0.08855772018432617	ecdsa.net
368928	0.32436275482177734	0.08908724784851074	ecdsa.net
370944	0.32553863525390625	0.08761000633239746	ecdsa.net
372960	0.32646918296813965	0.08733582496643066	ecdsa.net
374976	0.4810953140258789	0.08742833137512207	ecdsa.net
376992	0.48238325119018555	0.08680868148803711	ecdsa.net
379008	0.48178744316101074	0.08850240707397461	ecdsa.net
381024	0.3249032497406006	0.08882737159729004	ecdsa.net
383040	0.32592177391052246	0.08790397644042969	ecdsa.net
385056	0.3289611339569092	0.08854055404663086	ecdsa.net
387072	0.32560110092163086	0.08843016624450684	ecdsa.net
389088	0.32497262954711914	0.08830547332763672	ecdsa.net
391104	0.32642388343811035	0.08867001533508301	ecdsa.net
393120	0.32594776153564453	0.08910703659057617	ecdsa.net
395136	0.32552123069763184	0.0960226058959961	ecdsa.net
397152	0.3270888328552246	0.0884847640991211	ecdsa.net
399168	0.3253307342529297	0.08975958824157715	ecdsa.net
401184	0.326369047164917	0.08891773223876953	ecdsa.net
403200	0.3246915340423584	0.08881068229675293	ecdsa.net
405216	0.32515740394592285	0.09256982803344727	ecdsa.net
407232	0.32680439949035645	0.08851861953735352	ecdsa.net
409248	0.3261399269104004	0.08832883834838867	ecdsa.net
411264	0.32466769218444824	0.08896040916442871	ecdsa.net
413280	0.32472825050354004	0.08836603164672852	ecdsa.net
415296	0.3256843090057373	0.08821797370910645	ecdsa.net
417312	0.3253464698791504	0.08891129493713379	ecdsa.net
419328	0.32430338859558105	0.08833479881286621	ecdsa.net
421344	0.32437920570373535	0.08821606636047363	ecdsa.net
423360	0.32459568977355957	0.08840370178222656	ecdsa.net
425376	0.325014591217041	0.09038996696472168	ecdsa.net
427392	0.32420921325683594	0.08955979347229004	ecdsa.net
429408	0.3247835636138916	0.08889150619506836	ecdsa.net
431424	0.32453107833862305	0.08950638771057129	ecdsa.net
433440	0.3257319927215576	0.08802533149719238	ecdsa.net
435456	0.32599568367004395	0.08990716934204102	ecdsa.net
437472	0.32479190826416016	0.08948683738708496	ecdsa.net
439488	0.32445192337036133	0.08837604522705078	ecdsa.net
441504	0.32434988021850586	0.08805966377258301	ecdsa.net
443520	0.3254663944244385	0.08819890022277832	ecdsa.net
445536	0.3263273239135742	0.08901786804199219	ecdsa.net
447552	0.32489895820617676	0.08927130699157715	ecdsa.net
449568	0.3245706558227539	0.08881545066833496	ecdsa.net
451584	0.3264186382293701	0.08934426307678223	ecdsa.net
453600	0.3253610134124756	0.08912944793701172	ecdsa.net
455616	0.32503294944763184	0.08881711959838867	ecdsa.net
457632	0.3261435031890869	0.09160518646240234	ecdsa.net
459648	0.3270585536956787	0.08884644508361816	ecdsa.net
461664	0.32570338249206543	0.0888676643371582	ecdsa.net
463680	0.3259127140045166	0.08953332901000977	ecdsa.net
465696	0.3251333236694336	0.08910584449768066	ecdsa.net
467712	0.3252980709075928	0.08904290199279785	ecdsa.net
469728	0.3259434700012207	0.088226318359375	ecdsa.net
471744	0.4848055839538574	0.08905363082885742	ecdsa.net
473760	0.48427581787109375	0.0892789363861084	ecdsa.net
475776	0.3253622055053711	0.08856773376464844	ecdsa.net
477792	0.32648563385009766	0.08827924728393555	ecdsa.net
479808	0.32532310485839844	0.08915543556213379	ecdsa.net
481824	0.3254063129425049	0.08894705772399902	ecdsa.net
483840	0.32667064666748047	0.08870720863342285	ecdsa.net
485856	0.32549190521240234	0.0897817611694336	ecdsa.net
487872	0.32639193534851074	0.08858656883239746	ecdsa.net
489888	0.3251821994781494	0.0908958911895752	ecdsa.net
491904	0.32418346405029297	0.08989500999450684	ecdsa.net
493920	0.3248484134674072	0.08998250961303711	ecdsa.net
495936	0.3242008686065674	0.08998680114746094	ecdsa.net
497952	0.3245100975036621	0.0917825698852539	ecdsa.net
499968	0.3239755630493164	0.0908498764038086	ecdsa.net
501984	0.32444310188293457	0.09056258201599121	ecdsa.net
504000	0.32488059997558594	0.08983778953552246	ecdsa.net
506016	0.324094295501709	0.08956408500671387	ecdsa.net
508032	0.48187708854675293	0.09064841270446777	ecdsa.net
510048	0.4821465015411377	0.0896754264831543	ecdsa.net
512064	0.3242824077606201	0.08996748924255371	ecdsa.net
514080	0.3258321285247803	0.09035348892211914	ecdsa.net
516096	0.3248612880706787	0.08891129493713379	ecdsa.net
518112	0.32456374168395996	0.08848905563354492	ecdsa.net
520128	0.32492661476135254	0.08884263038635254	ecdsa.net
522144	0.3248145580291748	0.08919477462768555	ecdsa.net
524160	0.324965238571167	0.0890347957611084	ecdsa.net
526176	0.32459115982055664	0.08969235420227051	ecdsa.net
528192	0.324660062789917	0.08985662460327148	ecdsa.net
530208	0.3249657154083252	0.08975076675415039	ecdsa.net
532224	0.3246190547943115	0.0904691219329834	ecdsa.net
534240	0.32497191429138184	0.08950185775756836	ecdsa.net
536256	0.3262939453125	0.09071016311645508	ecdsa.net
538272	0.32592225074768066	0.09105658531188965	ecdsa.net
540288	0.3259565830230713	0.09036898612976074	ecdsa.net
542304	0.32600855827331543	0.08916831016540527	ecdsa.net
544320	0.3259894847869873	0.08970522880554199	ecdsa.net
546336	0.3261113166809082	0.09020757675170898	ecdsa.net
548352	0.3265697956085205	0.0890662670135498	ecdsa.net
550368	0.3271186351776123	0.09057307243347168	ecdsa.net
552384	0.32718777656555176	0.08960318565368652	ecdsa.net
554400	0.32614684104919434	0.09035420417785645	ecdsa.net
556416	0.3263120651245117	0.08983731269836426	ecdsa.net
558432	0.32560062408447266	0.08993721008300781	ecdsa.net
560448	0.32592248916625977	0.08855414390563965	ecdsa.net
562464	0.32448601722717285	0.09154486656188965	ecdsa.net
564480	0.32614970207214355	0.08974480628967285	ecdsa.net
566496	0.3259603977203369	0.08987689018249512	ecdsa.net
568512	0.32636094093322754	0.08980536460876465	ecdsa.net
570528	0.3271610736846924	0.09001827239990234	ecdsa.net
572544	0.3250691890716553	0.09030580520629883	ecdsa.net
574560	0.324953556060791	0.08958745002746582	ecdsa.net
576576	0.3247394561767578	0.08954071998596191	ecdsa.net
578592	0.3263211250305176	0.09076452255249023	ecdsa.net
580608	0.32656192779541016	0.0886836051940918	ecdsa.net
582624	0.3258540630340576	0.08985471725463867	ecdsa.net
584640	0.32520294189453125	0.08898305892944336	ecdsa.net
586656	0.3262770175933838	0.0897531509399414	ecdsa.net
588672	0.32807230949401855	0.09046506881713867	ecdsa.net
590688	0.3255453109741211	0.09018087387084961	ecdsa.net
592704	0.32520031929016113	0.0902414321899414	ecdsa.net
594720	0.3262598514556885	0.09030365943908691	ecdsa.net
596736	0.32604503631591797	0.0899202823638916	ecdsa.net
598752	0.48269200325012207	0.09064054489135742	ecdsa.net
600768	0.48244309425354004	0.09026265144348145	ecdsa.net
602784	0.32518696784973145	0.0912940502166748	ecdsa.net
604800	0.3262062072753906	0.09082508087158203	ecdsa.net
606816	0.32599425315856934	0.09078502655029297	ecdsa.net
608832	0.32610607147216797	0.09109973907470703	ecdsa.net
610848	0.3256042003631592	0.0900735855102539	ecdsa.net
612864	0.3247213363647461	0.08956074714660645	ecdsa.net
614880	0.3261139392852783	0.09396028518676758	ecdsa.net
616896	0.32642173767089844	0.09073781967163086	ecdsa.net
618912	0.3257479667663574	0.09099197387695312	ecdsa.net
620928	0.32526397705078125	0.09119653701782227	ecdsa.net
622944	0.32532763481140137	0.09054923057556152	ecdsa.net
624960	0.32447314262390137	0.09035897254943848	ecdsa.net
626976	0.32498908042907715	0.09075427055358887	ecdsa.net
628992	0.3254244327545166	0.09043502807617188	ecdsa.net
631008	0.3261728286743164	0.09324049949645996	ecdsa.net
633024	0.3247799873352051	0.09265661239624023	ecdsa.net
635040	0.32499003410339355	0.0900578498840332	ecdsa.net
637056	0.32555532455444336	0.0902564525604248	ecdsa.net
639072	0.3241398334503174	0.09050989151000977	ecdsa.net
641088	0.3263416290283203	0.0909569263458252	ecdsa.net
643104	0.3255436420440674	0.09074187278747559	ecdsa.net
645120	0.3242058753967285	0.09142732620239258	ecdsa.net
647136	0.324174165725708	0.09173893928527832	ecdsa.net
649152	0.3242838382720947	0.0920567512512207	ecdsa.net
651168	0.3244457244873047	0.0914757251739502	ecdsa.net
653184	0.3245394229888916	0.09090948104858398	ecdsa.net
655200	0.4819478988647461	0.09146642684936523	ecdsa.net
657216	0.3224942684173584	0.058066368103027344	ecdsa.net
