1	0.7921059131622314	0.08519601821899414	electrum.blockstream.info
2016	0.3235042095184326	0.08482074737548828	electrum.blockstream.info
4032	0.32181549072265625	0.08471488952636719	electrum.blockstream.info
6048	0.32392287254333496	0.08528757095336914	electrum.blockstream.info
8064	0.322310209274292	0.08475160598754883	electrum.blockstream.info
10080	0.4796414375305176	0.08527326583862305	electrum.blockstream.info
12096	0.3225412368774414	0.08543038368225098	electrum.blockstream.info
14112	0.32434749603271484	0.08565473556518555	electrum.blockstream.info
16128	0.3235955238342285	0.08564043045043945	electrum.blockstream.info
18144	0.323805570602417	0.08712887763977051	electrum.blockstream.info
20160	0.32390356063842773	0.08595705032348633	electrum.blockstream.info
22176	0.322498083114624	0.08565926551818848	electrum.blockstream.info
24192	0.32415771484375	0.08649110794067383	electrum.blockstream.info
26208	0.3259401321411133	0.08620834350585938	electrum.blockstream.info
28224	0.32280540466308594	0.0863041877746582	electrum.blockstream.info
30240	0.3232579231262207	0.08573675155639648	electrum.blockstream.info
32256	0.32351040840148926	0.08655524253845215	electrum.blockstream.info
34272	0.3227880001068115	0.08679699897766113	electrum.blockstream.info
36288	0.48107361793518066	0.17543339729309082	electrum.blockstream.info
38304	0.47837090492248535	0.08770275115966797	electrum.blockstream.info
40320	0.32328033447265625	0.08547592163085938	electrum.blockstream.info
42336	0.3233678340911865	0.08627557754516602	electrum.blockstream.info
44352	0.3231198787689209	0.08639812469482422	electrum.blockstream.info
46368	0.32251405715942383	0.08663201332092285	electrum.blockstream.info
48384	0.3221123218536377	0.08653092384338379	electrum.blockstream.info
50400	0.32401347160339355	0.08592033386230469	electrum.blockstream.info
52416	0.32247042655944824	0.08638143539428711	electrum.blockstream.info
54432	0.32338738441467285	0.08611130714416504	electrum.blockstream.info
56448	0.3243880271911621	0.08581399917602539	electrum.blockstream.info
58464	0.3237125873565674	0.08636021614074707	electrum.blockstream.info
60480	0.3236868381500244	0.0859670639038086	electrum.blockstream.info
62496	0.3239448070526123	0.08498692512512207	electrum.blockstream.info
64512	0.3221924304962158	0.08665680885314941	electrum.blockstream.info
66528	0.32291579246520996	0.08574819564819336	electrum.blockstream.info
68544	0.32208871841430664	0.08567404747009277	electrum.blockstream.info
70560	0.3221921920776367	0.08661723136901855	electrum.blockstream.info
72576	0.32218384742736816	0.08626270294189453	electrum.blockstream.info
74592	0.32242345809936523	0.08633112907409668	electrum.blockstream.info
76608	0.3244962692260742	0.08644890785217285	electrum.blockstream.info
78624	0.32239532470703125	0.08545947074890137	electrum.blockstream.info
80640	0.3228292465209961	0.08601951599121094	electrum.blockstream.info
82656	0.3236196041107178	0.08636355400085449	electrum.blockstream.info
84672	0.32298946380615234	0.08591270446777344	electrum.blockstream.info
86688	0.3223907947540283	0.08620715141296387	electrum.blockstream.info
88704	0.3242642879486084	0.08596682548522949	electrum.blockstream.info
90720	0.32376837730407715	0.08692550659179688	electrum.blockstream.info
92736	0.3248310089111328	0.08490204811096191	electrum.blockstream.info
94752	0.3233931064605713	0.08519649505615234	electrum.blockstream.info
96768	0.3245065212249756	0.0865163803100586	electrum.blockstream.info
98784	0.32286548614501953	0.08622622489929199	electrum.blockstream.info
100800	0.3233218193054199	0.08571863174438477	electrum.blockstream.info
102816	0.3243529796600342	0.08525681495666504	electrum.blockstream.info
104832	0.32233667373657227	0.08536744117736816	electrum.blockstream.info
106848	0.32367849349975586	0.08577942848205566	electrum.blockstream.info
108864	0.322676420211792	0.08669543266296387	electrum.blockstream.info
110880	0.32270026206970215	0.08613777160644531	electrum.blockstream.info
112896	0.3223273754119873	0.08762860298156738	electrum.blockstream.info
114912	0.3230159282684326	0.08710980415344238	electrum.blockstream.info
116928	0.3221583366394043	0.08739471435546875	electrum.blockstream.info
118944	0.47953128814697266	0.08646941184997559	electrum.blockstream.info
120960	0.4802210330963135	0.08727407455444336	electrum.blockstream.info
122976	0.48014116287231445	0.0862429141998291	electrum.blockstream.info
124992	0.47881054878234863	0.08697247505187988	electrum.blockstream.info
127008	0.480090856552124	0.08723592758178711	electrum.blockstream.info
129024	0.33786702156066895	0.0867300033569336	electrum.blockstream.info
131040	0.33606481552124023	0.08718633651733398	electrum.blockstream.info
133056	0.32333850860595703	0.08579611778259277	electrum.blockstream.info
135072	0.3231022357940674	0.08636188507080078	electrum.blockstream.info
137088	0.32233285903930664	0.08651351928710938	electrum.blockstream.info
139104	0.3219573497772217	0.08665919303894043	electrum.blockstream.info
141120	0.3226892948150635	0.08728981018066406	electrum.blockstream.info
143136	0.3219747543334961	0.08733534812927246	electrum.blockstream.info
145152	0.32233357429504395	0.08689117431640625	electrum.blockstream.info
147168	0.3227362632751465	0.08710408210754395	electrum.blockstream.info
149184	0.3232250213623047	0.08688139915466309	electrum.blockstream.info
151200	0.32480692863464355	0.08541750907897949	electrum.blockstream.info
153216	0.32275962829589844	0.0864095687866211	electrum.blockstream.info
155232	0.32245635986328125	0.08628630638122559	electrum.blockstream.info
157248	0.32285451889038086	0.08602142333984375	electrum.blockstream.info
159264	0.32332468032836914	0.08633613586425781	electrum.blockstream.info
161280	0.3221890926361084	0.08515048027038574	electrum.blockstream.info
163296	0.32350993156433105	0.08737945556640625	electrum.blockstream.info
165312	0.32344841957092285	0.0963125228881836	electrum.blockstream.info
167328	0.3228268623352051	0.08642840385437012	electrum.blockstream.info
169344	0.323045015335083	0.08666539192199707	electrum.blockstream.info
171360	0.3233366012573242	0.08622050285339355	electrum.blockstream.info
173376	0.3228275775909424	0.08590960502624512	electrum.blockstream.info
175392	0.32216811180114746	0.0859377384185791	electrum.blockstream.info
177408	0.32391929626464844	0.08556246757507324	electrum.blockstream.info
179424	0.3249552249908447	0.08650898933410645	electrum.blockstream.info
181440	0.3226957321166992	0.08565020561218262	electrum.blockstream.info
183456	0.3226757049560547	0.08744430541992188	electrum.blockstream.info
185472	0.3220806121826172	0.08652043342590332	electrum.blockstream.info
187488	0.3221590518951416	0.08657956123352051	electrum.blockstream.info
189504	0.3226323127746582	0.08637809753417969	electrum.blockstream.info
191520	0.3237876892089844	0.0866386890411377	electrum.blockstream.info
193536	0.3238399028778076	0.08632993698120117	electrum.blockstream.info
195552	0.32405829429626465	0.08724212646484375	electrum.blockstream.info
197568	0.32274436950683594	0.0878608226776123	electrum.blockstream.info
199584	0.3232126235961914	0.0868690013885498	electrum.blockstream.info
201600	0.32428956031799316	0.08745431900024414	electrum.blockstream.info
203616	0.47965049743652344	0.08731245994567871	electrum.blockstream.info
205632	0.47989535331726074	0.08695292472839355	electrum.blockstream.info
207648	0.480973482131958	0.08648896217346191	electrum.blockstream.info
209664	0.4816017150878906	0.08576202392578125	electrum.blockstream.info
211680	0.4790627956390381	0.08537101745605469	electrum.blockstream.info
213696	0.4809134006500244	0.08608531951904297	electrum.blockstream.info
215712	0.32275843620300293	0.08726239204406738	electrum.blockstream.info
217728	0.322589635848999	0.08659982681274414	electrum.blockstream.info
219744	0.3219447135925293	0.08580517768859863	electrum.blockstream.info
221760	0.32232141494750977	0.0875253677368164	electrum.blockstream.info
223776	0.3233942985534668	0.08582615852355957	electrum.blockstream.info
225792	0.3237488269805908	0.08744192123413086	electrum.blockstream.info
227808	0.3219161033630371	0.08683133125305176	electrum.blockstream.info
229824	0.32266783714294434	0.08627724647521973	electrum.blockstream.info
231840	0.32360124588012695	0.08629941940307617	electrum.blockstream.info
233856	0.3247401714324951	0.08694863319396973	electrum.blockstream.info
235872	0.32439756393432617	0.08659243583679199	electrum.blockstream.info
237888	0.3239729404449463	0.08589863777160645	electrum.blockstream.info
239904	0.3241994380950928	0.08580875396728516	electrum.blockstream.info
241920	0.32317376136779785	0.08637475967407227	electrum.blockstream.info
243936	0.3240022659301758	0.08711600303649902	electrum.blockstream.info
245952	0.32378196716308594	0.08670282363891602	electrum.blockstream.info
247968	0.32364535331726074	0.08770966529846191	electrum.blockstream.info
249984	0.32326745986938477	0.08762574195861816	electrum.blockstream.info
252000	0.32486581802368164	0.08640813827514648	electrum.blockstream.info
254016	0.48203492164611816	0.08646416664123535	electrum.blockstream.info
256032	0.48042988777160645	0.08720064163208008	electrum.blockstream.info
258048	0.4790654182434082	0.08632755279541016	electrum.blockstream.info
260064	0.32365894317626953	0.09103250503540039	electrum.blockstream.info
262080	0.3238179683685303	0.0884547233581543	electrum.blockstream.info
264096	0.32465481758117676	0.08705949783325195	electrum.blockstream.info
266112	0.3232753276824951	0.08678269386291504	electrum.blockstream.info
268128	0.3233184814453125	0.08733868598937988	electrum.blockstream.info
270144	0.323214054107666	0.08722496032714844	electrum.blockstream.info
272160	0.3239614963531494	0.08829593658447266	electrum.blockstream.info
274176	0.32426929473876953	0.08817768096923828	electrum.blockstream.info
276192	0.3242652416229248	0.08673882484436035	electrum.blockstream.info
278208	0.323636531829834	0.08770108222961426	electrum.blockstream.info
280224	0.3237295150756836	0.08824539184570312	electrum.blockstream.info
282240	0.3231947422027588	0.08834981918334961	electrum.blockstream.info
284256	0.32363080978393555	0.08813953399658203	electrum.blockstream.info
286272	0.32380151748657227	0.08805203437805176	electrum.blockstream.info
288288	0.3227658271789551	0.08919191360473633	electrum.blockstream.info
290304	0.32251429557800293	0.08736848831176758	electrum.blockstream.info
292320	0.32346415519714355	0.08809900283813477	electrum.blockstream.info
294336	0.32224512100219727	0.08849072456359863	electrum.blockstream.info
296352	0.3217625617980957	0.08930802345275879	electrum.blockstream.info
298368	0.3227558135986328	0.08852195739746094	electrum.blockstream.info
300384	0.32443690299987793	0.08798503875732422	electrum.blockstream.info
302400	0.32355451583862305	0.08802437782287598	electrum.blockstream.info
304416	0.3227992057800293	0.08853578567504883	electrum.blockstream.info
306432	0.3239002227783203	0.09339404106140137	electrum.blockstream.info
308448	0.32288026809692383	0.0879354476928711	electrum.blockstream.info
310464	0.32231664657592773	0.08817648887634277	electrum.blockstream.info
312480	0.32481837272644043	0.0887460708618164	electrum.blockstream.info
314496	0.3227226734161377	0.08818244934082031	electrum.blockstream.info
316512	0.3230123519897461	0.08805394172668457	electrum.blockstream.info
318528	0.32225894927978516	0.08739972114562988	electrum.blockstream.info
320544	0.3237876892089844	0.08868837356567383	electrum.blockstream.info
322560	0.32395386695861816	0.08795738220214844	electrum.blockstream.info
324576	0.32247495651245117	0.08735990524291992	electrum.blockstream.info
326592	0.32410335540771484	0.08823966979980469	electrum.blockstream.info
328608	0.32413721084594727	0.0880742073059082	electrum.blockstream.info
330624	0.3224215507507324	0.08768868446350098	electrum.blockstream.info
332640	0.32248544692993164	0.08777666091918945	electrum.blockstream.info
334656	0.3234703540802002	0.0874180793762207	electrum.blockstream.info
336672	0.3223531246185303	0.08782577514648438	electrum.blockstream.info
338688	0.32390689849853516	0.08840084075927734	electrum.blockstream.info
340704	0.322843074798584	0.08758187294006348	electrum.blockstream.info
342720	0.32372379302978516	0.08733630180358887	electrum.blockstream.info
344736	0.32283496856689453	0.08733677864074707	electrum.blockstream.info
346752	0.3231074810028076	0.09012532234191895	electrum.blockstream.info
348768	0.3247194290161133	0.0867915153503418	electrum.blockstream.info
350784	0.32312488555908203	0.08592438697814941	electrum.blockstream.info
352800	0.32464003562927246	0.09934282302856445	electrum.blockstream.info
354816	0.3263273239135742	0.0945892333984375	electrum.blockstream.info
356832	0.4792778491973877	0.08768439292907715	electrum.blockstream.info
358848	0.47924017906188965	0.08756899833679199	electrum.blockstream.info
360864	0.32257986068725586	0.08776664733886719	electrum.blockstream.info
362880	0.32311415672302246	0.08758163452148438	electrum.blockstream.info
364896	0.32333850860595703	0.08759188652038574	electrum.blockstream.info
366912	0.3242218494415283	0.08727049827575684	electrum.blockstream.info
368928	0.32344579696655273	0.08730506896972656	electrum.blockstream.info
370944	0.32266712188720703	0.08671784400939941	electrum.blockstream.info
372960	0.3222362995147705	0.08713483810424805	electrum.blockstream.info
374976	0.3225541114807129	0.08682632446289062	electrum.blockstream.info
376992	0.322615385055542	0.08730411529541016	electrum.blockstream.info
379008	0.32436037063598633	0.0875692367553711	electrum.blockstream.info
381024	0.3226892948150635	0.08754396438598633	electrum.blockstream.info
383040	0.32335829734802246	0.08733034133911133	electrum.blockstream.info
385056	0.3241705894470215	0.0876166820526123	electrum.blockstream.info
387072	0.3233523368835449	0.08761954307556152	electrum.blockstream.info
389088	0.3227415084838867	0.08665227890014648	electrum.blockstream.info
391104	0.3219640254974365	0.08707952499389648	electrum.blockstream.info
393120	0.32277750968933105	0.08720707893371582	electrum.blockstream.info
395136	0.32227301597595215	0.08794379234313965	electrum.blockstream.info
397152	0.32202577590942383	0.08683037757873535	electrum.blockstream.info
399168	0.32298946380615234	0.08791494369506836	electrum.blockstream.info
401184	0.32238030433654785	0.08794379234313965	electrum.blockstream.info
403200	0.3221547603607178	0.08804750442504883	electrum.blockstream.info
405216	0.37351131439208984	0.08916473388671875	electrum.blockstream.info
407232	0.47832536697387695	0.08769559860229492	electrum.blockstream.info
409248	0.32336926460266113	0.08687114715576172	electrum.blockstream.info
411264	0.32206058502197266	0.08792281150817871	electrum.blockstream.info
413280	0.3232743740081787	0.08773446083068848	electrum.blockstream.info
415296	0.3239760398864746	0.08733153343200684	electrum.blockstream.info
417312	0.32350802421569824	0.08710289001464844	electrum.blockstream.info
419328	0.32271814346313477	0.08748149871826172	electrum.blockstream.info
421344	0.3237030506134033	0.08703112602233887	electrum.blockstream.info
423360	0.3227560520172119	0.08765792846679688	electrum.blockstream.info
425376	0.3236536979675293	0.08775949478149414	electrum.blockstream.info
427392	0.3224461078643799	0.08622503280639648	electrum.blockstream.info
429408	0.32195329666137695	0.08727884292602539	electrum.blockstream.info
431424	0.32217860221862793	0.08845305442810059	electrum.blockstream.info
433440	0.32364678382873535	0.08803749084472656	electrum.blockstream.info
435456	0.3220512866973877	0.08844447135925293	electrum.blockstream.info
437472	0.32305002212524414	0.08902502059936523	electrum.blockstream.info
439488	0.47969841957092285	0.08859562873840332	electrum.blockstream.info
441504	0.48003721237182617	0.08733558654785156	electrum.blockstream.info
443520	0.4795079231262207	0.08758926391601562	electrum.blockstream.info
445536	0.48076415061950684	0.08754277229309082	electrum.blockstream.info
447552	0.47947025299072266	0.08966565132141113	electrum.blockstream.info
449568	0.4789552688598633	0.08828139305114746	electrum.blockstream.info
451584	0.32556724548339844	0.08875417709350586	electrum.blockstream.info
453600	0.32392454147338867	0.0869760513305664	electrum.blockstream.info
455616	0.32355737686157227	0.08787012100219727	electrum.blockstream.info
457632	0.324054479598999	0.08777356147766113	electrum.blockstream.info
459648	0.3232889175415039	0.08792757987976074	electrum.blockstream.info
461664	0.32361507415771484	0.08851099014282227	electrum.blockstream.info
463680	0.32276010513305664	0.0876462459564209	electrum.blockstream.info
465696	0.3232402801513672	0.08884525299072266	electrum.blockstream.info
467712	0.3229672908782959	0.08661961555480957	electrum.blockstream.info
469728	0.3225827217102051	0.08685564994812012	electrum.blockstream.info
471744	0.32216596603393555	0.08706927299499512	electrum.blockstream.info
473760	0.3221397399902344	0.08704352378845215	electrum.blockstream.info
475776	0.32231760025024414	0.08663678169250488	electrum.blockstream.info
477792	0.3240206241607666	0.09056687355041504	electrum.blockstream.info
479808	0.3221006393432617	0.08736205101013184	electrum.blockstream.info
481824	0.322800874710083	0.08752250671386719	electrum.blockstream.info
483840	0.323772668838501	0.08803987503051758	electrum.blockstream.info
485856	0.3239161968231201	0.08949685096740723	electrum.blockstream.info
487872	0.3240487575531006	0.08895182609558105	electrum.blockstream.info
489888	0.322908878326416	0.08780860900878906	electrum.blockstream.info
491904	0.3230435848236084	0.08854508399963379	electrum.blockstream.info
493920	0.32390427589416504	0.08790993690490723	electrum.blockstream.info
495936	0.3234391212463379	0.08695363998413086	electrum.blockstream.info
497952	0.32463669776916504	0.08793115615844727	electrum.blockstream.info
499968	0.323930025100708	0.08701944351196289	electrum.blockstream.info
501984	0.323225736618042	0.08630561828613281	electrum.blockstream.info
504000	0.32489490509033203	0.08635091781616211	electrum.blockstream.info
506016	0.32306456565856934	0.08641839027404785	electrum.blockstream.info
508032	0.3230273723602295	0.08811688423156738	electrum.blockstream.info
510048	0.3234696388244629	0.09000968933105469	electrum.blockstream.info
512064	0.3221311569213867	0.08736371994018555	electrum.blockstream.info
514080	0.3222784996032715	0.08876848220825195	electrum.blockstream.info
516096	0.3227088451385498	0.08911490440368652	electrum.blockstream.info
518112	0.32286930084228516	0.08672595024108887	electrum.blockstream.info
520128	0.32176661491394043	0.0868690013885498	electrum.blockstream.info
522144	0.3223412036895752	0.08652496337890625	electrum.blockstream.info
524160	0.3235464096069336	0.08762001991271973	electrum.blockstream.info
526176	0.3218362331390381	0.0868840217590332	electrum.blockstream.info
528192	0.3230550289154053	0.08751726150512695	electrum.blockstream.info
530208	0.3244140148162842	0.08744525909423828	electrum.blockstream.info
532224	0.32337474822998047	0.0867307186126709	electrum.blockstream.info
534240	0.3238973617553711	0.0873570442199707	electrum.blockstream.info
536256	0.32275843620300293	0.08801865577697754	electrum.blockstream.info
538272	0.3225820064544678	0.08717989921569824	electrum.blockstream.info
540288	0.32370901107788086	0.08662796020507812	electrum.blockstream.info
542304	0.47920703887939453	0.08740544319152832	electrum.blockstream.info
544320	0.47960495948791504	0.08821630477905273	electrum.blockstream.info
546336	0.4789865016937256	0.08669304847717285	electrum.blockstream.info
548352	0.3242521286010742	0.08717679977416992	electrum.blockstream.info
550368	0.32224392890930176	0.08701062202453613	electrum.blockstream.info
552384	0.32471585273742676	0.08594250679016113	electrum.blockstream.info
554400	0.3220658302307129	0.08604264259338379	electrum.blockstream.info
556416	0.32269763946533203	0.08633661270141602	electrum.blockstream.info
558432	0.322904109954834	0.08716464042663574	electrum.blockstream.info
560448	0.3251798152923584	0.08665060997009277	electrum.blockstream.info
562464	0.32570886611938477	0.08724784851074219	electrum.blockstream.info
564480	0.32359910011291504	0.08710265159606934	electrum.blockstream.info
566496	0.3227071762084961	0.08809995651245117	electrum.blockstream.info
568512	0.3252291679382324	0.08690166473388672	electrum.blockstream.info
570528	0.32292747497558594	0.08731794357299805	electrum.blockstream.info
572544	0.32418298721313477	0.08698773384094238	electrum.blockstream.info
574560	0.3241543769836426	0.08682942390441895	electrum.blockstream.info
576576	0.32366037368774414	0.08641338348388672	electrum.blockstream.info
578592	0.3233344554901123	0.08773040771484375	electrum.blockstream.info
580608	0.32270026206970215	0.08644342422485352	electrum.blockstream.info
582624	0.3249211311340332	0.08733057975769043	electrum.blockstream.info
584640	0.3245060443878174	0.08709263801574707	electrum.blockstream.info
586656	0.32332491874694824	0.08696627616882324	electrum.blockstream.info
588672	0.32279276847839355	0.08672070503234863	electrum.blockstream.info
590688	0.322368860244751	0.08669185638427734	electrum.blockstream.info
592704	0.32276320457458496	0.08728575706481934	electrum.blockstream.info
594720	0.32424426078796387	0.08682036399841309	electrum.blockstream.info
596736	0.323472261428833	0.08831167221069336	electrum.blockstream.info
598752	0.32434821128845215	0.08757233619689941	electrum.blockstream.info
600768	0.32460975646972656	0.0873422622680664	electrum.blockstream.info
602784	0.32352185249328613	0.08745932579040527	electrum.blockstream.info
604800	0.32309603691101074	0.08725285530090332	electrum.blockstream.info
606816	0.3235287666320801	0.08794641494750977	electrum.blockstream.info
608832	0.3230009078979492	0.08722281455993652	electrum.blockstream.info
610848	0.32195210456848145	0.08734631538391113	electrum.blockstream.info
612864	0.32242798805236816	0.08838129043579102	electrum.blockstream.info
614880	0.4797186851501465	0.08778047561645508	electrum.blockstream.info
616896	0.4801197052001953	0.08764100074768066	electrum.blockstream.info
618912	0.48086071014404297	0.08766698837280273	electrum.blockstream.info
620928	0.32273244857788086	0.08857154846191406	electrum.blockstream.info
622944	0.3241889476776123	0.08826231956481934	electrum.blockstream.info
624960	0.3224351406097412	0.08832979202270508	electrum.blockstream.info
626976	0.3226909637451172	0.08838915824890137	electrum.blockstream.info
628992	0.322110652923584	0.08797025680541992	electrum.blockstream.info
631008	0.32415103912353516	0.08823251724243164	electrum.blockstream.info
633024	0.32317471504211426	0.08906912803649902	electrum.blockstream.info
635040	0.3234255313873291	0.08880186080932617	electrum.blockstream.info
637056	0.3222229480743408	0.08729887008666992	electrum.blockstream.info
639072	0.32431530952453613	0.08900284767150879	electrum.blockstream.info
641088	0.32204151153564453	0.08754563331604004	electrum.blockstream.info
643104	0.32463669776916504	0.08730006217956543	electrum.blockstream.info
645120	0.32251572608947754	0.08927488327026367	electrum.blockstream.info
647136	0.3230271339416504	0.0874168872833252	electrum.blockstream.info
649152	0.32328033447265625	0.08814215660095215	electrum.blockstream.info
651168	0.3218040466308594	0.08788084983825684	electrum.blockstream.info
653184	0.3220398426055908	0.08823394775390625	electrum.blockstream.info
655200	0.32373785972595215	0.08941459655761719	electrum.blockstream.info
657216	0.3204686641693115	0.05593705177307129	electrum.blockstream.info
