1	0.8238365650177002	0.08740091323852539	electrum.blockstream.info
2016	0.33548617362976074	0.08920097351074219	electrum.blockstream.info
4032	0.3354518413543701	0.08880448341369629	electrum.blockstream.info
6048	0.33527660369873047	0.08908486366271973	electrum.blockstream.info
8064	0.33568406105041504	0.08914613723754883	electrum.blockstream.info
10080	0.3343844413757324	0.08901572227478027	electrum.blockstream.info
12096	0.497769832611084	0.08951544761657715	electrum.blockstream.info
14112	0.3343079090118408	0.0887298583984375	electrum.blockstream.info
16128	0.33589601516723633	0.08822250366210938	electrum.blockstream.info
18144	0.3346390724182129	0.08978652954101562	electrum.blockstream.info
20160	0.33403468132019043	0.08936095237731934	electrum.blockstream.info
22176	0.3343696594238281	0.088897705078125	electrum.blockstream.info
24192	0.49613332748413086	0.08933353424072266	electrum.blockstream.info
26208	0.49608802795410156	0.08796167373657227	electrum.blockstream.info
28224	0.33607983589172363	0.08905506134033203	electrum.blockstream.info
30240	0.33426594734191895	0.08899664878845215	electrum.blockstream.info
32256	0.33408284187316895	0.15027785301208496	electrum.blockstream.info
34272	0.3356947898864746	0.18107295036315918	electrum.blockstream.info
36288	0.33499884605407715	0.08977818489074707	electrum.blockstream.info
38304	0.33475160598754883	0.08877730369567871	electrum.blockstream.info
40320	0.33598899841308594	0.08820867538452148	electrum.blockstream.info
42336	0.33415699005126953	0.08682799339294434	electrum.blockstream.info
44352	0.33379077911376953	0.08883452415466309	electrum.blockstream.info
46368	0.3347814083099365	0.08846902847290039	electrum.blockstream.info
48384	0.3351895809173584	0.08844327926635742	electrum.blockstream.info
50400	0.33368921279907227	0.08822369575500488	electrum.blockstream.info
52416	0.3346529006958008	0.08832073211669922	electrum.blockstream.info
54432	0.3339107036590576	0.0881962776184082	electrum.blockstream.info
56448	0.33400440216064453	0.0882110595703125	electrum.blockstream.info
58464	0.33450770378112793	0.08798742294311523	electrum.blockstream.info
60480	0.3347482681274414	0.0877528190612793	electrum.blockstream.info
62496	0.33365464210510254	0.08827829360961914	electrum.blockstream.info
64512	0.33377790451049805	0.08800554275512695	electrum.blockstream.info
66528	0.33668065071105957	0.08848261833190918	electrum.blockstream.info
68544	0.3357710838317871	0.0880436897277832	electrum.blockstream.info
70560	0.33388638496398926	0.0872340202331543	electrum.blockstream.info
72576	0.33522582054138184	0.08956646919250488	electrum.blockstream.info
74592	0.3349592685699463	0.08917236328125	electrum.blockstream.info
76608	0.3341994285583496	0.08843302726745605	electrum.blockstream.info
78624	0.33371663093566895	0.0892784595489502	electrum.blockstream.info
80640	0.33565521240234375	0.08909368515014648	electrum.blockstream.info
82656	0.333909273147583	0.08938431739807129	electrum.blockstream.info
84672	0.3343513011932373	0.08976125717163086	electrum.blockstream.info
86688	0.3354489803314209	0.08951473236083984	electrum.blockstream.info
88704	0.33521127700805664	0.08940768241882324	electrum.blockstream.info
90720	0.3353450298309326	0.08977723121643066	electrum.blockstream.info
92736	0.33411622047424316	0.08903932571411133	electrum.blockstream.info
94752	0.3340260982513428	0.0884866714477539	electrum.blockstream.info
96768	0.3344254493713379	0.09000921249389648	electrum.blockstream.info
98784	0.3351001739501953	0.08907961845397949	electrum.blockstream.info
100800	0.3350381851196289	0.08800697326660156	electrum.blockstream.info
102816	0.336958646774292	0.08875560760498047	electrum.blockstream.info
104832	0.3352835178375244	0.08879780769348145	electrum.blockstream.info
106848	0.3353848457336426	0.08973193168640137	electrum.blockstream.info
108864	0.33501315116882324	0.08837366104125977	electrum.blockstream.info
110880	0.4968588352203369	0.08942699432373047	electrum.blockstream.info
112896	0.4972262382507324	0.09042787551879883	electrum.blockstream.info
114912	0.3368566036224365	0.09019351005554199	electrum.blockstream.info
116928	0.33423590660095215	0.0907440185546875	electrum.blockstream.info
118944	0.33475303649902344	0.0896449089050293	electrum.blockstream.info
120960	0.33503293991088867	0.08956575393676758	electrum.blockstream.info
122976	0.33563780784606934	0.09354686737060547	electrum.blockstream.info
124992	0.33507871627807617	0.08913540840148926	electrum.blockstream.info
127008	0.3353121280670166	0.08991432189941406	electrum.blockstream.info
129024	0.3354496955871582	0.08960342407226562	electrum.blockstream.info
131040	0.3350815773010254	0.09282302856445312	electrum.blockstream.info
133056	0.33475351333618164	0.09115409851074219	electrum.blockstream.info
135072	0.33523082733154297	0.08944368362426758	electrum.blockstream.info
137088	0.3351144790649414	0.08959817886352539	electrum.blockstream.info
139104	0.3373277187347412	0.0896294116973877	electrum.blockstream.info
141120	0.33727312088012695	0.08903360366821289	electrum.blockstream.info
143136	0.3345794677734375	0.09072184562683105	electrum.blockstream.info
145152	0.4972972869873047	0.0895531177520752	electrum.blockstream.info
147168	0.4963798522949219	0.08975529670715332	electrum.blockstream.info
149184	0.4965810775756836	0.08972430229187012	electrum.blockstream.info
151200	0.4971327781677246	0.09001040458679199	electrum.blockstream.info
153216	0.3342869281768799	0.08957123756408691	electrum.blockstream.info
155232	0.3357272148132324	0.08933424949645996	electrum.blockstream.info
157248	0.33493733406066895	0.08959364891052246	electrum.blockstream.info
159264	0.33414554595947266	0.09060144424438477	electrum.blockstream.info
161280	0.3350491523742676	0.08989405632019043	electrum.blockstream.info
163296	0.3360462188720703	0.0899205207824707	electrum.blockstream.info
165312	0.3358755111694336	0.09054183959960938	electrum.blockstream.info
167328	0.3349125385284424	0.08983254432678223	electrum.blockstream.info
169344	0.3346724510192871	0.08968496322631836	electrum.blockstream.info
171360	0.3345654010772705	0.0898435115814209	electrum.blockstream.info
173376	0.33470892906188965	0.08939099311828613	electrum.blockstream.info
175392	0.3357861042022705	0.09036016464233398	electrum.blockstream.info
177408	0.33414244651794434	0.08870506286621094	electrum.blockstream.info
179424	0.3347432613372803	0.08908843994140625	electrum.blockstream.info
181440	0.3340327739715576	0.08888387680053711	electrum.blockstream.info
183456	0.33461618423461914	0.08932065963745117	electrum.blockstream.info
185472	0.3339972496032715	0.08950209617614746	electrum.blockstream.info
187488	0.33384013175964355	0.08922076225280762	electrum.blockstream.info
189504	0.33665919303894043	0.08980226516723633	electrum.blockstream.info
191520	0.33466196060180664	0.08929729461669922	electrum.blockstream.info
193536	0.33540868759155273	0.08950543403625488	electrum.blockstream.info
195552	0.337200403213501	0.09097480773925781	electrum.blockstream.info
197568	0.33481836318969727	0.08972311019897461	electrum.blockstream.info
199584	0.33516669273376465	0.0901181697845459	electrum.blockstream.info
201600	0.335878849029541	0.09059858322143555	electrum.blockstream.info
203616	0.335390567779541	0.08925008773803711	electrum.blockstream.info
205632	0.3357095718383789	0.09133267402648926	electrum.blockstream.info
207648	0.33528566360473633	0.08874702453613281	electrum.blockstream.info
209664	0.33635616302490234	0.09049773216247559	electrum.blockstream.info
211680	0.33609986305236816	0.08871698379516602	electrum.blockstream.info
213696	0.33451008796691895	0.08939838409423828	electrum.blockstream.info
215712	0.33425140380859375	0.08915543556213379	electrum.blockstream.info
217728	0.33663105964660645	0.0890054702758789	electrum.blockstream.info
219744	0.3359100818634033	0.08957457542419434	electrum.blockstream.info
221760	0.3361947536468506	0.08924126625061035	electrum.blockstream.info
223776	0.3361084461212158	0.08969736099243164	electrum.blockstream.info
225792	0.33567047119140625	0.08975625038146973	electrum.blockstream.info
227808	0.3354654312133789	0.08942580223083496	electrum.blockstream.info
229824	0.33596158027648926	0.08909821510314941	electrum.blockstream.info
231840	0.33568716049194336	0.09048724174499512	electrum.blockstream.info
233856	0.3358500003814697	0.08956336975097656	electrum.blockstream.info
235872	0.3356587886810303	0.09597921371459961	electrum.blockstream.info
237888	0.3366575241088867	0.08940982818603516	electrum.blockstream.info
239904	0.3379511833190918	0.08989262580871582	electrum.blockstream.info
241920	0.3352842330932617	0.09023880958557129	electrum.blockstream.info
243936	0.4958629608154297	0.0904850959777832	electrum.blockstream.info
245952	0.33490562438964844	0.08994817733764648	electrum.blockstream.info
247968	0.3371396064758301	0.09137797355651855	electrum.blockstream.info
249984	0.3349266052246094	0.08997249603271484	electrum.blockstream.info
252000	0.3353259563446045	0.08993935585021973	electrum.blockstream.info
254016	0.33649110794067383	0.08980536460876465	electrum.blockstream.info
256032	0.33556222915649414	0.08937335014343262	electrum.blockstream.info
258048	0.33538055419921875	0.08955216407775879	electrum.blockstream.info
260064	0.33559465408325195	0.09013056755065918	electrum.blockstream.info
262080	0.33611154556274414	0.09016108512878418	electrum.blockstream.info
264096	0.33484649658203125	0.08986353874206543	electrum.blockstream.info
266112	0.49755167961120605	0.08938050270080566	electrum.blockstream.info
268128	0.496013879776001	0.09136438369750977	electrum.blockstream.info
270144	0.3355886936187744	0.0910806655883789	electrum.blockstream.info
272160	0.33588528633117676	0.09039974212646484	electrum.blockstream.info
274176	0.3361492156982422	0.09043025970458984	electrum.blockstream.info
276192	0.33602213859558105	0.09023690223693848	electrum.blockstream.info
278208	0.3343672752380371	0.08979940414428711	electrum.blockstream.info
280224	0.33533453941345215	0.08990025520324707	electrum.blockstream.info
282240	0.3347439765930176	0.09006047248840332	electrum.blockstream.info
284256	0.33539700508117676	0.09004735946655273	electrum.blockstream.info
286272	0.3355872631072998	0.09059524536132812	electrum.blockstream.info
288288	0.3372151851654053	0.08913373947143555	electrum.blockstream.info
290304	0.3373405933380127	0.08942699432373047	electrum.blockstream.info
292320	0.3362448215484619	0.09096407890319824	electrum.blockstream.info
294336	0.3352816104888916	0.0903024673461914	electrum.blockstream.info
296352	0.3358786106109619	0.09032845497131348	electrum.blockstream.info
298368	0.3345482349395752	0.09102129936218262	electrum.blockstream.info
300384	0.33719539642333984	0.09304428100585938	electrum.blockstream.info
302400	0.3349781036376953	0.09009289741516113	electrum.blockstream.info
304416	0.33370471000671387	0.09021186828613281	electrum.blockstream.info
306432	0.3349926471710205	0.09108471870422363	electrum.blockstream.info
308448	0.3353700637817383	0.09079718589782715	electrum.blockstream.info
310464	0.3351452350616455	0.09067487716674805	electrum.blockstream.info
312480	0.3356609344482422	0.09029483795166016	electrum.blockstream.info
314496	0.33573341369628906	0.09029364585876465	electrum.blockstream.info
316512	0.33467793464660645	0.0938730239868164	electrum.blockstream.info
318528	0.33437657356262207	0.09050798416137695	electrum.blockstream.info
320544	0.33520936965942383	0.0913386344909668	electrum.blockstream.info
322560	0.334644079208374	0.09015178680419922	electrum.blockstream.info
324576	0.3357710838317871	0.0894021987915039	electrum.blockstream.info
326592	0.3355720043182373	0.0903477668762207	electrum.blockstream.info
328608	0.33483004570007324	0.09043622016906738	electrum.blockstream.info
330624	0.3343479633331299	0.09025025367736816	electrum.blockstream.info
332640	0.3353426456451416	0.09153151512145996	electrum.blockstream.info
334656	0.33534812927246094	0.08949518203735352	electrum.blockstream.info
336672	0.33745288848876953	0.09048175811767578	electrum.blockstream.info
338688	0.3342616558074951	0.09044837951660156	electrum.blockstream.info
340704	0.33484745025634766	0.09174823760986328	electrum.blockstream.info
342720	0.33467602729797363	0.0918271541595459	electrum.blockstream.info
344736	0.3358321189880371	0.09105467796325684	electrum.blockstream.info
346752	0.33437347412109375	0.09136629104614258	electrum.blockstream.info
348768	0.5006983280181885	0.09037303924560547	electrum.blockstream.info
350784	0.4975442886352539	0.08905601501464844	electrum.blockstream.info
352800	0.3348276615142822	0.09162497520446777	electrum.blockstream.info
354816	0.33411121368408203	0.09001588821411133	electrum.blockstream.info
356832	0.33545422554016113	0.09084105491638184	electrum.blockstream.info
358848	0.3356354236602783	0.08996772766113281	electrum.blockstream.info
360864	0.3344247341156006	0.09006094932556152	electrum.blockstream.info
362880	0.334688663482666	0.09075021743774414	electrum.blockstream.info
364896	0.3362255096435547	0.09076547622680664	electrum.blockstream.info
366912	0.33563780784606934	0.09126448631286621	electrum.blockstream.info
368928	0.3359205722808838	0.09062504768371582	electrum.blockstream.info
370944	0.49857592582702637	0.08970522880554199	electrum.blockstream.info
372960	0.49860668182373047	0.09125733375549316	electrum.blockstream.info
374976	0.496934175491333	0.09049868583679199	electrum.blockstream.info
376992	0.49750733375549316	0.08983445167541504	electrum.blockstream.info
379008	0.4967360496520996	0.09178638458251953	electrum.blockstream.info
381024	0.3355832099914551	0.09047698974609375	electrum.blockstream.info
383040	0.3346395492553711	0.09075117111206055	electrum.blockstream.info
385056	0.33591341972351074	0.09052729606628418	electrum.blockstream.info
387072	0.367175817489624	0.08983349800109863	electrum.blockstream.info
389088	0.3364217281341553	0.09067893028259277	electrum.blockstream.info
391104	0.33591198921203613	0.09033012390136719	electrum.blockstream.info
393120	0.3341991901397705	0.08942484855651855	electrum.blockstream.info
395136	0.33385777473449707	0.09034371376037598	electrum.blockstream.info
397152	0.334439754486084	0.08932614326477051	electrum.blockstream.info
399168	0.33590149879455566	0.09129142761230469	electrum.blockstream.info
401184	0.3359053134918213	0.0895993709564209	electrum.blockstream.info
403200	0.3350949287414551	0.09097552299499512	electrum.blockstream.info
405216	0.3356447219848633	0.09115743637084961	electrum.blockstream.info
407232	0.33478856086730957	0.09015512466430664	electrum.blockstream.info
409248	0.3365647792816162	0.09120917320251465	electrum.blockstream.info
411264	0.3369779586791992	0.09081602096557617	electrum.blockstream.info
413280	0.33573246002197266	0.09021520614624023	electrum.blockstream.info
415296	0.3349013328552246	0.09017682075500488	electrum.blockstream.info
417312	0.33530735969543457	0.09040188789367676	electrum.blockstream.info
419328	0.33562397956848145	0.09069156646728516	electrum.blockstream.info
421344	0.3352773189544678	0.09118390083312988	electrum.blockstream.info
423360	0.3359091281890869	0.09184527397155762	electrum.blockstream.info
425376	0.33655810356140137	0.09115171432495117	electrum.blockstream.info
427392	0.33511781692504883	0.09191274642944336	electrum.blockstream.info
429408	0.33525729179382324	0.0923161506652832	electrum.blockstream.info
431424	0.3353574275970459	0.09224414825439453	electrum.blockstream.info
433440	0.3379817008972168	0.09123659133911133	electrum.blockstream.info
435456	0.335338830947876	0.09138345718383789	electrum.blockstream.info
437472	0.3359558582305908	0.09062552452087402	electrum.blockstream.info
439488	0.33545732498168945	0.09018969535827637	electrum.blockstream.info
441504	0.3348090648651123	0.0885019302368164	electrum.blockstream.info
443520	0.3353452682495117	0.08863449096679688	electrum.blockstream.info
445536	0.3348877429962158	0.09040403366088867	electrum.blockstream.info
447552	0.33472442626953125	0.09056210517883301	electrum.blockstream.info
449568	0.3341057300567627	0.08978414535522461	electrum.blockstream.info
451584	0.3350405693054199	0.09059405326843262	electrum.blockstream.info
453600	0.33437156677246094	0.08832907676696777	electrum.blockstream.info
455616	0.3342752456665039	0.08848357200622559	electrum.blockstream.info
457632	0.33414411544799805	0.09034395217895508	electrum.blockstream.info
459648	0.33679962158203125	0.08996343612670898	electrum.blockstream.info
461664	0.3359336853027344	0.08982110023498535	electrum.blockstream.info
463680	0.5002026557922363	0.09187841415405273	electrum.blockstream.info
465696	0.4965648651123047	0.08856654167175293	electrum.blockstream.info
467712	0.3353712558746338	0.08922576904296875	electrum.blockstream.info
469728	0.3355395793914795	0.08922934532165527	electrum.blockstream.info
471744	0.3356776237487793	0.09110474586486816	electrum.blockstream.info
473760	0.3354005813598633	0.08999109268188477	electrum.blockstream.info
475776	0.4985198974609375	0.09031224250793457	electrum.blockstream.info
477792	0.49753904342651367	0.09042716026306152	electrum.blockstream.info
479808	0.5004367828369141	0.09023308753967285	electrum.blockstream.info
481824	0.4977853298187256	0.09041047096252441	electrum.blockstream.info
483840	0.4962170124053955	0.08965802192687988	electrum.blockstream.info
485856	0.3343639373779297	0.09094405174255371	electrum.blockstream.info
487872	0.33426427841186523	0.09116768836975098	electrum.blockstream.info
489888	0.3344693183898926	0.09073543548583984	electrum.blockstream.info
491904	0.33448266983032227	0.09084177017211914	electrum.blockstream.info
493920	0.3354768753051758	0.09066224098205566	electrum.blockstream.info
495936	0.335857629776001	0.09095120429992676	electrum.blockstream.info
497952	0.3356046676635742	0.09134864807128906	electrum.blockstream.info
499968	0.3349728584289551	0.09161162376403809	electrum.blockstream.info
501984	0.3341858386993408	0.09126400947570801	electrum.blockstream.info
504000	0.334911584854126	0.09096598625183105	electrum.blockstream.info
506016	0.334364652633667	0.09041619300842285	electrum.blockstream.info
508032	0.33443188667297363	0.09107351303100586	electrum.blockstream.info
510048	0.3345968723297119	0.09148979187011719	electrum.blockstream.info
512064	0.33431339263916016	0.0903623104095459	electrum.blockstream.info
514080	0.3346989154815674	0.08987641334533691	electrum.blockstream.info
516096	0.33564043045043945	0.09615492820739746	electrum.blockstream.info
518112	0.3360457420349121	0.0895528793334961	electrum.blockstream.info
520128	0.33492445945739746	0.09060811996459961	electrum.blockstream.info
522144	0.3346083164215088	0.09110140800476074	electrum.blockstream.info
524160	0.33425354957580566	0.09104490280151367	electrum.blockstream.info
526176	0.3343088626861572	0.0913994312286377	electrum.blockstream.info
528192	0.33582353591918945	0.09126043319702148	electrum.blockstream.info
530208	0.33510398864746094	0.09096956253051758	electrum.blockstream.info
532224	0.33498597145080566	0.09105539321899414	electrum.blockstream.info
534240	0.3344442844390869	0.09107112884521484	electrum.blockstream.info
536256	0.33488035202026367	0.09025979042053223	electrum.blockstream.info
538272	0.3352928161621094	0.08984947204589844	electrum.blockstream.info
540288	0.33582377433776855	0.0908193588256836	electrum.blockstream.info
542304	0.3341641426086426	0.09218072891235352	electrum.blockstream.info
544320	0.3366820812225342	0.09025430679321289	electrum.blockstream.info
546336	0.3351011276245117	0.08942770957946777	electrum.blockstream.info
548352	0.3354654312133789	0.09013533592224121	electrum.blockstream.info
550368	0.33435726165771484	0.089935302734375	electrum.blockstream.info
552384	0.3342890739440918	0.0901036262512207	electrum.blockstream.info
554400	0.335573673248291	0.09055590629577637	electrum.blockstream.info
556416	0.33425259590148926	0.09201169013977051	electrum.blockstream.info
558432	0.333935022354126	0.09144258499145508	electrum.blockstream.info
560448	0.3342132568359375	0.09168004989624023	electrum.blockstream.info
562464	0.33385181427001953	0.09164881706237793	electrum.blockstream.info
564480	0.4962155818939209	0.0909414291381836	electrum.blockstream.info
566496	0.49642181396484375	0.09170103073120117	electrum.blockstream.info
568512	0.3346850872039795	0.09115958213806152	electrum.blockstream.info
570528	0.3350081443786621	0.09214472770690918	electrum.blockstream.info
572544	0.3344738483428955	0.09009408950805664	electrum.blockstream.info
574560	0.3345627784729004	0.09024739265441895	electrum.blockstream.info
576576	0.33389830589294434	0.09113693237304688	electrum.blockstream.info
578592	0.33418798446655273	0.09061288833618164	electrum.blockstream.info
580608	0.3338029384613037	0.09108352661132812	electrum.blockstream.info
582624	0.3349432945251465	0.09131145477294922	electrum.blockstream.info
584640	0.3357658386230469	0.09071135520935059	electrum.blockstream.info
586656	0.33563804626464844	0.0906076431274414	electrum.blockstream.info
588672	0.3348426818847656	0.09187102317810059	electrum.blockstream.info
590688	0.3338794708251953	0.09111571311950684	electrum.blockstream.info
592704	0.33452701568603516	0.09180974960327148	electrum.blockstream.info
594720	0.3338615894317627	0.09107303619384766	electrum.blockstream.info
596736	0.4972107410430908	0.09087705612182617	electrum.blockstream.info
598752	0.49801039695739746	0.09152364730834961	electrum.blockstream.info
600768	0.4975466728210449	0.09049367904663086	electrum.blockstream.info
602784	0.3350980281829834	0.09055352210998535	electrum.blockstream.info
604800	0.3341548442840576	0.09218955039978027	electrum.blockstream.info
606816	0.3343923091888428	0.09244561195373535	electrum.blockstream.info
608832	0.3343980312347412	0.09176445007324219	electrum.blockstream.info
610848	0.33499765396118164	0.09184980392456055	electrum.blockstream.info
612864	0.33466076850891113	0.09044742584228516	electrum.blockstream.info
614880	0.3346710205078125	0.09134173393249512	electrum.blockstream.info
616896	0.33440709114074707	0.09093856811523438	electrum.blockstream.info
618912	0.3356795310974121	0.09142255783081055	electrum.blockstream.info
620928	0.335843563079834	0.09161853790283203	electrum.blockstream.info
622944	0.33553290367126465	0.09087800979614258	electrum.blockstream.info
624960	0.33529090881347656	0.08994722366333008	electrum.blockstream.info
626976	0.3364231586456299	0.08994174003601074	electrum.blockstream.info
628992	0.33501172065734863	0.09119915962219238	electrum.blockstream.info
631008	0.3355386257171631	0.09004354476928711	electrum.blockstream.info
633024	0.3361802101135254	0.09080052375793457	electrum.blockstream.info
635040	0.33592844009399414	0.0904090404510498	electrum.blockstream.info
637056	0.33522891998291016	0.0915372371673584	electrum.blockstream.info
639072	0.33452415466308594	0.09041714668273926	electrum.blockstream.info
641088	0.33460426330566406	0.0916600227355957	electrum.blockstream.info
643104	0.33476948738098145	0.09072685241699219	electrum.blockstream.info
645120	0.3341403007507324	0.09143352508544922	electrum.blockstream.info
647136	0.3355381488800049	0.09074640274047852	electrum.blockstream.info
649152	0.33547306060791016	0.09106612205505371	electrum.blockstream.info
651168	0.33588528633117676	0.0903317928314209	electrum.blockstream.info
653184	0.33456993103027344	0.09087538719177246	electrum.blockstream.info
655200	0.3352499008178711	0.0900719165802002	electrum.blockstream.info
657216	0.33251023292541504	0.05812549591064453	electrum.blockstream.info
