1	0.6205720901489258	0.08681678771972656	blockstream.info
2016	0.35500407218933105	0.08583831787109375	blockstream.info
4032	0.37440013885498047	0.08762073516845703	blockstream.info
6048	0.36418938636779785	0.08793163299560547	blockstream.info
8064	0.32954835891723633	0.08688569068908691	blockstream.info
10080	0.3063075542449951	0.08828330039978027	blockstream.info
12096	0.2995340824127197	0.08758020401000977	blockstream.info
14112	0.28620362281799316	0.08783745765686035	blockstream.info
16128	0.27002859115600586	0.0877828598022461	blockstream.info
18144	0.2625393867492676	0.08898329734802246	blockstream.info
20160	0.25851893424987793	0.0880129337310791	blockstream.info
22176	0.25914430618286133	0.08940911293029785	blockstream.info
24192	0.259458065032959	0.08765816688537598	blockstream.info
26208	0.2587270736694336	0.08800387382507324	blockstream.info
28224	0.2531752586364746	0.08857488632202148	blockstream.info
30240	0.2451775074005127	0.08719015121459961	blockstream.info
32256	0.24319744110107422	0.08870959281921387	blockstream.info
34272	0.24446558952331543	0.0872960090637207	blockstream.info
36288	0.24409985542297363	0.08784055709838867	blockstream.info
38304	0.2441859245300293	0.08786606788635254	blockstream.info
40320	0.24210357666015625	0.08567452430725098	blockstream.info
42336	0.24013257026672363	0.17553329467773438	blockstream.info
44352	0.2410116195678711	0.17487549781799316	blockstream.info
46368	0.24005341529846191	0.0862274169921875	blockstream.info
48384	0.2413311004638672	0.08564567565917969	blockstream.info
50400	0.24225497245788574	0.08634734153747559	blockstream.info
52416	0.2393660545349121	0.08644556999206543	blockstream.info
54432	0.24158501625061035	0.08627891540527344	blockstream.info
56448	0.24100875854492188	0.08702349662780762	blockstream.info
58464	0.24160337448120117	0.08694744110107422	blockstream.info
60480	0.24182486534118652	0.08598566055297852	blockstream.info
62496	0.24180030822753906	0.08756256103515625	blockstream.info
64512	0.24214458465576172	0.08731579780578613	blockstream.info
66528	0.24183416366577148	0.08704733848571777	blockstream.info
68544	0.24033713340759277	0.08743906021118164	blockstream.info
70560	0.24213767051696777	0.08753442764282227	blockstream.info
72576	0.24198412895202637	0.0888066291809082	blockstream.info
74592	0.2406294345855713	0.08846259117126465	blockstream.info
76608	0.2411363124847412	0.08817362785339355	blockstream.info
78624	0.2398090362548828	0.08742713928222656	blockstream.info
80640	0.24118471145629883	0.08832168579101562	blockstream.info
82656	0.24107575416564941	0.08777475357055664	blockstream.info
84672	0.24101948738098145	0.08729338645935059	blockstream.info
86688	0.24109292030334473	0.0875239372253418	blockstream.info
88704	0.24121761322021484	0.08890485763549805	blockstream.info
90720	0.24334335327148438	0.0877838134765625	blockstream.info
92736	0.24426937103271484	0.08776736259460449	blockstream.info
94752	0.24556684494018555	0.0894784927368164	blockstream.info
96768	0.24414753913879395	0.08854460716247559	blockstream.info
98784	0.24358391761779785	0.08802151679992676	blockstream.info
100800	0.24164557456970215	0.08802342414855957	blockstream.info
102816	0.24126243591308594	0.08782672882080078	blockstream.info
104832	0.24155616760253906	0.08758044242858887	blockstream.info
106848	0.24225091934204102	0.0874490737915039	blockstream.info
108864	0.24181342124938965	0.08836674690246582	blockstream.info
110880	0.24132490158081055	0.08873462677001953	blockstream.info
112896	0.24222564697265625	0.0900735855102539	blockstream.info
114912	0.2399296760559082	0.09027314186096191	blockstream.info
116928	0.24163055419921875	0.09036779403686523	blockstream.info
118944	0.24193525314331055	0.08980202674865723	blockstream.info
120960	0.2417750358581543	0.08994793891906738	blockstream.info
122976	0.24199962615966797	0.08871054649353027	blockstream.info
124992	0.24205255508422852	0.08775019645690918	blockstream.info
127008	0.2421720027923584	0.08756661415100098	blockstream.info
129024	0.24124765396118164	0.0886375904083252	blockstream.info
131040	0.23978590965270996	0.08837723731994629	blockstream.info
133056	0.24138259887695312	0.08810210227966309	blockstream.info
135072	0.24189186096191406	0.08855485916137695	blockstream.info
137088	0.2418503761291504	0.08851408958435059	blockstream.info
139104	0.24074769020080566	0.08842802047729492	blockstream.info
141120	0.24048280715942383	0.088409423828125	blockstream.info
143136	0.24163126945495605	0.08878970146179199	blockstream.info
145152	0.2410726547241211	0.0886240005493164	blockstream.info
147168	0.24264907836914062	0.08910274505615234	blockstream.info
149184	0.24196171760559082	0.08858990669250488	blockstream.info
151200	0.23951292037963867	0.08826017379760742	blockstream.info
153216	0.24330353736877441	0.08918190002441406	blockstream.info
155232	0.24181175231933594	0.08849740028381348	blockstream.info
157248	0.24189138412475586	0.08845090866088867	blockstream.info
159264	0.24174046516418457	0.08770871162414551	blockstream.info
161280	0.23923635482788086	0.08874678611755371	blockstream.info
163296	0.24027681350708008	0.0909423828125	blockstream.info
165312	0.2418990135192871	0.08882451057434082	blockstream.info
167328	0.24167895317077637	0.08956766128540039	blockstream.info
169344	0.24108338356018066	0.08768415451049805	blockstream.info
171360	0.24265789985656738	0.09375405311584473	blockstream.info
173376	0.2414097785949707	0.08777952194213867	blockstream.info
175392	0.24129509925842285	0.08692812919616699	blockstream.info
177408	0.24092316627502441	0.08654356002807617	blockstream.info
179424	0.24184179306030273	0.08727407455444336	blockstream.info
181440	0.24168825149536133	0.08670926094055176	blockstream.info
183456	0.24149680137634277	0.08858752250671387	blockstream.info
185472	0.24140501022338867	0.08804655075073242	blockstream.info
187488	0.2428896427154541	0.08756804466247559	blockstream.info
189504	0.24189209938049316	0.08857941627502441	blockstream.info
191520	0.24118375778198242	0.08868861198425293	blockstream.info
193536	0.2400341033935547	0.08847880363464355	blockstream.info
195552	0.24189162254333496	0.08788824081420898	blockstream.info
197568	0.24178671836853027	0.0882570743560791	blockstream.info
199584	0.24190020561218262	0.08842992782592773	blockstream.info
201600	0.24175715446472168	0.08885741233825684	blockstream.info
203616	0.24137139320373535	0.08858513832092285	blockstream.info
205632	0.24283242225646973	0.09035706520080566	blockstream.info
207648	0.23971033096313477	0.08737707138061523	blockstream.info
209664	0.24136710166931152	0.08871054649353027	blockstream.info
211680	0.24085044860839844	0.0876014232635498	blockstream.info
213696	0.24103713035583496	0.08897686004638672	blockstream.info
215712	0.24184179306030273	0.08806729316711426	blockstream.info
217728	0.24125003814697266	0.08773088455200195	blockstream.info
219744	0.24133014678955078	0.08758854866027832	blockstream.info
221760	0.24398183822631836	0.08935403823852539	blockstream.info
223776	0.24169325828552246	0.08801698684692383	blockstream.info
225792	0.24133944511413574	0.08838367462158203	blockstream.info
227808	0.2401294708251953	0.0882575511932373	blockstream.info
229824	0.24130797386169434	0.08874034881591797	blockstream.info
231840	0.24170255661010742	0.08868098258972168	blockstream.info
233856	0.24116110801696777	0.08841228485107422	blockstream.info
235872	0.2417311668395996	0.08861184120178223	blockstream.info
237888	0.24109745025634766	0.09005880355834961	blockstream.info
239904	0.24218511581420898	0.08802318572998047	blockstream.info
241920	0.2418529987335205	0.09125280380249023	blockstream.info
243936	0.23955798149108887	0.08997559547424316	blockstream.info
245952	0.24142217636108398	0.08974552154541016	blockstream.info
247968	0.24199795722961426	0.09209656715393066	blockstream.info
249984	0.24019980430603027	0.08894848823547363	blockstream.info
252000	0.24199724197387695	0.08930373191833496	blockstream.info
254016	0.24186921119689941	0.09097862243652344	blockstream.info
256032	0.2421560287475586	0.08945250511169434	blockstream.info
258048	0.24180054664611816	0.0896303653717041	blockstream.info
260064	0.24134278297424316	0.08918356895446777	blockstream.info
262080	0.24172139167785645	0.08938360214233398	blockstream.info
264096	0.2418816089630127	0.08977341651916504	blockstream.info
266112	0.2422492504119873	0.08847713470458984	blockstream.info
268128	0.23920655250549316	0.08883118629455566	blockstream.info
270144	0.24190926551818848	0.08899760246276855	blockstream.info
272160	0.2426893711090088	0.08922982215881348	blockstream.info
274176	0.24164128303527832	0.08997011184692383	blockstream.info
276192	0.2429802417755127	0.0884239673614502	blockstream.info
278208	0.24036383628845215	0.08921027183532715	blockstream.info
280224	0.24045109748840332	0.08901429176330566	blockstream.info
282240	0.2422647476196289	0.08843278884887695	blockstream.info
284256	0.24239587783813477	0.08894753456115723	blockstream.info
286272	0.24161410331726074	0.08895587921142578	blockstream.info
288288	0.24393391609191895	0.08892154693603516	blockstream.info
290304	0.24428272247314453	0.08893823623657227	blockstream.info
292320	0.24359989166259766	0.08920073509216309	blockstream.info
294336	0.24470925331115723	0.09066510200500488	blockstream.info
296352	0.24309492111206055	0.08978009223937988	blockstream.info
298368	0.24168992042541504	0.08959722518920898	blockstream.info
300384	0.24427056312561035	0.08989214897155762	blockstream.info
302400	0.24333953857421875	0.09010720252990723	blockstream.info
304416	0.24144458770751953	0.0892190933227539	blockstream.info
306432	0.24190521240234375	0.09017276763916016	blockstream.info
308448	0.23965239524841309	0.08986330032348633	blockstream.info
310464	0.2407093048095703	0.08991098403930664	blockstream.info
312480	0.2412736415863037	0.0893552303314209	blockstream.info
314496	0.24052166938781738	0.08867526054382324	blockstream.info
316512	0.23998641967773438	0.08904075622558594	blockstream.info
318528	0.24255132675170898	0.08915543556213379	blockstream.info
320544	0.36843109130859375	0.08937406539916992	blockstream.info
322560	0.24186277389526367	0.08913588523864746	blockstream.info
324576	0.240556001663208	0.08969402313232422	blockstream.info
326592	0.24013042449951172	0.0899972915649414	blockstream.info
328608	0.24086761474609375	0.08948945999145508	blockstream.info
330624	0.24101972579956055	0.0902705192565918	blockstream.info
332640	0.2410144805908203	0.08939766883850098	blockstream.info
334656	0.24132394790649414	0.08956146240234375	blockstream.info
336672	0.23955488204956055	0.08995175361633301	blockstream.info
338688	0.24085521697998047	0.08992362022399902	blockstream.info
340704	0.24280357360839844	0.09107637405395508	blockstream.info
342720	0.2416841983795166	0.0889592170715332	blockstream.info
344736	0.24208879470825195	0.08972764015197754	blockstream.info
346752	0.24012160301208496	0.0891718864440918	blockstream.info
348768	0.24085688591003418	0.08898425102233887	blockstream.info
350784	0.24051308631896973	0.08874845504760742	blockstream.info
352800	0.24100470542907715	0.08763861656188965	blockstream.info
354816	0.24219179153442383	0.08798551559448242	blockstream.info
356832	0.23742103576660156	0.08893418312072754	blockstream.info
358848	0.2405240535736084	0.08824396133422852	blockstream.info
360864	0.23964357376098633	0.08911871910095215	blockstream.info
362880	0.23848891258239746	0.08861708641052246	blockstream.info
364896	0.24010276794433594	0.08800220489501953	blockstream.info
366912	0.23921942710876465	0.09012746810913086	blockstream.info
368928	0.23877906799316406	0.09115099906921387	blockstream.info
370944	0.24038219451904297	0.09001970291137695	blockstream.info
372960	0.24060821533203125	0.08993697166442871	blockstream.info
374976	0.23827648162841797	0.08940434455871582	blockstream.info
376992	0.23909306526184082	0.0874474048614502	blockstream.info
379008	0.24010229110717773	0.08918309211730957	blockstream.info
381024	0.2428290843963623	0.09024357795715332	blockstream.info
383040	0.23977184295654297	0.09012699127197266	blockstream.info
385056	0.24047231674194336	0.08913135528564453	blockstream.info
387072	0.2390913963317871	0.08986663818359375	blockstream.info
389088	0.2395153045654297	0.08905029296875	blockstream.info
391104	0.23999547958374023	0.08897519111633301	blockstream.info
393120	0.24033856391906738	0.08923816680908203	blockstream.info
395136	0.2382519245147705	0.08884811401367188	blockstream.info
397152	0.23972415924072266	0.0897207260131836	blockstream.info
399168	0.24051189422607422	0.08918023109436035	blockstream.info
401184	0.23972368240356445	0.08980655670166016	blockstream.info
403200	0.2400374412536621	0.08973073959350586	blockstream.info
405216	0.239790678024292	0.08958077430725098	blockstream.info
407232	0.23970270156860352	0.08833599090576172	blockstream.info
409248	0.24012184143066406	0.08850574493408203	blockstream.info
411264	0.2405376434326172	0.08941411972045898	blockstream.info
413280	0.2380080223083496	0.08945178985595703	blockstream.info
415296	0.24079036712646484	0.08864951133728027	blockstream.info
417312	0.24071979522705078	0.08760929107666016	blockstream.info
419328	0.23993539810180664	0.0893716812133789	blockstream.info
421344	0.2420051097869873	0.08884859085083008	blockstream.info
423360	0.24042415618896484	0.08771634101867676	blockstream.info
425376	0.23848652839660645	0.0886085033416748	blockstream.info
427392	0.24078702926635742	0.08941102027893066	blockstream.info
429408	0.24097990989685059	0.08857464790344238	blockstream.info
431424	0.24013590812683105	0.08979153633117676	blockstream.info
433440	0.23966360092163086	0.0886077880859375	blockstream.info
435456	0.23858261108398438	0.08975458145141602	blockstream.info
437472	0.23876285552978516	0.08922195434570312	blockstream.info
439488	0.23999667167663574	0.08856892585754395	blockstream.info
441504	0.23874592781066895	0.08959197998046875	blockstream.info
443520	0.23926877975463867	0.08884358406066895	blockstream.info
445536	0.23862957954406738	0.0897064208984375	blockstream.info
447552	0.24020695686340332	0.08976387977600098	blockstream.info
449568	0.23922252655029297	0.08975076675415039	blockstream.info
451584	0.2394547462463379	0.08978962898254395	blockstream.info
453600	0.24099993705749512	0.08956193923950195	blockstream.info
455616	0.23975729942321777	0.08929824829101562	blockstream.info
457632	0.24025726318359375	0.08969616889953613	blockstream.info
459648	0.23915338516235352	0.08924317359924316	blockstream.info
461664	0.23955321311950684	0.08952689170837402	blockstream.info
463680	0.23937177658081055	0.08974266052246094	blockstream.info
465696	0.2395038604736328	0.08961987495422363	blockstream.info
467712	0.23938965797424316	0.08979129791259766	blockstream.info
469728	0.23978424072265625	0.08877897262573242	blockstream.info
471744	0.23888921737670898	0.08957076072692871	blockstream.info
473760	0.24022674560546875	0.08908462524414062	blockstream.info
475776	0.23963189125061035	0.0892341136932373	blockstream.info
477792	0.2397303581237793	0.08942389488220215	blockstream.info
479808	0.23966312408447266	0.08924722671508789	blockstream.info
481824	0.23953604698181152	0.0895698070526123	blockstream.info
483840	0.23981237411499023	0.0905618667602539	blockstream.info
485856	0.23911190032958984	0.0902402400970459	blockstream.info
487872	0.24022889137268066	0.09102082252502441	blockstream.info
489888	0.2421114444732666	0.09218335151672363	blockstream.info
491904	0.240037202835083	0.09116172790527344	blockstream.info
493920	0.24219298362731934	0.09097671508789062	blockstream.info
495936	0.24184679985046387	0.09138941764831543	blockstream.info
497952	0.24230575561523438	0.09096026420593262	blockstream.info
499968	0.2423553466796875	0.09260320663452148	blockstream.info
501984	0.24187636375427246	0.09213638305664062	blockstream.info
504000	0.24066972732543945	0.09209346771240234	blockstream.info
506016	0.23937249183654785	0.09089851379394531	blockstream.info
508032	0.23980188369750977	0.09080886840820312	blockstream.info
510048	0.23813295364379883	0.0910496711730957	blockstream.info
512064	0.239288330078125	0.08999991416931152	blockstream.info
514080	0.23892521858215332	0.08974981307983398	blockstream.info
516096	0.23739290237426758	0.09160065650939941	blockstream.info
518112	0.2383127212524414	0.09012293815612793	blockstream.info
520128	0.2395009994506836	0.08972883224487305	blockstream.info
522144	0.24230694770812988	0.0903017520904541	blockstream.info
524160	0.24193620681762695	0.08990859985351562	blockstream.info
526176	0.24173593521118164	0.09036922454833984	blockstream.info
528192	0.24213123321533203	0.09036469459533691	blockstream.info
530208	0.24238228797912598	0.09007811546325684	blockstream.info
532224	0.24091696739196777	0.08971738815307617	blockstream.info
534240	0.23929667472839355	0.09012413024902344	blockstream.info
536256	0.23862695693969727	0.08997178077697754	blockstream.info
538272	0.23755431175231934	0.08959555625915527	blockstream.info
540288	0.23885202407836914	0.0891122817993164	blockstream.info
542304	0.23963046073913574	0.09153985977172852	blockstream.info
544320	0.2395153045654297	0.08933758735656738	blockstream.info
546336	0.23912358283996582	0.08942079544067383	blockstream.info
548352	0.23947906494140625	0.08946681022644043	blockstream.info
550368	0.2391815185546875	0.08969402313232422	blockstream.info
552384	0.23931527137756348	0.08913159370422363	blockstream.info
554400	0.2392115592956543	0.08976244926452637	blockstream.info
556416	0.23904109001159668	0.09015607833862305	blockstream.info
558432	0.23906922340393066	0.09028434753417969	blockstream.info
560448	0.23987936973571777	0.08874320983886719	blockstream.info
562464	0.2386610507965088	0.08907413482666016	blockstream.info
564480	0.23912739753723145	0.09079289436340332	blockstream.info
566496	0.23812055587768555	0.08900141716003418	blockstream.info
568512	0.2375960350036621	0.09186029434204102	blockstream.info
570528	0.23969221115112305	0.0886240005493164	blockstream.info
572544	0.2388019561767578	0.08884453773498535	blockstream.info
574560	0.2373347282409668	0.08995723724365234	blockstream.info
576576	0.23957109451293945	0.09168243408203125	blockstream.info
578592	0.23884344100952148	0.08906364440917969	blockstream.info
580608	0.23904156684875488	0.09063220024108887	blockstream.info
582624	0.23909449577331543	0.09030365943908691	blockstream.info
584640	0.23963212966918945	0.08999371528625488	blockstream.info
586656	0.2393345832824707	0.08870959281921387	blockstream.info
588672	0.24165034294128418	0.0910954475402832	blockstream.info
590688	0.2399587631225586	0.0902242660522461	blockstream.info
592704	0.23892641067504883	0.09037399291992188	blockstream.info
594720	0.2394726276397705	0.08922171592712402	blockstream.info
596736	0.24452710151672363	0.08993792533874512	blockstream.info
598752	0.23945069313049316	0.08938241004943848	blockstream.info
600768	0.23944568634033203	0.09022641181945801	blockstream.info
602784	0.23928380012512207	0.09068560600280762	blockstream.info
604800	0.23730897903442383	0.08902215957641602	blockstream.info
606816	0.23900246620178223	0.0895073413848877	blockstream.info
608832	0.23891901969909668	0.08953094482421875	blockstream.info
610848	0.23966312408447266	0.08887076377868652	blockstream.info
612864	0.2395625114440918	0.08878374099731445	blockstream.info
614880	0.23748326301574707	0.08962655067443848	blockstream.info
616896	0.23900461196899414	0.0915987491607666	blockstream.info
618912	0.23910045623779297	0.08869576454162598	blockstream.info
620928	0.23856449127197266	0.08946633338928223	blockstream.info
622944	0.24157285690307617	0.08878803253173828	blockstream.info
624960	0.24126052856445312	0.08846163749694824	blockstream.info
626976	0.2407379150390625	0.08912873268127441	blockstream.info
628992	0.24163556098937988	0.08944272994995117	blockstream.info
631008	0.24184608459472656	0.08857417106628418	blockstream.info
633024	0.24060344696044922	0.08927130699157715	blockstream.info
635040	0.24137449264526367	0.08797001838684082	blockstream.info
637056	0.24191951751708984	0.08858084678649902	blockstream.info
639072	0.2385115623474121	0.08826589584350586	blockstream.info
641088	0.23929882049560547	0.08816289901733398	blockstream.info
643104	0.23913979530334473	0.08899259567260742	blockstream.info
645120	0.23970246315002441	0.08817863464355469	blockstream.info
647136	0.23847293853759766	0.08766055107116699	blockstream.info
649152	0.23948144912719727	0.0879974365234375	blockstream.info
651168	0.238234281539917	0.08782243728637695	blockstream.info
653184	0.23880887031555176	0.08876156806945801	blockstream.info
655200	0.23783564567565918	0.08854842185974121	blockstream.info
657216	0.21404290199279785	0.05668783187866211	blockstream.info
