1	0.7677321434020996	0.08682012557983398	fortress.qtornado.com
2016	0.35526394844055176	0.08772850036621094	fortress.qtornado.com
4032	0.36487841606140137	0.08706784248352051	fortress.qtornado.com
6048	0.36516499519348145	0.08724665641784668	fortress.qtornado.com
8064	0.37093329429626465	0.08696365356445312	fortress.qtornado.com
10080	0.37185239791870117	0.08707237243652344	fortress.qtornado.com
12096	0.3741137981414795	0.08960676193237305	fortress.qtornado.com
14112	0.3727223873138428	0.08778643608093262	fortress.qtornado.com
16128	0.37442636489868164	0.08581113815307617	fortress.qtornado.com
18144	0.3756735324859619	0.09154534339904785	fortress.qtornado.com
20160	0.3741443157196045	0.08837580680847168	fortress.qtornado.com
22176	0.37420010566711426	0.0870668888092041	fortress.qtornado.com
24192	0.37081217765808105	0.08756780624389648	fortress.qtornado.com
26208	0.3658921718597412	0.08640599250793457	fortress.qtornado.com
28224	0.3692154884338379	0.08759069442749023	fortress.qtornado.com
30240	0.36931562423706055	0.08819937705993652	fortress.qtornado.com
32256	0.36721014976501465	0.0889749526977539	fortress.qtornado.com
34272	0.3668534755706787	0.14113974571228027	fortress.qtornado.com
36288	0.3655226230621338	0.17875432968139648	fortress.qtornado.com
38304	0.3657536506652832	0.08720183372497559	fortress.qtornado.com
40320	0.36967039108276367	0.0881350040435791	fortress.qtornado.com
42336	0.37309694290161133	0.08691596984863281	fortress.qtornado.com
44352	0.3702716827392578	0.08654069900512695	fortress.qtornado.com
46368	0.3676426410675049	0.08760356903076172	fortress.qtornado.com
48384	0.3704516887664795	0.08690476417541504	fortress.qtornado.com
50400	0.368884801864624	0.08727192878723145	fortress.qtornado.com
52416	0.37020230293273926	0.0860140323638916	fortress.qtornado.com
54432	0.3711397647857666	0.08667111396789551	fortress.qtornado.com
56448	0.3712158203125	0.08646082878112793	fortress.qtornado.com
58464	0.36926984786987305	0.08759737014770508	fortress.qtornado.com
60480	0.36882615089416504	0.08622241020202637	fortress.qtornado.com
62496	0.3697805404663086	0.08591413497924805	fortress.qtornado.com
64512	0.3717834949493408	0.0873572826385498	fortress.qtornado.com
66528	0.3721137046813965	0.08618736267089844	fortress.qtornado.com
68544	0.3739798069000244	0.08680915832519531	fortress.qtornado.com
70560	0.37137508392333984	0.08688735961914062	fortress.qtornado.com
72576	0.3711893558502197	0.08735108375549316	fortress.qtornado.com
74592	0.36954832077026367	0.08764266967773438	fortress.qtornado.com
76608	0.37300729751586914	0.08783388137817383	fortress.qtornado.com
78624	0.3705558776855469	0.08710908889770508	fortress.qtornado.com
80640	0.37053847312927246	0.08630084991455078	fortress.qtornado.com
82656	0.37107253074645996	0.08695650100708008	fortress.qtornado.com
84672	0.36694908142089844	0.0874171257019043	fortress.qtornado.com
86688	0.3715059757232666	0.08629751205444336	fortress.qtornado.com
88704	0.3726809024810791	0.08590841293334961	fortress.qtornado.com
90720	0.3721179962158203	0.0878143310546875	fortress.qtornado.com
92736	0.3721647262573242	0.0870523452758789	fortress.qtornado.com
94752	0.3758809566497803	0.08758878707885742	fortress.qtornado.com
96768	0.37574195861816406	0.09015512466430664	fortress.qtornado.com
98784	0.5824527740478516	0.08701086044311523	fortress.qtornado.com
100800	0.37305331230163574	0.08682537078857422	fortress.qtornado.com
102816	0.36899733543395996	0.0870821475982666	fortress.qtornado.com
104832	0.37757253646850586	0.08827090263366699	fortress.qtornado.com
106848	0.3713195323944092	0.08732438087463379	fortress.qtornado.com
108864	0.37433290481567383	0.08784985542297363	fortress.qtornado.com
110880	0.3727140426635742	0.08732461929321289	fortress.qtornado.com
112896	0.37691235542297363	0.08771610260009766	fortress.qtornado.com
114912	0.3769242763519287	0.08705258369445801	fortress.qtornado.com
116928	0.3745229244232178	0.08783197402954102	fortress.qtornado.com
118944	0.37659740447998047	0.08812594413757324	fortress.qtornado.com
120960	0.3774449825286865	0.08939003944396973	fortress.qtornado.com
122976	0.3696012496948242	0.08710670471191406	fortress.qtornado.com
124992	0.36907196044921875	0.08684277534484863	fortress.qtornado.com
127008	0.3733103275299072	0.08703255653381348	fortress.qtornado.com
129024	0.3734884262084961	0.08829092979431152	fortress.qtornado.com
131040	0.3771646022796631	0.08713603019714355	fortress.qtornado.com
133056	0.37201404571533203	0.08774566650390625	fortress.qtornado.com
135072	0.3671236038208008	0.0890359878540039	fortress.qtornado.com
137088	0.37195730209350586	0.08766770362854004	fortress.qtornado.com
139104	0.37242960929870605	0.08743000030517578	fortress.qtornado.com
141120	0.3688528537750244	0.08692216873168945	fortress.qtornado.com
143136	0.3698618412017822	0.08865046501159668	fortress.qtornado.com
145152	0.3712902069091797	0.08912324905395508	fortress.qtornado.com
147168	0.37013673782348633	0.08801817893981934	fortress.qtornado.com
149184	0.369661808013916	0.08855867385864258	fortress.qtornado.com
151200	0.3711092472076416	0.0876014232635498	fortress.qtornado.com
153216	0.3680579662322998	0.08704209327697754	fortress.qtornado.com
155232	0.372943639755249	0.08786869049072266	fortress.qtornado.com
157248	0.37142229080200195	0.08682513236999512	fortress.qtornado.com
159264	0.3724639415740967	0.0869746208190918	fortress.qtornado.com
161280	0.3711988925933838	0.08681869506835938	fortress.qtornado.com
163296	0.37570834159851074	0.0874173641204834	fortress.qtornado.com
165312	0.36824584007263184	0.08676624298095703	fortress.qtornado.com
167328	0.3719911575317383	0.08722782135009766	fortress.qtornado.com
169344	0.3715085983276367	0.0873103141784668	fortress.qtornado.com
171360	0.37485671043395996	0.08887505531311035	fortress.qtornado.com
173376	0.3744335174560547	0.08650875091552734	fortress.qtornado.com
175392	0.3719441890716553	0.08725762367248535	fortress.qtornado.com
177408	0.3723576068878174	0.08664178848266602	fortress.qtornado.com
179424	0.37113404273986816	0.08748316764831543	fortress.qtornado.com
181440	0.3725242614746094	0.08761763572692871	fortress.qtornado.com
183456	0.3739948272705078	0.08649969100952148	fortress.qtornado.com
185472	0.3724803924560547	0.08647370338439941	fortress.qtornado.com
187488	0.36891603469848633	0.08699536323547363	fortress.qtornado.com
189504	0.3699002265930176	0.08671975135803223	fortress.qtornado.com
191520	0.37058210372924805	0.08881020545959473	fortress.qtornado.com
193536	0.3716919422149658	0.08692216873168945	fortress.qtornado.com
195552	0.37230777740478516	0.08716726303100586	fortress.qtornado.com
197568	0.37144994735717773	0.08573770523071289	fortress.qtornado.com
199584	0.3701293468475342	0.0868680477142334	fortress.qtornado.com
201600	0.3750433921813965	0.08689594268798828	fortress.qtornado.com
203616	0.37153172492980957	0.08623051643371582	fortress.qtornado.com
205632	0.3712179660797119	0.08819031715393066	fortress.qtornado.com
207648	0.37293505668640137	0.08661198616027832	fortress.qtornado.com
209664	0.3776051998138428	0.0883018970489502	fortress.qtornado.com
211680	0.3691740036010742	0.08728456497192383	fortress.qtornado.com
213696	0.3712959289550781	0.08645343780517578	fortress.qtornado.com
215712	0.3737983703613281	0.08752059936523438	fortress.qtornado.com
217728	0.5789699554443359	0.08694744110107422	fortress.qtornado.com
219744	0.37239980697631836	0.08672189712524414	fortress.qtornado.com
221760	0.3752446174621582	0.08661317825317383	fortress.qtornado.com
223776	0.3773007392883301	0.08623361587524414	fortress.qtornado.com
225792	0.3667922019958496	0.08664846420288086	fortress.qtornado.com
227808	0.3736553192138672	0.08707785606384277	fortress.qtornado.com
229824	0.3725275993347168	0.0874631404876709	fortress.qtornado.com
231840	0.37580084800720215	0.0869755744934082	fortress.qtornado.com
233856	0.3740267753601074	0.08657217025756836	fortress.qtornado.com
235872	0.375075101852417	0.08676981925964355	fortress.qtornado.com
237888	0.37686848640441895	0.0867459774017334	fortress.qtornado.com
239904	0.3673214912414551	0.08845353126525879	fortress.qtornado.com
241920	0.37069082260131836	0.08953380584716797	fortress.qtornado.com
243936	0.370100736618042	0.08839583396911621	fortress.qtornado.com
245952	0.3726623058319092	0.08766055107116699	fortress.qtornado.com
247968	0.36901116371154785	0.0881502628326416	fortress.qtornado.com
249984	0.36780667304992676	0.0866851806640625	fortress.qtornado.com
252000	0.3689260482788086	0.08761882781982422	fortress.qtornado.com
254016	0.36737895011901855	0.08763694763183594	fortress.qtornado.com
256032	0.36988306045532227	0.08766317367553711	fortress.qtornado.com
258048	0.37361621856689453	0.08775758743286133	fortress.qtornado.com
260064	0.3718247413635254	0.08915853500366211	fortress.qtornado.com
262080	0.37358593940734863	0.08835077285766602	fortress.qtornado.com
264096	0.37148141860961914	0.08819794654846191	fortress.qtornado.com
266112	0.37213587760925293	0.08825349807739258	fortress.qtornado.com
268128	0.37337613105773926	0.08757281303405762	fortress.qtornado.com
270144	0.37284302711486816	0.08701205253601074	fortress.qtornado.com
272160	0.37284159660339355	0.08645105361938477	fortress.qtornado.com
274176	0.3706183433532715	0.08810019493103027	fortress.qtornado.com
276192	0.37441563606262207	0.08844852447509766	fortress.qtornado.com
278208	0.37353515625	0.08893179893493652	fortress.qtornado.com
280224	0.37192726135253906	0.08900284767150879	fortress.qtornado.com
282240	0.37339329719543457	0.08908343315124512	fortress.qtornado.com
284256	0.3755803108215332	0.08960223197937012	fortress.qtornado.com
286272	0.37201714515686035	0.0886995792388916	fortress.qtornado.com
288288	0.3699169158935547	0.08823347091674805	fortress.qtornado.com
290304	0.3729438781738281	0.0887601375579834	fortress.qtornado.com
292320	0.37503957748413086	0.0896000862121582	fortress.qtornado.com
294336	0.3694937229156494	0.09353303909301758	fortress.qtornado.com
296352	0.3735620975494385	0.0892634391784668	fortress.qtornado.com
298368	0.3735628128051758	0.0932765007019043	fortress.qtornado.com
300384	0.37743711471557617	0.08856797218322754	fortress.qtornado.com
302400	0.3715236186981201	0.08880186080932617	fortress.qtornado.com
304416	0.3688638210296631	0.08842611312866211	fortress.qtornado.com
306432	0.3660151958465576	0.08925485610961914	fortress.qtornado.com
308448	0.3704080581665039	0.08760595321655273	fortress.qtornado.com
310464	0.370084285736084	0.08854961395263672	fortress.qtornado.com
312480	0.3672950267791748	0.08902549743652344	fortress.qtornado.com
314496	0.3681967258453369	0.08919906616210938	fortress.qtornado.com
316512	0.37265849113464355	0.08902668952941895	fortress.qtornado.com
318528	0.3720550537109375	0.08904123306274414	fortress.qtornado.com
320544	0.37334728240966797	0.08928370475769043	fortress.qtornado.com
322560	0.3734447956085205	0.08889389038085938	fortress.qtornado.com
324576	0.37169361114501953	0.0887610912322998	fortress.qtornado.com
326592	0.3741779327392578	0.08933663368225098	fortress.qtornado.com
328608	0.3719916343688965	0.08928775787353516	fortress.qtornado.com
330624	0.37331128120422363	0.08999276161193848	fortress.qtornado.com
332640	0.3772614002227783	0.09010553359985352	fortress.qtornado.com
334656	0.3731987476348877	0.08891820907592773	fortress.qtornado.com
336672	0.37639689445495605	0.08865666389465332	fortress.qtornado.com
338688	0.37207508087158203	0.08812379837036133	fortress.qtornado.com
340704	0.37119531631469727	0.08979630470275879	fortress.qtornado.com
342720	0.3724548816680908	0.08941459655761719	fortress.qtornado.com
344736	0.3709132671356201	0.08922600746154785	fortress.qtornado.com
346752	0.37195587158203125	0.0903618335723877	fortress.qtornado.com
348768	0.3760945796966553	0.08898329734802246	fortress.qtornado.com
350784	0.3731417655944824	0.0894312858581543	fortress.qtornado.com
352800	0.37320399284362793	0.08905911445617676	fortress.qtornado.com
354816	0.37230849266052246	0.08908200263977051	fortress.qtornado.com
356832	0.3704085350036621	0.08866381645202637	fortress.qtornado.com
358848	0.3660290241241455	0.08927345275878906	fortress.qtornado.com
360864	0.36647772789001465	0.08882737159729004	fortress.qtornado.com
362880	0.3713569641113281	0.08913087844848633	fortress.qtornado.com
364896	0.37221336364746094	0.08936142921447754	fortress.qtornado.com
366912	0.3719825744628906	0.0903463363647461	fortress.qtornado.com
368928	0.37285804748535156	0.08927679061889648	fortress.qtornado.com
370944	0.37212085723876953	0.08926630020141602	fortress.qtornado.com
372960	0.3741304874420166	0.08965015411376953	fortress.qtornado.com
374976	0.3762702941894531	0.08927202224731445	fortress.qtornado.com
376992	0.37575221061706543	0.08898019790649414	fortress.qtornado.com
379008	0.3761274814605713	0.08911395072937012	fortress.qtornado.com
381024	0.37233734130859375	0.09021401405334473	fortress.qtornado.com
383040	0.37448620796203613	0.09047412872314453	fortress.qtornado.com
385056	0.3695106506347656	0.09031915664672852	fortress.qtornado.com
387072	0.37330031394958496	0.08900952339172363	fortress.qtornado.com
389088	0.37427377700805664	0.08823752403259277	fortress.qtornado.com
391104	0.37369513511657715	0.0887911319732666	fortress.qtornado.com
393120	0.3744080066680908	0.08742213249206543	fortress.qtornado.com
395136	0.37631773948669434	0.08842992782592773	fortress.qtornado.com
397152	0.36670827865600586	0.08919739723205566	fortress.qtornado.com
399168	0.3700747489929199	0.08948349952697754	fortress.qtornado.com
401184	0.36941099166870117	0.0893564224243164	fortress.qtornado.com
403200	0.3721771240234375	0.08913731575012207	fortress.qtornado.com
405216	0.3724186420440674	0.08963561058044434	fortress.qtornado.com
407232	0.37140893936157227	0.08876466751098633	fortress.qtornado.com
409248	0.3702676296234131	0.09020853042602539	fortress.qtornado.com
411264	0.3727102279663086	0.08877778053283691	fortress.qtornado.com
413280	0.36895155906677246	0.08885359764099121	fortress.qtornado.com
415296	0.3712470531463623	0.08836102485656738	fortress.qtornado.com
417312	0.36646366119384766	0.08931946754455566	fortress.qtornado.com
419328	0.36784911155700684	0.08830046653747559	fortress.qtornado.com
421344	0.3700227737426758	0.08872556686401367	fortress.qtornado.com
423360	0.3719637393951416	0.08831024169921875	fortress.qtornado.com
425376	0.3721649646759033	0.0890655517578125	fortress.qtornado.com
427392	0.5781660079956055	0.08907723426818848	fortress.qtornado.com
429408	0.3694772720336914	0.09002280235290527	fortress.qtornado.com
431424	0.37217044830322266	0.08982157707214355	fortress.qtornado.com
433440	0.3731706142425537	0.08933877944946289	fortress.qtornado.com
435456	0.3718547821044922	0.09003829956054688	fortress.qtornado.com
437472	0.3729567527770996	0.08904767036437988	fortress.qtornado.com
439488	0.3674967288970947	0.08987045288085938	fortress.qtornado.com
441504	0.371448278427124	0.08939623832702637	fortress.qtornado.com
443520	0.3752727508544922	0.08933091163635254	fortress.qtornado.com
445536	0.3695523738861084	0.09766292572021484	fortress.qtornado.com
447552	0.37362027168273926	0.08954095840454102	fortress.qtornado.com
449568	0.37125682830810547	0.08967065811157227	fortress.qtornado.com
451584	0.3747289180755615	0.09755778312683105	fortress.qtornado.com
453600	0.3708460330963135	0.08916449546813965	fortress.qtornado.com
455616	0.37436342239379883	0.08898782730102539	fortress.qtornado.com
457632	0.37036705017089844	0.08938837051391602	fortress.qtornado.com
459648	0.37120556831359863	0.08888459205627441	fortress.qtornado.com
461664	0.3736586570739746	0.08919620513916016	fortress.qtornado.com
463680	0.37164783477783203	0.08876538276672363	fortress.qtornado.com
465696	0.3704488277435303	0.08823251724243164	fortress.qtornado.com
467712	0.36940860748291016	0.08935713768005371	fortress.qtornado.com
469728	0.3809196949005127	0.09015893936157227	fortress.qtornado.com
471744	0.3723165988922119	0.09002232551574707	fortress.qtornado.com
473760	0.3685417175292969	0.08958911895751953	fortress.qtornado.com
475776	0.3767075538635254	0.09142923355102539	fortress.qtornado.com
477792	0.36780309677124023	0.08869028091430664	fortress.qtornado.com
479808	0.37093424797058105	0.08780789375305176	fortress.qtornado.com
481824	0.3669300079345703	0.0899801254272461	fortress.qtornado.com
483840	0.3675379753112793	0.08871984481811523	fortress.qtornado.com
485856	0.3696274757385254	0.09021115303039551	fortress.qtornado.com
487872	0.36679530143737793	0.09100127220153809	fortress.qtornado.com
489888	0.37030696868896484	0.09110450744628906	fortress.qtornado.com
491904	0.3734610080718994	0.09029006958007812	fortress.qtornado.com
493920	0.37226271629333496	0.09062051773071289	fortress.qtornado.com
495936	0.37178611755371094	0.09076619148254395	fortress.qtornado.com
497952	0.37250852584838867	0.09086203575134277	fortress.qtornado.com
499968	0.36845827102661133	0.0896599292755127	fortress.qtornado.com
501984	0.36947154998779297	0.09061098098754883	fortress.qtornado.com
504000	0.3715982437133789	0.08944249153137207	fortress.qtornado.com
506016	0.36969947814941406	0.08895111083984375	fortress.qtornado.com
508032	0.37276601791381836	0.08885431289672852	fortress.qtornado.com
510048	0.36832475662231445	0.08916974067687988	fortress.qtornado.com
512064	0.3691260814666748	0.08951497077941895	fortress.qtornado.com
514080	0.3680586814880371	0.08931279182434082	fortress.qtornado.com
516096	0.3739650249481201	0.0884096622467041	fortress.qtornado.com
518112	0.37337613105773926	0.08837652206420898	fortress.qtornado.com
520128	0.3703598976135254	0.08785533905029297	fortress.qtornado.com
522144	0.3721942901611328	0.08818292617797852	fortress.qtornado.com
524160	0.36823129653930664	0.08842968940734863	fortress.qtornado.com
526176	0.3718569278717041	0.0898292064666748	fortress.qtornado.com
528192	0.3679671287536621	0.08909344673156738	fortress.qtornado.com
530208	0.3680419921875	0.08925223350524902	fortress.qtornado.com
532224	0.36684346199035645	0.08916473388671875	fortress.qtornado.com
534240	0.3706967830657959	0.08973383903503418	fortress.qtornado.com
536256	0.36939001083374023	0.08979439735412598	fortress.qtornado.com
538272	0.37433314323425293	0.0894310474395752	fortress.qtornado.com
540288	0.3721311092376709	0.08952832221984863	fortress.qtornado.com
542304	0.37203168869018555	0.09001779556274414	fortress.qtornado.com
544320	0.36746692657470703	0.08948302268981934	fortress.qtornado.com
546336	0.37100768089294434	0.08942389488220215	fortress.qtornado.com
548352	0.3665800094604492	0.08862090110778809	fortress.qtornado.com
550368	0.3682737350463867	0.08853816986083984	fortress.qtornado.com
552384	0.36950016021728516	0.08923816680908203	fortress.qtornado.com
554400	0.37226295471191406	0.08888435363769531	fortress.qtornado.com
556416	0.37151265144348145	0.09101629257202148	fortress.qtornado.com
558432	0.37142157554626465	0.09006476402282715	fortress.qtornado.com
560448	0.37438416481018066	0.08988761901855469	fortress.qtornado.com
562464	0.37177133560180664	0.0894770622253418	fortress.qtornado.com
564480	0.3702280521392822	0.08969640731811523	fortress.qtornado.com
566496	0.37451672554016113	0.08954000473022461	fortress.qtornado.com
568512	0.36948394775390625	0.08947229385375977	fortress.qtornado.com
570528	0.36969876289367676	0.08964705467224121	fortress.qtornado.com
572544	0.373443603515625	0.0892491340637207	fortress.qtornado.com
574560	0.3740971088409424	0.08963990211486816	fortress.qtornado.com
576576	0.37202906608581543	0.08972287178039551	fortress.qtornado.com
578592	0.36831068992614746	0.08895611763000488	fortress.qtornado.com
580608	0.36794042587280273	0.08945059776306152	fortress.qtornado.com
582624	0.3724792003631592	0.0883321762084961	fortress.qtornado.com
584640	0.37093019485473633	0.09012293815612793	fortress.qtornado.com
586656	0.3690953254699707	0.08923101425170898	fortress.qtornado.com
588672	0.3692972660064697	0.08982086181640625	fortress.qtornado.com
590688	0.37073540687561035	0.0898888111114502	fortress.qtornado.com
592704	0.3739163875579834	0.09006309509277344	fortress.qtornado.com
594720	0.36877894401550293	0.08912277221679688	fortress.qtornado.com
596736	0.3716926574707031	0.08901023864746094	fortress.qtornado.com
598752	0.3742959499359131	0.08909320831298828	fortress.qtornado.com
600768	0.3696415424346924	0.08919906616210938	fortress.qtornado.com
602784	0.37160301208496094	0.08986282348632812	fortress.qtornado.com
604800	0.36751222610473633	0.0889589786529541	fortress.qtornado.com
606816	0.3718860149383545	0.08857131004333496	fortress.qtornado.com
608832	0.37122654914855957	0.08894014358520508	fortress.qtornado.com
610848	0.36844801902770996	0.08871626853942871	fortress.qtornado.com
612864	0.3707103729248047	0.08894753456115723	fortress.qtornado.com
614880	0.36583781242370605	0.08827829360961914	fortress.qtornado.com
616896	0.37121152877807617	0.08875179290771484	fortress.qtornado.com
618912	0.37274861335754395	0.0878915786743164	fortress.qtornado.com
620928	0.37145256996154785	0.0887749195098877	fortress.qtornado.com
622944	0.3720667362213135	0.08916974067687988	fortress.qtornado.com
624960	0.37351465225219727	0.08910417556762695	fortress.qtornado.com
626976	0.3713693618774414	0.08793997764587402	fortress.qtornado.com
628992	0.37218189239501953	0.08898043632507324	fortress.qtornado.com
631008	0.36908698081970215	0.08887791633605957	fortress.qtornado.com
633024	0.3700733184814453	0.08994555473327637	fortress.qtornado.com
635040	0.3716750144958496	0.08993124961853027	fortress.qtornado.com
637056	0.37094664573669434	0.0892021656036377	fortress.qtornado.com
639072	0.3743932247161865	0.08899784088134766	fortress.qtornado.com
641088	0.36776113510131836	0.08989644050598145	fortress.qtornado.com
643104	0.3704257011413574	0.08921098709106445	fortress.qtornado.com
645120	0.37196779251098633	0.08894634246826172	fortress.qtornado.com
647136	0.37311887741088867	0.09037899971008301	fortress.qtornado.com
649152	0.37394165992736816	0.0894920825958252	fortress.qtornado.com
651168	0.37053751945495605	0.08983874320983887	fortress.qtornado.com
653184	0.372206449508667	0.08933544158935547	fortress.qtornado.com
655200	0.3733499050140381	0.08902454376220703	fortress.qtornado.com
657216	0.2947368621826172	0.05674386024475098	fortress.qtornado.com
