1	1.7729036808013916	0.08716845512390137	e.keff.org
2016	0.5967605113983154	0.08652162551879883	e.keff.org
4032	0.3053128719329834	0.08682131767272949	e.keff.org
6048	0.3007619380950928	0.08668208122253418	e.keff.org
8064	0.29661107063293457	0.08665037155151367	e.keff.org
10080	0.29584574699401855	0.08717608451843262	e.keff.org
12096	0.29833459854125977	0.08665657043457031	e.keff.org
14112	0.32784605026245117	0.08645844459533691	e.keff.org
16128	0.3079404830932617	0.0866539478302002	e.keff.org
18145	1.643322467803955	0.08657264709472656	2ex.digitaleveryware.com
20160	0.8450145721435547	0.08668017387390137	2ex.digitaleveryware.com
22176	0.3433346748352051	0.08630037307739258	2ex.digitaleveryware.com
24192	0.21355366706848145	0.08612799644470215	2ex.digitaleveryware.com
26208	0.20394539833068848	0.08643174171447754	2ex.digitaleveryware.com
28224	0.20772123336791992	0.08724665641784668	2ex.digitaleveryware.com
30240	0.20613765716552734	0.08585190773010254	2ex.digitaleveryware.com
32256	0.2055959701538086	0.0867769718170166	2ex.digitaleveryware.com
34272	0.21315908432006836	0.08625292778015137	2ex.digitaleveryware.com
36288	0.21395349502563477	0.08565592765808105	2ex.digitaleveryware.com
38304	0.2062520980834961	0.08677268028259277	2ex.digitaleveryware.com
40320	0.4232189655303955	0.08621883392333984	2ex.digitaleveryware.com
42336	0.20316386222839355	0.0862419605255127	2ex.digitaleveryware.com
44352	0.21581435203552246	0.08624911308288574	2ex.digitaleveryware.com
46368	0.2214369773864746	0.08574056625366211	2ex.digitaleveryware.com
48384	0.22719669342041016	0.08618783950805664	2ex.digitaleveryware.com
50400	0.22311186790466309	0.08609890937805176	2ex.digitaleveryware.com
52416	0.21576380729675293	0.08608818054199219	2ex.digitaleveryware.com
54432	0.20155835151672363	0.08591103553771973	2ex.digitaleveryware.com
56448	0.2082688808441162	0.08664488792419434	2ex.digitaleveryware.com
58464	0.2180924415588379	0.08688998222351074	2ex.digitaleveryware.com
60480	0.222121000289917	0.0870063304901123	2ex.digitaleveryware.com
62496	0.21490049362182617	0.08645319938659668	2ex.digitaleveryware.com
64512	0.20530939102172852	0.08569025993347168	2ex.digitaleveryware.com
66528	0.23019671440124512	0.08612632751464844	2ex.digitaleveryware.com
68544	0.2079472541809082	0.08579182624816895	2ex.digitaleveryware.com
70560	0.21116948127746582	0.0863351821899414	2ex.digitaleveryware.com
72576	0.20047616958618164	0.08708620071411133	2ex.digitaleveryware.com
74592	0.2166578769683838	0.08711361885070801	2ex.digitaleveryware.com
76608	0.23275995254516602	0.0872197151184082	2ex.digitaleveryware.com
78624	0.20681262016296387	0.08557629585266113	2ex.digitaleveryware.com
80640	0.20905661582946777	0.08606910705566406	2ex.digitaleveryware.com
82656	0.20700454711914062	0.08633756637573242	2ex.digitaleveryware.com
84672	0.2115311622619629	0.08608126640319824	2ex.digitaleveryware.com
86688	0.2198035717010498	0.08647561073303223	2ex.digitaleveryware.com
88704	0.22132253646850586	0.08630084991455078	2ex.digitaleveryware.com
90720	0.23131966590881348	0.08760952949523926	2ex.digitaleveryware.com
92736	0.20845341682434082	0.08624148368835449	2ex.digitaleveryware.com
94752	0.2082071304321289	0.08636713027954102	2ex.digitaleveryware.com
96768	0.2070915699005127	0.08450555801391602	2ex.digitaleveryware.com
98784	0.2085716724395752	0.0865929126739502	2ex.digitaleveryware.com
100800	0.21009278297424316	0.08581686019897461	2ex.digitaleveryware.com
102816	0.20796656608581543	0.08515667915344238	2ex.digitaleveryware.com
104832	0.22030377388000488	0.08668303489685059	2ex.digitaleveryware.com
106848	0.21373724937438965	0.0860433578491211	2ex.digitaleveryware.com
108864	0.21270513534545898	0.08641481399536133	2ex.digitaleveryware.com
110880	0.20741891860961914	0.08521747589111328	2ex.digitaleveryware.com
112896	0.3048818111419678	0.08670425415039062	2ex.digitaleveryware.com
114912	0.20374608039855957	0.0873715877532959	2ex.digitaleveryware.com
116928	0.20093631744384766	0.08825922012329102	2ex.digitaleveryware.com
118944	0.2037355899810791	0.08692240715026855	2ex.digitaleveryware.com
120960	0.21285176277160645	0.08676743507385254	2ex.digitaleveryware.com
122976	0.23916411399841309	0.08657026290893555	2ex.digitaleveryware.com
124992	0.21338129043579102	0.0861811637878418	2ex.digitaleveryware.com
127008	0.213653564453125	0.08623647689819336	2ex.digitaleveryware.com
129024	0.21208643913269043	0.08664298057556152	2ex.digitaleveryware.com
131040	0.2092599868774414	0.08649539947509766	2ex.digitaleveryware.com
133056	0.20313644409179688	0.08678007125854492	2ex.digitaleveryware.com
135072	0.20693469047546387	0.08579349517822266	2ex.digitaleveryware.com
137088	0.22590923309326172	0.08692598342895508	2ex.digitaleveryware.com
139104	0.21786236763000488	0.08735966682434082	2ex.digitaleveryware.com
141120	0.20963525772094727	0.08708024024963379	2ex.digitaleveryware.com
143136	0.20096230506896973	0.08682131767272949	2ex.digitaleveryware.com
145152	0.20490670204162598	0.08678126335144043	2ex.digitaleveryware.com
147168	0.20911478996276855	0.0866856575012207	2ex.digitaleveryware.com
149184	0.40338706970214844	0.08753037452697754	2ex.digitaleveryware.com
151200	0.27789783477783203	0.0875399112701416	2ex.digitaleveryware.com
153216	0.202897310256958	0.08770632743835449	2ex.digitaleveryware.com
155232	0.20820331573486328	0.0871880054473877	2ex.digitaleveryware.com
157248	0.21973085403442383	0.08843183517456055	2ex.digitaleveryware.com
159264	0.20355463027954102	0.08991456031799316	2ex.digitaleveryware.com
161280	0.2077634334564209	0.08784699440002441	2ex.digitaleveryware.com
163296	0.204878568649292	0.08733057975769043	2ex.digitaleveryware.com
165312	0.20856928825378418	0.0867166519165039	2ex.digitaleveryware.com
167328	0.20138239860534668	0.08655118942260742	2ex.digitaleveryware.com
169344	0.20310640335083008	0.08913397789001465	2ex.digitaleveryware.com
171360	0.20470976829528809	0.08786416053771973	2ex.digitaleveryware.com
173376	0.21195483207702637	0.0881650447845459	2ex.digitaleveryware.com
175392	0.2074892520904541	0.08900022506713867	2ex.digitaleveryware.com
177408	0.2051856517791748	0.08861851692199707	2ex.digitaleveryware.com
179424	0.2097318172454834	0.0893239974975586	2ex.digitaleveryware.com
181440	0.20181608200073242	0.08843445777893066	2ex.digitaleveryware.com
183456	0.21932625770568848	0.08850765228271484	2ex.digitaleveryware.com
185472	0.20643949508666992	0.08846449851989746	2ex.digitaleveryware.com
187488	0.22482919692993164	0.08908247947692871	2ex.digitaleveryware.com
189504	0.2170546054840088	0.08860468864440918	2ex.digitaleveryware.com
191520	0.21097588539123535	0.08783173561096191	2ex.digitaleveryware.com
193536	0.20914602279663086	0.0872805118560791	2ex.digitaleveryware.com
195552	0.20354819297790527	0.08736419677734375	2ex.digitaleveryware.com
197568	0.21433591842651367	0.08770561218261719	2ex.digitaleveryware.com
199584	0.2059175968170166	0.08786964416503906	2ex.digitaleveryware.com
201600	0.2058727741241455	0.08788681030273438	2ex.digitaleveryware.com
203616	0.20589280128479004	0.08905029296875	2ex.digitaleveryware.com
205632	0.2059793472290039	0.088470458984375	2ex.digitaleveryware.com
207648	0.20473718643188477	0.08806061744689941	2ex.digitaleveryware.com
209664	0.2031705379486084	0.08747625350952148	2ex.digitaleveryware.com
211680	0.20708394050598145	0.08858203887939453	2ex.digitaleveryware.com
213696	0.2110435962677002	0.08884286880493164	2ex.digitaleveryware.com
215712	0.21089863777160645	0.08831787109375	2ex.digitaleveryware.com
217728	0.20960712432861328	0.08734798431396484	2ex.digitaleveryware.com
219744	0.20286250114440918	0.08824706077575684	2ex.digitaleveryware.com
221760	0.20764827728271484	0.08888959884643555	2ex.digitaleveryware.com
223776	0.20903873443603516	0.08804440498352051	2ex.digitaleveryware.com
225792	0.21031737327575684	0.08887004852294922	2ex.digitaleveryware.com
227808	0.20876526832580566	0.08875226974487305	2ex.digitaleveryware.com
229824	0.2070448398590088	0.08759808540344238	2ex.digitaleveryware.com
231840	0.2037982940673828	0.08799266815185547	2ex.digitaleveryware.com
233856	0.2021937370300293	0.08771944046020508	2ex.digitaleveryware.com
235872	0.20409417152404785	0.08805441856384277	2ex.digitaleveryware.com
237888	0.19984126091003418	0.08774256706237793	2ex.digitaleveryware.com
239904	0.20708179473876953	0.08822202682495117	2ex.digitaleveryware.com
241920	0.2045736312866211	0.08946824073791504	2ex.digitaleveryware.com
243936	0.20495033264160156	0.0891714096069336	2ex.digitaleveryware.com
245952	0.2024531364440918	0.08929991722106934	2ex.digitaleveryware.com
247968	0.2031846046447754	0.08947038650512695	2ex.digitaleveryware.com
249984	0.21664118766784668	0.08846449851989746	2ex.digitaleveryware.com
252000	0.2084496021270752	0.08877825736999512	2ex.digitaleveryware.com
254016	0.20955252647399902	0.08842730522155762	2ex.digitaleveryware.com
256032	0.2116382122039795	0.09111857414245605	2ex.digitaleveryware.com
258048	0.47209906578063965	0.08866524696350098	2ex.digitaleveryware.com
260064	0.6294658184051514	0.0893096923828125	2ex.digitaleveryware.com
262080	0.20837068557739258	0.08827471733093262	2ex.digitaleveryware.com
264096	0.20545744895935059	0.08863258361816406	2ex.digitaleveryware.com
266112	0.20796442031860352	0.0879216194152832	2ex.digitaleveryware.com
268128	0.20701837539672852	0.08935332298278809	2ex.digitaleveryware.com
270144	0.20801830291748047	0.08945178985595703	2ex.digitaleveryware.com
272160	0.2066352367401123	0.08820652961730957	2ex.digitaleveryware.com
274176	0.20432019233703613	0.08862805366516113	2ex.digitaleveryware.com
276192	0.2071995735168457	0.08770608901977539	2ex.digitaleveryware.com
278208	0.21058297157287598	0.08748793601989746	2ex.digitaleveryware.com
280224	0.2180633544921875	0.0883181095123291	2ex.digitaleveryware.com
282240	0.20743966102600098	0.08864688873291016	2ex.digitaleveryware.com
284256	0.20714712142944336	0.08806133270263672	2ex.digitaleveryware.com
286272	0.1999051570892334	0.08859705924987793	2ex.digitaleveryware.com
288288	0.21740365028381348	0.08893060684204102	2ex.digitaleveryware.com
290304	0.20670247077941895	0.08839678764343262	2ex.digitaleveryware.com
292320	0.2043294906616211	0.09005308151245117	2ex.digitaleveryware.com
294336	0.20523428916931152	0.08998942375183105	2ex.digitaleveryware.com
296352	0.20787525177001953	0.08945798873901367	2ex.digitaleveryware.com
298368	0.27427172660827637	0.08926558494567871	2ex.digitaleveryware.com
300384	0.20274782180786133	0.08844661712646484	2ex.digitaleveryware.com
302400	0.19540786743164062	0.08899760246276855	2ex.digitaleveryware.com
304416	0.20624661445617676	0.09246826171875	2ex.digitaleveryware.com
306432	0.20719599723815918	0.08906316757202148	2ex.digitaleveryware.com
308448	0.20328068733215332	0.08821272850036621	2ex.digitaleveryware.com
310464	0.2003624439239502	0.08877921104431152	2ex.digitaleveryware.com
312480	0.21260643005371094	0.08894801139831543	2ex.digitaleveryware.com
314496	0.2093181610107422	0.08907532691955566	2ex.digitaleveryware.com
316512	0.21314501762390137	0.0882420539855957	2ex.digitaleveryware.com
318528	0.20787382125854492	0.08908486366271973	2ex.digitaleveryware.com
320544	0.20586585998535156	0.08818554878234863	2ex.digitaleveryware.com
322560	0.21169543266296387	0.08834505081176758	2ex.digitaleveryware.com
324576	0.20353960990905762	0.08835983276367188	2ex.digitaleveryware.com
326592	0.211167573928833	0.08886265754699707	2ex.digitaleveryware.com
328608	0.2035503387451172	0.0885477066040039	2ex.digitaleveryware.com
330624	0.22111845016479492	0.0891118049621582	2ex.digitaleveryware.com
332640	0.31079959869384766	0.12469053268432617	2ex.digitaleveryware.com
334656	0.2174081802368164	0.08887839317321777	2ex.digitaleveryware.com
336672	0.2158219814300537	0.08879685401916504	2ex.digitaleveryware.com
338688	0.205826997756958	0.08917999267578125	2ex.digitaleveryware.com
340704	0.2057182788848877	0.08800745010375977	2ex.digitaleveryware.com
342720	0.20743560791015625	0.08761930465698242	2ex.digitaleveryware.com
344736	0.20543193817138672	0.08905982971191406	2ex.digitaleveryware.com
346752	0.20154857635498047	0.0896000862121582	2ex.digitaleveryware.com
348768	0.21641254425048828	0.08893728256225586	2ex.digitaleveryware.com
350784	0.20450973510742188	0.08844327926635742	2ex.digitaleveryware.com
352800	0.20740342140197754	0.08960962295532227	2ex.digitaleveryware.com
354816	0.20406055450439453	0.08758854866027832	2ex.digitaleveryware.com
356832	0.2048511505126953	0.08968448638916016	2ex.digitaleveryware.com
358848	0.1999802589416504	0.08947873115539551	2ex.digitaleveryware.com
360864	0.20029354095458984	0.08899545669555664	2ex.digitaleveryware.com
362880	0.2130131721496582	0.08915925025939941	2ex.digitaleveryware.com
364896	0.22457289695739746	0.08928990364074707	2ex.digitaleveryware.com
366912	0.19928574562072754	0.08814835548400879	2ex.digitaleveryware.com
368928	0.2133023738861084	0.09011030197143555	2ex.digitaleveryware.com
370944	0.20667600631713867	0.0894017219543457	2ex.digitaleveryware.com
372960	0.2031869888305664	0.08890891075134277	2ex.digitaleveryware.com
374976	0.2127680778503418	0.08956551551818848	2ex.digitaleveryware.com
376992	0.20665669441223145	0.08909726142883301	2ex.digitaleveryware.com
379008	0.20172643661499023	0.08991813659667969	2ex.digitaleveryware.com
381024	0.21219897270202637	0.08948969841003418	2ex.digitaleveryware.com
383040	0.2031996250152588	0.08932805061340332	2ex.digitaleveryware.com
385056	0.21442222595214844	0.08987998962402344	2ex.digitaleveryware.com
387072	0.20628619194030762	0.08915877342224121	2ex.digitaleveryware.com
389088	0.20650243759155273	0.09017515182495117	2ex.digitaleveryware.com
391104	0.20163297653198242	0.08958792686462402	2ex.digitaleveryware.com
393120	0.20638346672058105	0.08888530731201172	2ex.digitaleveryware.com
395136	0.2109987735748291	0.08910250663757324	2ex.digitaleveryware.com
397152	0.21579194068908691	0.08931112289428711	2ex.digitaleveryware.com
399168	0.2172560691833496	0.08984971046447754	2ex.digitaleveryware.com
401184	0.21830534934997559	0.08952116966247559	2ex.digitaleveryware.com
403200	0.22129154205322266	0.09051227569580078	2ex.digitaleveryware.com
405216	0.21642327308654785	0.09019136428833008	2ex.digitaleveryware.com
407232	0.23981356620788574	0.0890049934387207	2ex.digitaleveryware.com
409248	0.2175300121307373	0.08964896202087402	2ex.digitaleveryware.com
411264	0.21350717544555664	0.09043288230895996	2ex.digitaleveryware.com
413280	0.21347761154174805	0.0889577865600586	2ex.digitaleveryware.com
415296	0.2107405662536621	0.08951759338378906	2ex.digitaleveryware.com
417312	0.2064962387084961	0.08885359764099121	2ex.digitaleveryware.com
419328	0.21247625350952148	0.08867669105529785	2ex.digitaleveryware.com
421344	0.21181273460388184	0.08790779113769531	2ex.digitaleveryware.com
423360	0.21383404731750488	0.08927130699157715	2ex.digitaleveryware.com
425376	0.20695161819458008	0.08966875076293945	2ex.digitaleveryware.com
427392	0.22391152381896973	0.08855581283569336	2ex.digitaleveryware.com
429408	0.21117758750915527	0.08847665786743164	2ex.digitaleveryware.com
431424	0.20117592811584473	0.08890676498413086	2ex.digitaleveryware.com
433440	0.2110157012939453	0.08890604972839355	2ex.digitaleveryware.com
435456	0.21340036392211914	0.08937931060791016	2ex.digitaleveryware.com
437472	0.21780776977539062	0.08927798271179199	2ex.digitaleveryware.com
439488	0.2834343910217285	0.08848857879638672	2ex.digitaleveryware.com
441504	0.20919466018676758	0.08922457695007324	2ex.digitaleveryware.com
443520	0.23003697395324707	0.08930063247680664	2ex.digitaleveryware.com
445536	0.2131974697113037	0.08975791931152344	2ex.digitaleveryware.com
447552	0.21849370002746582	0.08919930458068848	2ex.digitaleveryware.com
449568	0.20833063125610352	0.08925724029541016	2ex.digitaleveryware.com
451584	0.20639467239379883	0.08932328224182129	2ex.digitaleveryware.com
453600	0.22465872764587402	0.08918070793151855	2ex.digitaleveryware.com
455616	0.22481966018676758	0.08889126777648926	2ex.digitaleveryware.com
457632	0.22012782096862793	0.08866214752197266	2ex.digitaleveryware.com
459648	0.22399091720581055	0.08904790878295898	2ex.digitaleveryware.com
461664	0.22089338302612305	0.08953309059143066	2ex.digitaleveryware.com
463680	0.2188122272491455	0.08834290504455566	2ex.digitaleveryware.com
465696	0.22966647148132324	0.08856916427612305	2ex.digitaleveryware.com
467712	0.2246263027191162	0.08923149108886719	2ex.digitaleveryware.com
469728	0.23845887184143066	0.08877801895141602	2ex.digitaleveryware.com
471744	0.23932266235351562	0.08958768844604492	2ex.digitaleveryware.com
473760	0.5523371696472168	0.0888359546661377	2ex.digitaleveryware.com
475776	0.2503626346588135	0.08887171745300293	2ex.digitaleveryware.com
477792	0.23862838745117188	0.08956289291381836	2ex.digitaleveryware.com
479808	0.2633533477783203	0.08827042579650879	2ex.digitaleveryware.com
481824	0.2437424659729004	0.08968901634216309	2ex.digitaleveryware.com
483840	0.2519662380218506	0.08913445472717285	2ex.digitaleveryware.com
485856	0.26236772537231445	0.09069252014160156	2ex.digitaleveryware.com
487872	0.2579810619354248	0.09049272537231445	2ex.digitaleveryware.com
489888	0.26283693313598633	0.0904388427734375	2ex.digitaleveryware.com
491904	0.2696065902709961	0.0907292366027832	2ex.digitaleveryware.com
493920	0.27217650413513184	0.0907740592956543	2ex.digitaleveryware.com
495936	0.26999998092651367	0.09023165702819824	2ex.digitaleveryware.com
497952	0.26566433906555176	0.0910189151763916	2ex.digitaleveryware.com
499968	0.2850356101989746	0.0877377986907959	2ex.digitaleveryware.com
501984	0.2719845771789551	0.0893259048461914	2ex.digitaleveryware.com
504000	0.37065815925598145	0.09050107002258301	2ex.digitaleveryware.com
506016	0.5689554214477539	0.08925700187683105	2ex.digitaleveryware.com
508032	0.2848184108734131	0.09052062034606934	2ex.digitaleveryware.com
510048	0.2980644702911377	0.09063434600830078	2ex.digitaleveryware.com
512064	0.28310465812683105	0.09047222137451172	2ex.digitaleveryware.com
514080	0.30376482009887695	0.08883380889892578	2ex.digitaleveryware.com
516096	0.29932594299316406	0.08917474746704102	2ex.digitaleveryware.com
518112	0.2992281913757324	0.09077978134155273	2ex.digitaleveryware.com
520128	0.3054029941558838	0.08823990821838379	2ex.digitaleveryware.com
522144	0.3012993335723877	0.08986425399780273	2ex.digitaleveryware.com
524160	0.31627440452575684	0.09013891220092773	2ex.digitaleveryware.com
526176	0.3079187870025635	0.08903670310974121	2ex.digitaleveryware.com
528192	0.3105783462524414	0.08823251724243164	2ex.digitaleveryware.com
530208	0.31694722175598145	0.09025979042053223	2ex.digitaleveryware.com
532224	0.37656068801879883	0.08912777900695801	2ex.digitaleveryware.com
534240	0.3290262222290039	0.0892632007598877	2ex.digitaleveryware.com
536256	0.3276841640472412	0.08930540084838867	2ex.digitaleveryware.com
538272	0.3282124996185303	0.08680248260498047	2ex.digitaleveryware.com
540288	0.34001588821411133	0.0881032943725586	2ex.digitaleveryware.com
542304	0.41514039039611816	0.08759546279907227	2ex.digitaleveryware.com
544320	0.4888794422149658	0.08740401268005371	2ex.digitaleveryware.com
546336	0.4930896759033203	0.08661270141601562	2ex.digitaleveryware.com
548352	0.500450849533081	0.08748316764831543	2ex.digitaleveryware.com
550368	0.5050015449523926	0.08810782432556152	2ex.digitaleveryware.com
552384	0.49976444244384766	0.08885836601257324	2ex.digitaleveryware.com
554400	0.5207724571228027	0.09226107597351074	2ex.digitaleveryware.com
556416	0.5016078948974609	0.08821439743041992	2ex.digitaleveryware.com
558432	0.5107061862945557	0.08822226524353027	2ex.digitaleveryware.com
560448	0.506791353225708	0.08624792098999023	2ex.digitaleveryware.com
562464	0.5181453227996826	0.08792495727539062	2ex.digitaleveryware.com
564480	0.522637128829956	0.0885004997253418	2ex.digitaleveryware.com
566496	0.5383751392364502	0.09035015106201172	2ex.digitaleveryware.com
568512	0.5230286121368408	0.08770298957824707	2ex.digitaleveryware.com
570528	0.5204403400421143	0.08882355690002441	2ex.digitaleveryware.com
572544	0.643042802810669	0.0890200138092041	2ex.digitaleveryware.com
574560	0.5403006076812744	0.08799552917480469	2ex.digitaleveryware.com
576576	0.5356588363647461	0.08839058876037598	2ex.digitaleveryware.com
578592	0.5347185134887695	0.0888664722442627	2ex.digitaleveryware.com
580608	0.5450878143310547	0.09174418449401855	2ex.digitaleveryware.com
582624	0.5422754287719727	0.08912110328674316	2ex.digitaleveryware.com
584640	0.5499248504638672	0.08846664428710938	2ex.digitaleveryware.com
586656	0.5472102165222168	0.08747982978820801	2ex.digitaleveryware.com
588672	0.5626652240753174	0.08908724784851074	2ex.digitaleveryware.com
590688	0.5941791534423828	0.08899092674255371	2ex.digitaleveryware.com
592704	0.5654737949371338	0.0885009765625	2ex.digitaleveryware.com
594720	0.5942685604095459	0.08860278129577637	2ex.digitaleveryware.com
596736	0.560312032699585	0.08827924728393555	2ex.digitaleveryware.com
598752	0.5656216144561768	0.08799457550048828	2ex.digitaleveryware.com
600768	0.5747959613800049	0.08937644958496094	2ex.digitaleveryware.com
602784	0.575829267501831	0.0894327163696289	2ex.digitaleveryware.com
604800	0.5775861740112305	0.08951210975646973	2ex.digitaleveryware.com
606816	0.6570250988006592	0.08841419219970703	2ex.digitaleveryware.com
608832	0.5789670944213867	0.0897824764251709	2ex.digitaleveryware.com
610848	0.581904411315918	0.08861970901489258	2ex.digitaleveryware.com
612864	0.5846495628356934	0.08745956420898438	2ex.digitaleveryware.com
614880	0.5823161602020264	0.08868193626403809	2ex.digitaleveryware.com
616896	0.5923163890838623	0.0890347957611084	2ex.digitaleveryware.com
618912	0.5873880386352539	0.08839726448059082	2ex.digitaleveryware.com
620928	0.5999469757080078	0.08773469924926758	2ex.digitaleveryware.com
622944	0.6572256088256836	0.08944535255432129	2ex.digitaleveryware.com
624960	0.6069376468658447	0.08977270126342773	2ex.digitaleveryware.com
626976	0.6037881374359131	0.08926153182983398	2ex.digitaleveryware.com
628992	0.6219320297241211	0.0892493724822998	2ex.digitaleveryware.com
631008	0.6072888374328613	0.08972835540771484	2ex.digitaleveryware.com
633024	0.6061184406280518	0.08810663223266602	2ex.digitaleveryware.com
635040	0.6115424633026123	0.0883030891418457	2ex.digitaleveryware.com
637056	0.6079530715942383	0.08855104446411133	2ex.digitaleveryware.com
639072	1.3291902542114258	0.0886533260345459	2ex.digitaleveryware.com
641088	0.6192729473114014	0.08819890022277832	2ex.digitaleveryware.com
643104	0.6164865493774414	0.08912014961242676	2ex.digitaleveryware.com
645120	0.6239922046661377	0.08836770057678223	2ex.digitaleveryware.com
647136	0.6294596195220947	0.08869409561157227	2ex.digitaleveryware.com
649152	0.48528504371643066	0.08902788162231445	2ex.digitaleveryware.com
651168	0.632765531539917	0.09016966819763184	2ex.digitaleveryware.com
653184	0.6463849544525146	0.08930826187133789	2ex.digitaleveryware.com
655200	0.654627799987793	0.09042191505432129	2ex.digitaleveryware.com
657216	0.6313204765319824	0.05715131759643555	2ex.digitaleveryware.com
