1	0.815361499786377	0.08847737312316895	bitcoin.aranguren.org
2016	0.9879181385040283	0.08809518814086914	bitcoin.aranguren.org
4032	1.1654436588287354	0.08716249465942383	bitcoin.aranguren.org
6048	1.226522445678711	0.08848071098327637	bitcoin.aranguren.org
8064	3.1816015243530273	0.17604470252990723	bitcoin.aranguren.org
10080	1.1588778495788574	0.08770418167114258	bitcoin.aranguren.org
12096	1.193026065826416	0.08801746368408203	bitcoin.aranguren.org
14112	1.2099432945251465	0.0880284309387207	bitcoin.aranguren.org
16128	1.5769069194793701	0.08925414085388184	bitcoin.aranguren.org
18144	1.2725841999053955	0.08933711051940918	bitcoin.aranguren.org
20160	1.3014347553253174	0.08778524398803711	bitcoin.aranguren.org
22176	1.3290445804595947	0.0892486572265625	bitcoin.aranguren.org
24192	1.5779078006744385	0.08913516998291016	bitcoin.aranguren.org
26208	1.3946716785430908	0.089752197265625	bitcoin.aranguren.org
28224	1.5500311851501465	0.08918309211730957	bitcoin.aranguren.org
30240	1.5907068252563477	0.09047651290893555	bitcoin.aranguren.org
32256	1.764477014541626	0.09040093421936035	bitcoin.aranguren.org
34272	1.5334281921386719	0.08962345123291016	bitcoin.aranguren.org
36288	1.553931713104248	0.08876609802246094	bitcoin.aranguren.org
38304	1.6186773777008057	0.09012365341186523	bitcoin.aranguren.org
40320	1.9882564544677734	0.0887148380279541	bitcoin.aranguren.org
42336	2.239311695098877	0.08872485160827637	bitcoin.aranguren.org
44352	2.1223673820495605	0.08908438682556152	bitcoin.aranguren.org
46368	2.093535900115967	0.08992409706115723	bitcoin.aranguren.org
48384	1.985966444015503	0.08890986442565918	bitcoin.aranguren.org
50400	2.0100059509277344	0.08917546272277832	bitcoin.aranguren.org
52416	2.052833318710327	0.0897970199584961	bitcoin.aranguren.org
54432	2.083962917327881	0.09046363830566406	bitcoin.aranguren.org
56448	2.172264337539673	0.08953595161437988	bitcoin.aranguren.org
58464	2.1904456615448	0.09006762504577637	bitcoin.aranguren.org
60480	2.243826389312744	0.08776497840881348	bitcoin.aranguren.org
62496	2.2690796852111816	0.08784246444702148	bitcoin.aranguren.org
64512	2.3274166584014893	0.08924651145935059	bitcoin.aranguren.org
66528	4.0054380893707275	0.08728885650634766	bitcoin.aranguren.org
68544	2.774585008621216	0.08853626251220703	bitcoin.aranguren.org
70560	2.574310779571533	0.08774042129516602	bitcoin.aranguren.org
72576	2.820194721221924	0.08826875686645508	bitcoin.aranguren.org
74592	2.5884499549865723	0.08902335166931152	bitcoin.aranguren.org
76608	2.646855592727661	0.0887749195098877	bitcoin.aranguren.org
78624	2.6711084842681885	0.08809804916381836	bitcoin.aranguren.org
80640	2.7179059982299805	0.08772802352905273	bitcoin.aranguren.org
82656	2.7823069095611572	0.08928227424621582	bitcoin.aranguren.org
84672	2.8277108669281006	0.08955121040344238	bitcoin.aranguren.org
86688	2.8564445972442627	0.08967137336730957	bitcoin.aranguren.org
88704	2.906761407852173	0.08902454376220703	bitcoin.aranguren.org
90720	3.029979944229126	0.08783555030822754	bitcoin.aranguren.org
92736	3.1168947219848633	0.08938050270080566	bitcoin.aranguren.org
94752	3.0846011638641357	0.08856511116027832	bitcoin.aranguren.org
96768	3.1191823482513428	0.08938050270080566	bitcoin.aranguren.org
98784	3.1975815296173096	0.08937215805053711	bitcoin.aranguren.org
100800	3.4060113430023193	0.08842611312866211	bitcoin.aranguren.org
102817	1.0446643829345703	0.08911585807800293	stavver.dyshek.org
104832	0.3939321041107178	0.08880496025085449	stavver.dyshek.org
106848	0.23993372917175293	0.08944392204284668	stavver.dyshek.org
108864	0.23644089698791504	0.08908653259277344	stavver.dyshek.org
110880	0.23727154731750488	0.08874368667602539	stavver.dyshek.org
112896	0.2914605140686035	0.09209299087524414	stavver.dyshek.org
114912	0.28531956672668457	0.09054017066955566	stavver.dyshek.org
116928	0.3418543338775635	0.09111809730529785	stavver.dyshek.org
118944	0.5576760768890381	0.09015250205993652	stavver.dyshek.org
120960	0.7262411117553711	0.09102225303649902	stavver.dyshek.org
122976	0.44135069847106934	0.09067749977111816	stavver.dyshek.org
124992	0.525627851486206	0.0901176929473877	stavver.dyshek.org
127008	0.4972693920135498	0.08993124961853027	stavver.dyshek.org
129024	0.5069584846496582	0.08968067169189453	stavver.dyshek.org
131040	0.5164151191711426	0.08911752700805664	stavver.dyshek.org
133056	0.5397391319274902	0.09084296226501465	stavver.dyshek.org
135072	0.5909817218780518	0.09052801132202148	stavver.dyshek.org
137088	0.6458055973052979	0.08997774124145508	stavver.dyshek.org
139104	0.7151310443878174	0.09049534797668457	stavver.dyshek.org
141120	0.9092905521392822	0.09048914909362793	stavver.dyshek.org
143136	0.9848392009735107	0.09022712707519531	stavver.dyshek.org
145152	0.9156875610351562	0.0902717113494873	stavver.dyshek.org
147168	1.0602765083312988	0.09532642364501953	stavver.dyshek.org
149184	1.067551612854004	0.0904073715209961	stavver.dyshek.org
151200	1.0963447093963623	0.08940744400024414	stavver.dyshek.org
153216	1.1895809173583984	0.0900886058807373	stavver.dyshek.org
155232	1.7865657806396484	0.09036946296691895	stavver.dyshek.org
157248	1.4043736457824707	0.09011149406433105	stavver.dyshek.org
159264	1.2672395706176758	0.08943700790405273	stavver.dyshek.org
161280	1.2476439476013184	0.08867478370666504	stavver.dyshek.org
163296	3.8230819702148438	0.08966350555419922	stavver.dyshek.org
165312	1.6403827667236328	0.09067344665527344	stavver.dyshek.org
167328	1.3852441310882568	0.0896298885345459	stavver.dyshek.org
169344	1.4201912879943848	0.09002470970153809	stavver.dyshek.org
171360	1.4697003364562988	0.09112167358398438	stavver.dyshek.org
173376	1.509753704071045	0.08957958221435547	stavver.dyshek.org
175392	1.5247986316680908	0.08926510810852051	stavver.dyshek.org
177408	1.5496244430541992	0.09004855155944824	stavver.dyshek.org
179424	1.5952322483062744	0.09059453010559082	stavver.dyshek.org
181440	1.6449053287506104	0.09075188636779785	stavver.dyshek.org
183456	1.6705117225646973	0.09009599685668945	stavver.dyshek.org
185472	2.0396640300750732	0.09016132354736328	stavver.dyshek.org
187488	1.8288097381591797	0.08975553512573242	stavver.dyshek.org
189504	1.851353406906128	0.08983659744262695	stavver.dyshek.org
191520	2.1457760334014893	0.0900886058807373	stavver.dyshek.org
193536	1.9144177436828613	0.08993411064147949	stavver.dyshek.org
195552	1.943514347076416	0.09029817581176758	stavver.dyshek.org
197568	2.0365352630615234	0.09084534645080566	stavver.dyshek.org
199584	2.657944440841675	0.09125590324401855	stavver.dyshek.org
201600	2.321514844894409	0.09076547622680664	stavver.dyshek.org
203616	2.2942862510681152	0.09053850173950195	stavver.dyshek.org
205632	2.477813243865967	0.08916211128234863	stavver.dyshek.org
207648	2.443934440612793	0.09049129486083984	stavver.dyshek.org
209664	2.3802239894866943	0.09211373329162598	stavver.dyshek.org
211680	2.43514347076416	0.09016251564025879	stavver.dyshek.org
213696	2.400820255279541	0.09049844741821289	stavver.dyshek.org
215712	2.434319257736206	0.09073734283447266	stavver.dyshek.org
217728	2.573065996170044	0.08995914459228516	stavver.dyshek.org
219744	2.6674911975860596	0.09068942070007324	stavver.dyshek.org
221760	2.7081432342529297	0.08919787406921387	stavver.dyshek.org
223776	2.7431609630584717	0.08897948265075684	stavver.dyshek.org
225792	2.609450578689575	0.08951330184936523	stavver.dyshek.org
227808	2.6658058166503906	0.08915066719055176	stavver.dyshek.org
229824	2.677727460861206	0.08970165252685547	stavver.dyshek.org
231840	2.709251642227173	0.08938837051391602	stavver.dyshek.org
233856	2.7442617416381836	0.08977603912353516	stavver.dyshek.org
235872	4.7307634353637695	0.09041714668273926	stavver.dyshek.org
237888	2.7967755794525146	0.0941610336303711	stavver.dyshek.org
239904	3.0020010471343994	0.09095263481140137	stavver.dyshek.org
241920	2.8624398708343506	0.09189796447753906	stavver.dyshek.org
243936	2.946139097213745	0.09118080139160156	stavver.dyshek.org
245952	2.9560368061065674	0.09073615074157715	stavver.dyshek.org
247968	2.98005747795105	0.0917820930480957	stavver.dyshek.org
249984	3.0170211791992188	0.09083199501037598	stavver.dyshek.org
252000	5.359971523284912	0.09144973754882812	stavver.dyshek.org
254016	3.0766639709472656	0.09202933311462402	stavver.dyshek.org
256032	3.189669609069824	0.09109115600585938	stavver.dyshek.org
258048	3.139796257019043	0.09023118019104004	stavver.dyshek.org
260064	3.2291295528411865	0.09176468849182129	stavver.dyshek.org
262080	3.231612205505371	0.09088778495788574	stavver.dyshek.org
264096	3.3869240283966064	0.0912480354309082	stavver.dyshek.org
266112	3.2442097663879395	0.0905599594116211	stavver.dyshek.org
268128	3.2749059200286865	0.09231948852539062	stavver.dyshek.org
270144	3.3251779079437256	0.0916450023651123	stavver.dyshek.org
272160	3.3729827404022217	0.0905768871307373	stavver.dyshek.org
274176	3.3583309650421143	0.09116601943969727	stavver.dyshek.org
276192	3.4297502040863037	0.09078669548034668	stavver.dyshek.org
278209	1.9631047248840332	0.08971238136291504	stavver.dyshek.org
280224	0.6700940132141113	0.0900115966796875	stavver.dyshek.org
282240	0.3418707847595215	0.09002518653869629	stavver.dyshek.org
284256	0.3429431915283203	0.09055018424987793	stavver.dyshek.org
286272	0.34029126167297363	0.09009289741516113	stavver.dyshek.org
288288	0.6582534313201904	0.0914604663848877	stavver.dyshek.org
290304	0.3377726078033447	0.09078860282897949	stavver.dyshek.org
292320	0.34307169914245605	0.0923311710357666	stavver.dyshek.org
294336	0.3400115966796875	0.0922551155090332	stavver.dyshek.org
296352	0.6674838066101074	0.09118270874023438	stavver.dyshek.org
298368	0.33832740783691406	0.09184741973876953	stavver.dyshek.org
300384	0.338733434677124	0.09066057205200195	stavver.dyshek.org
302400	0.6577863693237305	0.0911102294921875	stavver.dyshek.org
304416	0.3396773338317871	0.09054231643676758	stavver.dyshek.org
306432	0.339616060256958	0.09088635444641113	stavver.dyshek.org
308448	0.37077975273132324	0.09092450141906738	stavver.dyshek.org
310464	0.3695077896118164	0.09079837799072266	stavver.dyshek.org
312480	0.9896383285522461	0.09034967422485352	stavver.dyshek.org
314496	0.341066837310791	0.09033751487731934	stavver.dyshek.org
316512	0.34624791145324707	0.08997726440429688	stavver.dyshek.org
318528	0.3480072021484375	0.08929944038391113	stavver.dyshek.org
320544	0.5456807613372803	0.09096074104309082	stavver.dyshek.org
322560	0.34024548530578613	0.09096097946166992	stavver.dyshek.org
324576	0.34094882011413574	0.18347787857055664	stavver.dyshek.org
326592	0.346649169921875	0.17861270904541016	stavver.dyshek.org
