1	2.0931785106658936	0.08909893035888672	electrumx.erbium.eu
2016	2.273200750350952	0.08968234062194824	electrumx.erbium.eu
4032	2.3058886528015137	0.18323373794555664	electrumx.erbium.eu
6048	2.339647054672241	0.09130454063415527	electrumx.erbium.eu
8064	2.357360601425171	0.0894007682800293	electrumx.erbium.eu
10080	3.43554425239563	0.08834314346313477	electrumx.erbium.eu
12096	2.439639091491699	0.09005427360534668	electrumx.erbium.eu
14112	2.499833106994629	0.09044742584228516	electrumx.erbium.eu
16128	2.5512635707855225	0.08929872512817383	electrumx.erbium.eu
18144	3.0436465740203857	0.08934640884399414	electrumx.erbium.eu
20160	2.5901424884796143	0.0906062126159668	electrumx.erbium.eu
22176	2.633906126022339	0.09115815162658691	electrumx.erbium.eu
24192	2.7724993228912354	0.08956694602966309	electrumx.erbium.eu
26208	2.695955991744995	0.08894801139831543	electrumx.erbium.eu
28224	3.3133246898651123	0.08989930152893066	electrumx.erbium.eu
30240	2.7632110118865967	0.08968067169189453	electrumx.erbium.eu
32256	3.0515053272247314	0.09067535400390625	electrumx.erbium.eu
34272	2.8375117778778076	0.08941841125488281	electrumx.erbium.eu
36288	2.876687526702881	0.0904698371887207	electrumx.erbium.eu
38304	2.89654803276062	0.09093499183654785	electrumx.erbium.eu
40320	3.0095484256744385	0.09004354476928711	electrumx.erbium.eu
42336	2.9775924682617188	0.08922815322875977	electrumx.erbium.eu
44352	3.0148727893829346	0.09021306037902832	electrumx.erbium.eu
46368	3.3659920692443848	0.08978700637817383	electrumx.erbium.eu
48384	3.0821335315704346	0.09008407592773438	electrumx.erbium.eu
50400	3.136220693588257	0.09001588821411133	electrumx.erbium.eu
52416	3.156444787979126	0.08974170684814453	electrumx.erbium.eu
54432	3.20625638961792	0.08926224708557129	electrumx.erbium.eu
56448	3.219404935836792	0.0893394947052002	electrumx.erbium.eu
58464	3.736685276031494	0.08939027786254883	electrumx.erbium.eu
60480	3.3699357509613037	0.08968043327331543	electrumx.erbium.eu
62496	3.304199457168579	0.08952713012695312	electrumx.erbium.eu
64512	3.341313123703003	0.09125900268554688	electrumx.erbium.eu
66528	3.3578341007232666	0.09067225456237793	electrumx.erbium.eu
68544	3.5667014122009277	0.0901191234588623	electrumx.erbium.eu
70560	3.9175922870635986	0.08980989456176758	electrumx.erbium.eu
72576	3.4438090324401855	0.08997344970703125	electrumx.erbium.eu
74592	3.4779484272003174	0.09140586853027344	electrumx.erbium.eu
76608	3.519608974456787	0.08877110481262207	electrumx.erbium.eu
78624	4.63074254989624	0.09076881408691406	electrumx.erbium.eu
80640	3.578657627105713	0.09007430076599121	electrumx.erbium.eu
82656	3.5849857330322266	0.08917880058288574	electrumx.erbium.eu
84672	3.6270365715026855	0.0901648998260498	electrumx.erbium.eu
86688	3.636549472808838	0.08962368965148926	electrumx.erbium.eu
88704	3.678070068359375	0.08791255950927734	electrumx.erbium.eu
90720	3.6846535205841064	0.08807849884033203	electrumx.erbium.eu
92736	5.064203500747681	0.0917208194732666	electrumx.erbium.eu
94752	3.7266526222229004	0.09074234962463379	electrumx.erbium.eu
96768	3.7480287551879883	0.09098148345947266	electrumx.erbium.eu
98784	3.7862565517425537	0.09087824821472168	electrumx.erbium.eu
100800	3.8208229541778564	0.08951330184936523	electrumx.erbium.eu
102816	3.839264154434204	0.08998584747314453	electrumx.erbium.eu
104832	3.8671889305114746	0.08943057060241699	electrumx.erbium.eu
106848	4.308279514312744	0.09003567695617676	electrumx.erbium.eu
108864	3.625260829925537	0.0905299186706543	electrumx.erbium.eu
110880	3.3425097465515137	0.09020423889160156	electrumx.erbium.eu
112896	5.2516186237335205	0.09067940711975098	electrumx.erbium.eu
114912	2.934828042984009	0.09135937690734863	electrumx.erbium.eu
116928	2.882359266281128	0.0922701358795166	electrumx.erbium.eu
118944	3.0614724159240723	0.09120035171508789	electrumx.erbium.eu
120960	2.852969169616699	0.09133362770080566	electrumx.erbium.eu
122976	4.066619634628296	0.0931398868560791	electrumx.erbium.eu
124992	2.8786799907684326	0.09057378768920898	electrumx.erbium.eu
127008	2.9069724082946777	0.09123396873474121	electrumx.erbium.eu
129024	2.917404890060425	0.09032535552978516	electrumx.erbium.eu
131040	2.9339170455932617	0.09103155136108398	electrumx.erbium.eu
133056	2.9689385890960693	0.08994412422180176	electrumx.erbium.eu
135072	2.985591173171997	0.09011292457580566	electrumx.erbium.eu
137088	3.033719301223755	0.09127974510192871	electrumx.erbium.eu
139104	3.0421230792999268	0.09158539772033691	electrumx.erbium.eu
141120	3.0623691082000732	0.09053158760070801	electrumx.erbium.eu
143137	2.825021505355835	0.09136247634887695	000.nodeclub.top
145152	2.3006982803344727	0.09171652793884277	000.nodeclub.top
147168	1.3127179145812988	0.09069395065307617	000.nodeclub.top
149184	1.3208258152008057	0.09083795547485352	000.nodeclub.top
151200	0.6692817211151123	0.09159660339355469	000.nodeclub.top
153216	1.0017187595367432	0.09116244316101074	000.nodeclub.top
155232	0.6624469757080078	0.0905759334564209	000.nodeclub.top
157249	2.521362066268921	0.09042620658874512	000.nodeclub.top
159264	2.684843063354492	0.09000110626220703	000.nodeclub.top
161280	2.713315010070801	0.09003996849060059	000.nodeclub.top
163296	2.74111008644104	0.09209656715393066	000.nodeclub.top
165312	2.770350456237793	0.08991384506225586	000.nodeclub.top
167328	2.798394203186035	0.08962178230285645	000.nodeclub.top
169344	2.8280553817749023	0.0892643928527832	000.nodeclub.top
171360	2.85771107673645	0.09110498428344727	000.nodeclub.top
173376	2.8849778175354004	0.09226346015930176	000.nodeclub.top
175392	2.9124443531036377	0.0920419692993164	000.nodeclub.top
177408	2.941756010055542	0.0937347412109375	000.nodeclub.top
179424	2.9695682525634766	0.09345602989196777	000.nodeclub.top
181440	2.999093532562256	0.09148621559143066	000.nodeclub.top
183456	3.026254892349243	0.09379935264587402	000.nodeclub.top
185472	3.0597541332244873	0.09218740463256836	000.nodeclub.top
187488	3.091364860534668	0.09370946884155273	000.nodeclub.top
189504	3.5883467197418213	0.09253644943237305	000.nodeclub.top
191520	2.3263027667999268	0.09151768684387207	000.nodeclub.top
193536	2.3337748050689697	0.09162712097167969	000.nodeclub.top
195552	2.377314805984497	0.18593692779541016	000.nodeclub.top
