1	1.2428686618804932	0.08582425117492676	electrum.blockstream.info
2016	2.1625125408172607	0.08711504936218262	electrum.blockstream.info
4032	2.0527970790863037	0.08655023574829102	electrum.blockstream.info
6048	2.1184074878692627	0.08794760704040527	electrum.blockstream.info
8064	2.1369388103485107	0.08715462684631348	electrum.blockstream.info
10080	2.163611888885498	0.08628392219543457	electrum.blockstream.info
12096	2.2418394088745117	0.0875542163848877	electrum.blockstream.info
14112	2.2700202465057373	0.08900642395019531	electrum.blockstream.info
16128	2.3229548931121826	0.08679342269897461	electrum.blockstream.info
18144	2.39017915725708	0.08824682235717773	electrum.blockstream.info
20160	2.4385197162628174	0.08768081665039062	electrum.blockstream.info
22176	2.827150583267212	0.08503317832946777	electrum.blockstream.info
24192	2.621772050857544	0.08775520324707031	electrum.blockstream.info
26208	2.802493095397949	0.08722949028015137	electrum.blockstream.info
28224	3.7392635345458984	0.08664608001708984	electrum.blockstream.info
30240	2.7853941917419434	0.08758306503295898	electrum.blockstream.info
32256	3.0175702571868896	0.08720517158508301	electrum.blockstream.info
34272	3.042534112930298	0.08743095397949219	electrum.blockstream.info
36288	3.072498083114624	0.08815646171569824	electrum.blockstream.info
38304	3.127725601196289	0.08830475807189941	electrum.blockstream.info
40320	3.2085156440734863	0.08575868606567383	electrum.blockstream.info
42336	3.4009764194488525	0.08858275413513184	electrum.blockstream.info
44352	3.3659136295318604	0.08886075019836426	electrum.blockstream.info
46368	10.317353963851929	0.08615350723266602	electrum.blockstream.info
48384	3.731208324432373	0.08721923828125	electrum.blockstream.info
50401	0.9404101371765137	0.08787417411804199	electrum.blockstream.info
52416	0.32002687454223633	0.08754491806030273	electrum.blockstream.info
54432	0.16484594345092773	0.08663582801818848	electrum.blockstream.info
56448	0.16416144371032715	0.08650326728820801	electrum.blockstream.info
58464	0.16417646408081055	0.08653116226196289	electrum.blockstream.info
60480	0.16482019424438477	0.09029889106750488	electrum.blockstream.info
62496	0.47360992431640625	0.08659958839416504	electrum.blockstream.info
64512	0.9803223609924316	0.08607196807861328	electrum.blockstream.info
66528	0.6307117938995361	0.08635997772216797	electrum.blockstream.info
68544	0.4737229347229004	0.0853424072265625	electrum.blockstream.info
70560	0.319016695022583	0.08652091026306152	electrum.blockstream.info
72576	0.3185141086578369	0.08612847328186035	electrum.blockstream.info
74592	0.3175382614135742	0.08661150932312012	electrum.blockstream.info
76608	0.3197507858276367	0.08546924591064453	electrum.blockstream.info
78624	0.3185145854949951	0.08646798133850098	electrum.blockstream.info
80640	0.474639892578125	0.08623003959655762	electrum.blockstream.info
82656	0.4737560749053955	0.08626937866210938	electrum.blockstream.info
84672	0.4720957279205322	0.08625602722167969	electrum.blockstream.info
86688	0.4711148738861084	0.08744955062866211	electrum.blockstream.info
88704	0.31769776344299316	0.08627724647521973	electrum.blockstream.info
90720	0.3178589344024658	0.0877692699432373	electrum.blockstream.info
92736	0.3177676200866699	0.08758211135864258	electrum.blockstream.info
94752	0.31748175621032715	0.0868372917175293	electrum.blockstream.info
96768	0.3179295063018799	0.08612585067749023	electrum.blockstream.info
98784	0.31766581535339355	0.08560514450073242	electrum.blockstream.info
100800	0.3180363178253174	0.08668136596679688	electrum.blockstream.info
102816	0.31794238090515137	0.08559727668762207	electrum.blockstream.info
104832	0.31851673126220703	0.0890495777130127	electrum.blockstream.info
106848	0.3177602291107178	0.08643054962158203	electrum.blockstream.info
108864	0.3180723190307617	0.08728408813476562	electrum.blockstream.info
110880	0.3179924488067627	0.08672499656677246	electrum.blockstream.info
112896	0.31773924827575684	0.08871746063232422	electrum.blockstream.info
114912	0.31809544563293457	0.08806252479553223	electrum.blockstream.info
116928	0.31856226921081543	0.0891728401184082	electrum.blockstream.info
118944	0.31796717643737793	0.08872270584106445	electrum.blockstream.info
120960	0.3180108070373535	0.08771538734436035	electrum.blockstream.info
122976	0.31796979904174805	0.08736681938171387	electrum.blockstream.info
124992	0.3193373680114746	0.0879065990447998	electrum.blockstream.info
127008	0.31876420974731445	0.08717489242553711	electrum.blockstream.info
129024	0.3188920021057129	0.08852028846740723	electrum.blockstream.info
131040	0.31773948669433594	0.08752989768981934	electrum.blockstream.info
133056	0.31801819801330566	0.08885431289672852	electrum.blockstream.info
135072	0.31844329833984375	0.08993124961853027	electrum.blockstream.info
137088	0.31865787506103516	0.08875823020935059	electrum.blockstream.info
139104	0.3197922706604004	0.0881345272064209	electrum.blockstream.info
141120	0.31967639923095703	0.08730578422546387	electrum.blockstream.info
143136	0.31957507133483887	0.08855223655700684	electrum.blockstream.info
145152	0.3194561004638672	0.08814764022827148	electrum.blockstream.info
147168	0.31768369674682617	0.088226318359375	electrum.blockstream.info
149184	0.3178384304046631	0.08915472030639648	electrum.blockstream.info
151200	0.31886768341064453	0.08773040771484375	electrum.blockstream.info
153216	0.31836986541748047	0.08755135536193848	electrum.blockstream.info
155232	0.3189983367919922	0.0883185863494873	electrum.blockstream.info
157248	0.3173801898956299	0.08826422691345215	electrum.blockstream.info
159264	0.31880760192871094	0.0889899730682373	electrum.blockstream.info
161280	0.31760621070861816	0.09190893173217773	electrum.blockstream.info
163296	0.31795167922973633	0.08787870407104492	electrum.blockstream.info
165312	0.31832194328308105	0.08773136138916016	electrum.blockstream.info
167328	0.31794047355651855	0.08790421485900879	electrum.blockstream.info
169344	0.47358059883117676	0.08714628219604492	electrum.blockstream.info
171360	0.47228312492370605	0.08745741844177246	electrum.blockstream.info
173376	0.47112345695495605	0.08722305297851562	electrum.blockstream.info
175392	0.31772875785827637	0.08732247352600098	electrum.blockstream.info
177408	0.3181796073913574	0.08862590789794922	electrum.blockstream.info
179424	0.31821632385253906	0.08731985092163086	electrum.blockstream.info
181440	0.3180046081542969	0.09178042411804199	electrum.blockstream.info
183456	0.3175539970397949	0.08707141876220703	electrum.blockstream.info
185472	0.3185563087463379	0.08789205551147461	electrum.blockstream.info
187488	0.3176424503326416	0.08795619010925293	electrum.blockstream.info
189504	0.3182497024536133	0.08733701705932617	electrum.blockstream.info
191520	0.31838059425354004	0.08754825592041016	electrum.blockstream.info
193536	0.3176727294921875	0.0871129035949707	electrum.blockstream.info
195552	0.31783604621887207	0.0881650447845459	electrum.blockstream.info
197568	0.31813526153564453	0.08717632293701172	electrum.blockstream.info
199584	0.31880807876586914	0.08681797981262207	electrum.blockstream.info
201600	0.31801652908325195	0.08725476264953613	electrum.blockstream.info
203616	0.318422794342041	0.08856964111328125	electrum.blockstream.info
205632	0.3179357051849365	0.08839058876037598	electrum.blockstream.info
207648	0.3191256523132324	0.08865880966186523	electrum.blockstream.info
209664	0.31799817085266113	0.08800745010375977	electrum.blockstream.info
211680	0.3183612823486328	0.08928442001342773	electrum.blockstream.info
213696	0.31848740577697754	0.08872818946838379	electrum.blockstream.info
215712	0.3183417320251465	0.08836174011230469	electrum.blockstream.info
217728	0.31816792488098145	0.08974194526672363	electrum.blockstream.info
219744	0.3197462558746338	0.08887743949890137	electrum.blockstream.info
221760	0.3175661563873291	0.08818697929382324	electrum.blockstream.info
223776	0.3183872699737549	0.08815670013427734	electrum.blockstream.info
225792	0.4758882522583008	0.08798503875732422	electrum.blockstream.info
227808	0.4734375476837158	0.0883781909942627	electrum.blockstream.info
229824	0.47417616844177246	0.08736038208007812	electrum.blockstream.info
231840	0.3179740905761719	0.08804917335510254	electrum.blockstream.info
233856	0.31819701194763184	0.08786487579345703	electrum.blockstream.info
235872	0.3183014392852783	0.08758831024169922	electrum.blockstream.info
237888	0.31854891777038574	0.0876150131225586	electrum.blockstream.info
239904	0.31805920600891113	0.08814549446105957	electrum.blockstream.info
241920	0.31844305992126465	0.08934974670410156	electrum.blockstream.info
243936	0.31804394721984863	0.08842229843139648	electrum.blockstream.info
245952	0.3180384635925293	0.08735108375549316	electrum.blockstream.info
247968	0.3180859088897705	0.08927059173583984	electrum.blockstream.info
249984	0.319812536239624	0.08799409866333008	electrum.blockstream.info
252000	0.31771111488342285	0.0872950553894043	electrum.blockstream.info
254016	0.31807780265808105	0.08869671821594238	electrum.blockstream.info
256032	0.3179664611816406	0.08672475814819336	electrum.blockstream.info
258048	0.31874704360961914	0.08885717391967773	electrum.blockstream.info
260064	0.47302770614624023	0.08691644668579102	electrum.blockstream.info
262080	0.4730508327484131	0.08621072769165039	electrum.blockstream.info
264096	0.47203564643859863	0.08898591995239258	electrum.blockstream.info
266112	0.4736342430114746	0.0884850025177002	electrum.blockstream.info
268128	0.31755733489990234	0.08669590950012207	electrum.blockstream.info
270144	0.3182234764099121	0.0874485969543457	electrum.blockstream.info
272160	0.31918859481811523	0.08745169639587402	electrum.blockstream.info
274176	0.3176558017730713	0.08817887306213379	electrum.blockstream.info
276192	0.31794023513793945	0.08762431144714355	electrum.blockstream.info
278208	0.3181450366973877	0.0875389575958252	electrum.blockstream.info
280224	0.31944847106933594	0.08631634712219238	electrum.blockstream.info
282240	0.319415807723999	0.08664488792419434	electrum.blockstream.info
284256	0.3194701671600342	0.08756327629089355	electrum.blockstream.info
286272	0.3183104991912842	0.08809089660644531	electrum.blockstream.info
288288	0.31940579414367676	0.08845925331115723	electrum.blockstream.info
290304	0.3200201988220215	0.08735847473144531	electrum.blockstream.info
292320	0.31893253326416016	0.08898711204528809	electrum.blockstream.info
294336	0.3201134204864502	0.08912944793701172	electrum.blockstream.info
296352	0.31970834732055664	0.08956551551818848	electrum.blockstream.info
298368	0.31967806816101074	0.08923721313476562	electrum.blockstream.info
300384	0.32012414932250977	0.08923888206481934	electrum.blockstream.info
302400	0.31951165199279785	0.08680534362792969	electrum.blockstream.info
304416	0.31922101974487305	0.0876014232635498	electrum.blockstream.info
306432	0.3194870948791504	0.09010982513427734	electrum.blockstream.info
308448	0.319957971572876	0.08743500709533691	electrum.blockstream.info
310464	0.31952500343322754	0.08794951438903809	electrum.blockstream.info
312480	0.3198235034942627	0.08717775344848633	electrum.blockstream.info
314496	0.3216698169708252	0.08627152442932129	electrum.blockstream.info
316512	0.31925320625305176	0.08722186088562012	electrum.blockstream.info
318528	0.3190743923187256	0.08843088150024414	electrum.blockstream.info
320544	0.3202548027038574	0.08805656433105469	electrum.blockstream.info
322560	0.31964683532714844	0.08810544013977051	electrum.blockstream.info
324576	0.3191957473754883	0.08787226676940918	electrum.blockstream.info
326592	0.3197000026702881	0.08900642395019531	electrum.blockstream.info
328608	0.32001781463623047	0.0879049301147461	electrum.blockstream.info
330624	0.31995177268981934	0.08777403831481934	electrum.blockstream.info
332640	0.3189511299133301	0.0889279842376709	electrum.blockstream.info
334656	0.32016706466674805	0.08845639228820801	electrum.blockstream.info
336672	0.31775927543640137	0.08764123916625977	electrum.blockstream.info
338688	0.31917333602905273	0.08904242515563965	electrum.blockstream.info
340704	0.3179812431335449	0.08816313743591309	electrum.blockstream.info
342720	0.3193092346191406	0.08790063858032227	electrum.blockstream.info
344736	0.3179023265838623	0.08837056159973145	electrum.blockstream.info
346752	0.3188598155975342	0.08879232406616211	electrum.blockstream.info
348768	0.31865596771240234	0.0883936882019043	electrum.blockstream.info
350784	0.31999754905700684	0.08771944046020508	electrum.blockstream.info
352800	0.3190186023712158	0.08842730522155762	electrum.blockstream.info
354816	0.3186612129211426	0.0875096321105957	electrum.blockstream.info
356832	0.318955659866333	0.08844757080078125	electrum.blockstream.info
358848	0.3180274963378906	0.08833599090576172	electrum.blockstream.info
360864	0.31800198554992676	0.08784174919128418	electrum.blockstream.info
362880	0.31843090057373047	0.08936619758605957	electrum.blockstream.info
364896	0.47324419021606445	0.08779644966125488	electrum.blockstream.info
366912	0.318497896194458	0.08910942077636719	electrum.blockstream.info
368928	0.3180508613586426	0.08851122856140137	electrum.blockstream.info
370944	0.31839442253112793	0.08770585060119629	electrum.blockstream.info
372960	0.3178536891937256	0.08859419822692871	electrum.blockstream.info
374976	0.3189690113067627	0.08882546424865723	electrum.blockstream.info
376992	0.3181722164154053	0.0882565975189209	electrum.blockstream.info
379008	0.47234368324279785	0.08805990219116211	electrum.blockstream.info
381024	0.4730386734008789	0.0888359546661377	electrum.blockstream.info
383040	0.4721696376800537	0.08864188194274902	electrum.blockstream.info
385056	0.47321486473083496	0.08862638473510742	electrum.blockstream.info
387072	0.31796932220458984	0.08905768394470215	electrum.blockstream.info
389088	0.31850719451904297	0.08858442306518555	electrum.blockstream.info
391104	0.3180234432220459	0.0894007682800293	electrum.blockstream.info
393120	0.3202550411224365	0.08908224105834961	electrum.blockstream.info
395136	0.31760668754577637	0.08847856521606445	electrum.blockstream.info
397152	0.32024073600769043	0.08814144134521484	electrum.blockstream.info
399168	0.31969690322875977	0.0900733470916748	electrum.blockstream.info
401184	0.3176891803741455	0.08806562423706055	electrum.blockstream.info
403200	0.31820034980773926	0.08902573585510254	electrum.blockstream.info
405216	0.31975746154785156	0.08936357498168945	electrum.blockstream.info
407232	0.31781435012817383	0.08996391296386719	electrum.blockstream.info
409248	0.31787872314453125	0.08921360969543457	electrum.blockstream.info
411264	0.31824541091918945	0.0895838737487793	electrum.blockstream.info
413280	0.31835174560546875	0.08919858932495117	electrum.blockstream.info
415296	0.319988489151001	0.08874249458312988	electrum.blockstream.info
417312	0.3181438446044922	0.0896456241607666	electrum.blockstream.info
419328	0.31914234161376953	0.08912086486816406	electrum.blockstream.info
421344	0.3195054531097412	0.08905839920043945	electrum.blockstream.info
423360	0.31972384452819824	0.08886075019836426	electrum.blockstream.info
425376	0.3194098472595215	0.08911585807800293	electrum.blockstream.info
427392	0.31775903701782227	0.0932774543762207	electrum.blockstream.info
429408	0.3174862861633301	0.08825802803039551	electrum.blockstream.info
431424	0.31979966163635254	0.08800101280212402	electrum.blockstream.info
433440	0.3201019763946533	0.08707809448242188	electrum.blockstream.info
435456	0.31900644302368164	0.0885164737701416	electrum.blockstream.info
437472	0.3180370330810547	0.08859848976135254	electrum.blockstream.info
439488	0.32036781311035156	0.0876321792602539	electrum.blockstream.info
441504	0.3210759162902832	0.08747410774230957	electrum.blockstream.info
443520	0.32073140144348145	0.08760333061218262	electrum.blockstream.info
445536	0.3181722164154053	0.0889596939086914	electrum.blockstream.info
447552	0.31894755363464355	0.0881655216217041	electrum.blockstream.info
449568	0.31873393058776855	0.08790779113769531	electrum.blockstream.info
451584	0.3182797431945801	0.08765387535095215	electrum.blockstream.info
453600	0.318065881729126	0.08835792541503906	electrum.blockstream.info
455616	0.3180665969848633	0.08744978904724121	electrum.blockstream.info
457632	0.31858158111572266	0.08867454528808594	electrum.blockstream.info
459648	0.31891846656799316	0.08777332305908203	electrum.blockstream.info
461664	0.3183572292327881	0.0880270004272461	electrum.blockstream.info
463680	0.318864107131958	0.08731436729431152	electrum.blockstream.info
465696	0.31737732887268066	0.08668828010559082	electrum.blockstream.info
467712	0.317737340927124	0.08545422554016113	electrum.blockstream.info
469728	0.3191049098968506	0.08770275115966797	electrum.blockstream.info
471744	0.31749439239501953	0.08556890487670898	electrum.blockstream.info
473760	0.31912684440612793	0.08543777465820312	electrum.blockstream.info
475776	0.3199901580810547	0.08569669723510742	electrum.blockstream.info
477792	0.31919193267822266	0.08619260787963867	electrum.blockstream.info
479808	0.4751923084259033	0.08630037307739258	electrum.blockstream.info
481824	0.3186323642730713	0.08867096900939941	electrum.blockstream.info
483840	0.31900501251220703	0.09089970588684082	electrum.blockstream.info
485856	0.31984972953796387	0.0884864330291748	electrum.blockstream.info
487872	0.32007908821105957	0.0868539810180664	electrum.blockstream.info
489888	0.32172489166259766	0.08792901039123535	electrum.blockstream.info
491904	0.322007417678833	0.08660650253295898	electrum.blockstream.info
493920	0.32146453857421875	0.08639168739318848	electrum.blockstream.info
495936	0.31929659843444824	0.08895707130432129	electrum.blockstream.info
497952	0.3191401958465576	0.08747315406799316	electrum.blockstream.info
499968	0.3196594715118408	0.08525538444519043	electrum.blockstream.info
501984	0.47319960594177246	0.0871284008026123	electrum.blockstream.info
504000	0.4742720127105713	0.08613228797912598	electrum.blockstream.info
506016	0.47206687927246094	0.08939409255981445	electrum.blockstream.info
508032	0.31944918632507324	0.08771920204162598	electrum.blockstream.info
510048	0.31945085525512695	0.08899450302124023	electrum.blockstream.info
512064	0.3221440315246582	0.08801937103271484	electrum.blockstream.info
514080	0.32149410247802734	0.0889592170715332	electrum.blockstream.info
516096	0.319868803024292	0.08886504173278809	electrum.blockstream.info
518112	0.3187415599822998	0.08849501609802246	electrum.blockstream.info
520128	0.3198966979980469	0.08815526962280273	electrum.blockstream.info
522144	0.3195028305053711	0.08812141418457031	electrum.blockstream.info
524160	0.31793665885925293	0.08832883834838867	electrum.blockstream.info
526176	0.317995548248291	0.08876609802246094	electrum.blockstream.info
528192	0.31938791275024414	0.08865904808044434	electrum.blockstream.info
530208	0.3178739547729492	0.08939290046691895	electrum.blockstream.info
532224	0.3192596435546875	0.0893549919128418	electrum.blockstream.info
534240	0.319216251373291	0.08846926689147949	electrum.blockstream.info
536256	0.3194277286529541	0.08971714973449707	electrum.blockstream.info
538272	0.31842494010925293	0.0890505313873291	electrum.blockstream.info
540288	0.31856322288513184	0.08945965766906738	electrum.blockstream.info
542304	0.31758642196655273	0.08895111083984375	electrum.blockstream.info
544320	0.3177676200866699	0.08879923820495605	electrum.blockstream.info
546336	0.31967782974243164	0.08794665336608887	electrum.blockstream.info
548352	0.3185880184173584	0.08876872062683105	electrum.blockstream.info
550368	0.31810855865478516	0.08889341354370117	electrum.blockstream.info
552384	0.31874680519104004	0.08862185478210449	electrum.blockstream.info
554400	0.31961703300476074	0.08816218376159668	electrum.blockstream.info
556416	0.3192598819732666	0.08919644355773926	electrum.blockstream.info
558432	0.31871771812438965	0.08830094337463379	electrum.blockstream.info
560448	0.31867003440856934	0.0895543098449707	electrum.blockstream.info
562464	0.3196849822998047	0.08876538276672363	electrum.blockstream.info
564480	0.32086825370788574	0.08904600143432617	electrum.blockstream.info
566496	0.32071495056152344	0.08959388732910156	electrum.blockstream.info
568512	0.31836938858032227	0.08807873725891113	electrum.blockstream.info
570528	0.31833338737487793	0.08806562423706055	electrum.blockstream.info
572544	0.3194115161895752	0.08793377876281738	electrum.blockstream.info
574560	0.31813478469848633	0.08841776847839355	electrum.blockstream.info
576576	0.3187081813812256	0.08900666236877441	electrum.blockstream.info
578592	0.3188292980194092	0.08867239952087402	electrum.blockstream.info
580608	0.31858086585998535	0.08920717239379883	electrum.blockstream.info
582624	0.3183274269104004	0.08901619911193848	electrum.blockstream.info
584640	0.3185305595397949	0.0890343189239502	electrum.blockstream.info
586656	0.31878209114074707	0.08767890930175781	electrum.blockstream.info
588672	0.3207683563232422	0.08919215202331543	electrum.blockstream.info
590688	0.3204376697540283	0.0874929428100586	electrum.blockstream.info
592704	0.32100343704223633	0.08774662017822266	electrum.blockstream.info
594720	0.31885457038879395	0.08782196044921875	electrum.blockstream.info
596736	0.31844258308410645	0.08832979202270508	electrum.blockstream.info
598752	0.4730684757232666	0.08871245384216309	electrum.blockstream.info
600768	0.47211265563964844	0.08855652809143066	electrum.blockstream.info
602784	0.31781005859375	0.08944845199584961	electrum.blockstream.info
604800	0.31778621673583984	0.08893442153930664	electrum.blockstream.info
606816	0.31826281547546387	0.08830714225769043	electrum.blockstream.info
608832	0.3193647861480713	0.08862757682800293	electrum.blockstream.info
610848	0.3176424503326416	0.08831977844238281	electrum.blockstream.info
612864	0.31822943687438965	0.08793997764587402	electrum.blockstream.info
614880	0.31740355491638184	0.0892643928527832	electrum.blockstream.info
616896	0.31922125816345215	0.08844184875488281	electrum.blockstream.info
618912	0.3173518180847168	0.08807659149169922	electrum.blockstream.info
620928	0.31904077529907227	0.08849215507507324	electrum.blockstream.info
622944	0.3189666271209717	0.0873258113861084	electrum.blockstream.info
624960	0.3193237781524658	0.08806657791137695	electrum.blockstream.info
626976	0.3192169666290283	0.08855295181274414	electrum.blockstream.info
628992	0.3181796073913574	0.08982682228088379	electrum.blockstream.info
631008	0.4720458984375	0.08741641044616699	electrum.blockstream.info
633024	0.4723029136657715	0.08891606330871582	electrum.blockstream.info
635040	0.36144256591796875	0.10457205772399902	electrum.blockstream.info
637056	0.3206174373626709	0.08822417259216309	electrum.blockstream.info
639072	0.3200106620788574	0.09065127372741699	electrum.blockstream.info
641088	0.3201713562011719	0.08830904960632324	electrum.blockstream.info
643104	0.31767916679382324	0.0879218578338623	electrum.blockstream.info
645120	0.31815409660339355	0.08920836448669434	electrum.blockstream.info
647136	0.31818151473999023	0.08825159072875977	electrum.blockstream.info
649152	0.3185720443725586	0.08904099464416504	electrum.blockstream.info
651168	0.31895899772644043	0.08882904052734375	electrum.blockstream.info
653184	0.31793212890625	0.08859992027282715	electrum.blockstream.info
655200	0.31860828399658203	0.089447021484375	electrum.blockstream.info
657216	0.3151357173919678	0.05641031265258789	electrum.blockstream.info
