1	0.59586501121521	0.0867002010345459	blockstream.info
2016	0.3913877010345459	0.0868070125579834	blockstream.info
4032	0.41574668884277344	0.08722233772277832	blockstream.info
6048	0.4101569652557373	0.0874338150024414	blockstream.info
8064	0.4054393768310547	0.08571434020996094	blockstream.info
10080	0.4097437858581543	0.08700704574584961	blockstream.info
12096	0.40927815437316895	0.08634018898010254	blockstream.info
14112	0.41124558448791504	0.08665132522583008	blockstream.info
16128	0.41228532791137695	0.08662962913513184	blockstream.info
18144	0.40858006477355957	0.08751368522644043	blockstream.info
20160	0.4061391353607178	0.08707141876220703	blockstream.info
22176	0.4138171672821045	0.08653092384338379	blockstream.info
24192	0.4077296257019043	0.08680891990661621	blockstream.info
26208	0.40962791442871094	0.09088301658630371	blockstream.info
28224	0.4125509262084961	0.0858616828918457	blockstream.info
30240	0.41427159309387207	0.08532881736755371	blockstream.info
32256	0.409254789352417	0.1726374626159668	blockstream.info
34272	0.4112558364868164	0.1506659984588623	blockstream.info
36288	0.6543526649475098	0.08658552169799805	blockstream.info
38304	0.4097135066986084	0.08925938606262207	blockstream.info
40320	0.41147613525390625	0.08635354042053223	blockstream.info
42336	0.4136180877685547	0.08578205108642578	blockstream.info
44352	0.40967583656311035	0.08709073066711426	blockstream.info
46368	0.41141486167907715	0.08583426475524902	blockstream.info
48384	0.41351771354675293	0.08645033836364746	blockstream.info
50400	0.41502857208251953	0.08516049385070801	blockstream.info
52416	0.4124631881713867	0.08528566360473633	blockstream.info
54432	0.4129035472869873	0.08504962921142578	blockstream.info
56448	0.4151291847229004	0.08508825302124023	blockstream.info
58464	0.4103569984436035	0.08739328384399414	blockstream.info
60480	0.40897130966186523	0.08751869201660156	blockstream.info
62496	0.40892529487609863	0.08539628982543945	blockstream.info
64512	0.4122745990753174	0.08684682846069336	blockstream.info
66528	0.41338682174682617	0.08644223213195801	blockstream.info
68544	0.4148845672607422	0.08567571640014648	blockstream.info
70560	0.41217923164367676	0.08745503425598145	blockstream.info
72576	0.4139983654022217	0.0878293514251709	blockstream.info
74592	0.41214942932128906	0.08810687065124512	blockstream.info
76608	0.4144163131713867	0.0858914852142334	blockstream.info
78624	0.408139705657959	0.08791637420654297	blockstream.info
80640	0.41065144538879395	0.08667516708374023	blockstream.info
82656	0.4119408130645752	0.08582329750061035	blockstream.info
84672	0.41306495666503906	0.0865480899810791	blockstream.info
86688	0.4150240421295166	0.08737349510192871	blockstream.info
88704	0.40955495834350586	0.08568453788757324	blockstream.info
90720	0.41042399406433105	0.08612227439880371	blockstream.info
92736	0.40977907180786133	0.08617210388183594	blockstream.info
94752	0.4119596481323242	0.08722662925720215	blockstream.info
96768	0.411715030670166	0.08679556846618652	blockstream.info
98784	0.405733585357666	0.08766961097717285	blockstream.info
100800	0.40868210792541504	0.08668303489685059	blockstream.info
102816	0.4103114604949951	0.08757591247558594	blockstream.info
104832	0.4088764190673828	0.0872645378112793	blockstream.info
106848	0.4119277000427246	0.08739042282104492	blockstream.info
108864	0.41074490547180176	0.08748245239257812	blockstream.info
110880	0.4053318500518799	0.08675527572631836	blockstream.info
112896	0.4190673828125	0.08704423904418945	blockstream.info
114912	0.4190680980682373	0.08812284469604492	blockstream.info
116928	0.4154543876647949	0.08865499496459961	blockstream.info
118944	0.4172074794769287	0.08965158462524414	blockstream.info
120960	0.40929198265075684	0.08901691436767578	blockstream.info
122976	0.4125239849090576	0.08829331398010254	blockstream.info
124992	0.4100804328918457	0.08797478675842285	blockstream.info
127008	0.4222433567047119	0.08743524551391602	blockstream.info
129024	0.42746877670288086	0.08797717094421387	blockstream.info
131040	0.414309024810791	0.08735346794128418	blockstream.info
133056	0.40865325927734375	0.08789634704589844	blockstream.info
135072	0.4092104434967041	0.08755803108215332	blockstream.info
137088	0.408099889755249	0.08797454833984375	blockstream.info
139104	0.411928653717041	0.08788919448852539	blockstream.info
141120	0.40676021575927734	0.08735466003417969	blockstream.info
143136	0.4112536907196045	0.08791804313659668	blockstream.info
145152	0.4134805202484131	0.08849239349365234	blockstream.info
147168	0.41184520721435547	0.08767390251159668	blockstream.info
149184	0.41063785552978516	0.08770942687988281	blockstream.info
151200	0.4081389904022217	0.08826828002929688	blockstream.info
153216	0.41119837760925293	0.08808422088623047	blockstream.info
155232	0.6514842510223389	0.08713746070861816	blockstream.info
157248	0.41203832626342773	0.08674049377441406	blockstream.info
159264	0.4149351119995117	0.0866236686706543	blockstream.info
161280	0.41572093963623047	0.08665752410888672	blockstream.info
163296	0.4112424850463867	0.08722925186157227	blockstream.info
165312	0.41208529472351074	0.08680129051208496	blockstream.info
167328	0.4144585132598877	0.08651328086853027	blockstream.info
169344	0.41239237785339355	0.08714461326599121	blockstream.info
171360	0.414093017578125	0.08683443069458008	blockstream.info
173376	0.41497206687927246	0.08680343627929688	blockstream.info
175392	0.40964770317077637	0.08760952949523926	blockstream.info
177408	0.41153526306152344	0.08718228340148926	blockstream.info
179424	0.41430091857910156	0.08715415000915527	blockstream.info
181440	0.4107215404510498	0.08720874786376953	blockstream.info
183456	0.41210341453552246	0.08815836906433105	blockstream.info
185472	0.414808988571167	0.08813810348510742	blockstream.info
187488	0.40732693672180176	0.08804154396057129	blockstream.info
189504	0.409771203994751	0.09080767631530762	blockstream.info
191520	0.4104423522949219	0.08779120445251465	blockstream.info
193536	0.4131786823272705	0.08808350563049316	blockstream.info
195552	0.4094817638397217	0.08691930770874023	blockstream.info
197568	0.41181397438049316	0.08729887008666992	blockstream.info
199584	0.4068489074707031	0.08646535873413086	blockstream.info
201600	0.40875744819641113	0.0871124267578125	blockstream.info
203616	0.40686511993408203	0.08701872825622559	blockstream.info
205632	0.40874385833740234	0.08736610412597656	blockstream.info
207648	0.4107027053833008	0.08676719665527344	blockstream.info
209664	0.40928196907043457	0.08842992782592773	blockstream.info
211680	0.41150474548339844	0.08820867538452148	blockstream.info
213696	0.408919095993042	0.08749628067016602	blockstream.info
215712	0.41249942779541016	0.08806633949279785	blockstream.info
217728	0.40967249870300293	0.08839178085327148	blockstream.info
219744	0.40853095054626465	0.08711743354797363	blockstream.info
221760	0.4105246067047119	0.08757376670837402	blockstream.info
223776	0.4101436138153076	0.08662581443786621	blockstream.info
225792	0.6543965339660645	0.08805704116821289	blockstream.info
227808	0.40905022621154785	0.08902144432067871	blockstream.info
229824	0.4050719738006592	0.08686566352844238	blockstream.info
231840	0.4043705463409424	0.0865318775177002	blockstream.info
233856	0.409060001373291	0.08632707595825195	blockstream.info
235872	0.4100768566131592	0.0859684944152832	blockstream.info
237888	0.4180436134338379	0.08603310585021973	blockstream.info
239904	0.40639376640319824	0.0871891975402832	blockstream.info
241920	0.4092283248901367	0.08890724182128906	blockstream.info
243936	0.4057900905609131	0.08816385269165039	blockstream.info
245952	0.4072227478027344	0.0882711410522461	blockstream.info
247968	0.4044468402862549	0.08945059776306152	blockstream.info
249984	0.42231321334838867	0.08833575248718262	blockstream.info
252000	0.40972208976745605	0.08842802047729492	blockstream.info
254016	0.4091329574584961	0.09018683433532715	blockstream.info
256032	0.4116334915161133	0.08896708488464355	blockstream.info
258048	0.40552830696105957	0.0888664722442627	blockstream.info
260064	0.4080162048339844	0.08797621726989746	blockstream.info
262080	0.40799927711486816	0.08944439888000488	blockstream.info
264096	0.4086313247680664	0.08852434158325195	blockstream.info
266112	0.4031352996826172	0.08907294273376465	blockstream.info
268128	0.4097745418548584	0.08905029296875	blockstream.info
270144	0.4057595729827881	0.08857226371765137	blockstream.info
272160	0.4050929546356201	0.08638739585876465	blockstream.info
274176	0.41103053092956543	0.0861964225769043	blockstream.info
276192	0.40772438049316406	0.08867430686950684	blockstream.info
278208	0.4081544876098633	0.0877835750579834	blockstream.info
280224	0.40453052520751953	0.08881640434265137	blockstream.info
282240	0.4032881259918213	0.08900809288024902	blockstream.info
284256	0.40557360649108887	0.08934497833251953	blockstream.info
286272	0.409088134765625	0.08952140808105469	blockstream.info
288288	0.4071681499481201	0.08982300758361816	blockstream.info
290304	0.4101593494415283	0.08869743347167969	blockstream.info
292320	0.41046619415283203	0.08923578262329102	blockstream.info
294336	0.40953731536865234	0.09059286117553711	blockstream.info
296352	0.4069371223449707	0.09021544456481934	blockstream.info
298368	0.4081919193267822	0.08948493003845215	blockstream.info
300384	0.4076395034790039	0.08843350410461426	blockstream.info
302400	0.4099407196044922	0.08862686157226562	blockstream.info
304416	0.4090762138366699	0.08994841575622559	blockstream.info
306432	0.40991735458374023	0.08935046195983887	blockstream.info
308448	0.4060676097869873	0.09016060829162598	blockstream.info
310464	0.40613389015197754	0.08817553520202637	blockstream.info
312480	0.41033267974853516	0.08794212341308594	blockstream.info
314496	0.4077568054199219	0.08939051628112793	blockstream.info
316512	0.4054088592529297	0.0890645980834961	blockstream.info
318528	0.40374064445495605	0.09126448631286621	blockstream.info
320544	0.4057016372680664	0.0898752212524414	blockstream.info
322560	0.4110531806945801	0.08933854103088379	blockstream.info
324576	0.4095942974090576	0.0903322696685791	blockstream.info
326592	0.408064603805542	0.08998537063598633	blockstream.info
328608	0.647486686706543	0.08932876586914062	blockstream.info
330624	0.40685606002807617	0.08955907821655273	blockstream.info
332640	0.4082660675048828	0.09008502960205078	blockstream.info
334656	0.4116644859313965	0.09026384353637695	blockstream.info
336672	0.40798330307006836	0.08950567245483398	blockstream.info
338688	0.41014814376831055	0.08969998359680176	blockstream.info
340704	0.4098389148712158	0.09055042266845703	blockstream.info
342720	0.40636730194091797	0.08969354629516602	blockstream.info
344736	0.40738916397094727	0.0896310806274414	blockstream.info
346752	0.40537595748901367	0.09041881561279297	blockstream.info
348768	0.40433311462402344	0.08872318267822266	blockstream.info
350784	0.40773558616638184	0.08913135528564453	blockstream.info
352800	0.40767979621887207	0.08983254432678223	blockstream.info
354816	0.4217076301574707	0.0911092758178711	blockstream.info
356832	0.4148135185241699	0.09066462516784668	blockstream.info
358848	0.4151172637939453	0.08924174308776855	blockstream.info
360864	0.40529918670654297	0.08844757080078125	blockstream.info
362880	0.4111340045928955	0.08785676956176758	blockstream.info
364896	0.40537571907043457	0.09024453163146973	blockstream.info
366912	0.4062821865081787	0.09133052825927734	blockstream.info
368928	0.4052584171295166	0.08979249000549316	blockstream.info
370944	0.4103271961212158	0.08931446075439453	blockstream.info
372960	0.4104135036468506	0.08880615234375	blockstream.info
374976	0.4120750427246094	0.09042024612426758	blockstream.info
376992	0.41661739349365234	0.089141845703125	blockstream.info
379008	0.40717601776123047	0.0905609130859375	blockstream.info
381024	0.40676307678222656	0.08830046653747559	blockstream.info
383040	0.6482758522033691	0.09036016464233398	blockstream.info
385056	0.40430283546447754	0.08821344375610352	blockstream.info
387072	0.4069504737854004	0.08916783332824707	blockstream.info
389088	0.4142730236053467	0.0891730785369873	blockstream.info
391104	0.41052865982055664	0.0902101993560791	blockstream.info
393120	0.4067506790161133	0.0897836685180664	blockstream.info
395136	0.4048600196838379	0.08872818946838379	blockstream.info
397152	0.4072253704071045	0.08923006057739258	blockstream.info
399168	0.40658998489379883	0.08953022956848145	blockstream.info
401184	0.4076254367828369	0.08957815170288086	blockstream.info
403200	0.40651702880859375	0.08916878700256348	blockstream.info
405216	0.404346227645874	0.08976054191589355	blockstream.info
407232	0.40417051315307617	0.0895540714263916	blockstream.info
409248	0.40758585929870605	0.08937239646911621	blockstream.info
411264	0.4104301929473877	0.0897514820098877	blockstream.info
413280	0.4059562683105469	0.08998656272888184	blockstream.info
415296	0.40644407272338867	0.09000110626220703	blockstream.info
417312	0.4037044048309326	0.08861279487609863	blockstream.info
419328	0.40354251861572266	0.08794736862182617	blockstream.info
421344	0.41008591651916504	0.08811163902282715	blockstream.info
423360	0.40499424934387207	0.08897662162780762	blockstream.info
425376	0.4083695411682129	0.09162092208862305	blockstream.info
427392	0.403470516204834	0.08843088150024414	blockstream.info
429408	0.6490373611450195	0.08756518363952637	blockstream.info
431424	0.40883660316467285	0.09014415740966797	blockstream.info
433440	0.41405606269836426	0.0890655517578125	blockstream.info
435456	0.40910983085632324	0.0887751579284668	blockstream.info
437472	0.4058530330657959	0.09113478660583496	blockstream.info
439488	0.40778303146362305	0.0886380672454834	blockstream.info
441504	0.41120386123657227	0.0890810489654541	blockstream.info
443520	0.41250085830688477	0.08791804313659668	blockstream.info
445536	0.4105198383331299	0.08905863761901855	blockstream.info
447552	0.4116191864013672	0.08945918083190918	blockstream.info
449568	0.41251635551452637	0.08870768547058105	blockstream.info
451584	0.40818238258361816	0.09005379676818848	blockstream.info
453600	0.406827449798584	0.09045720100402832	blockstream.info
455616	0.4095425605773926	0.0888819694519043	blockstream.info
457632	0.4082465171813965	0.09096097946166992	blockstream.info
459648	0.41204285621643066	0.08819818496704102	blockstream.info
461664	0.40592074394226074	0.08764100074768066	blockstream.info
463680	0.4103431701660156	0.08954954147338867	blockstream.info
465696	0.40850305557250977	0.08876395225524902	blockstream.info
467712	0.4070453643798828	0.08806443214416504	blockstream.info
469728	0.4101128578186035	0.08901572227478027	blockstream.info
471744	0.40847349166870117	0.08910298347473145	blockstream.info
473760	0.40886545181274414	0.08724379539489746	blockstream.info
475776	0.40918993949890137	0.08792924880981445	blockstream.info
477792	0.4107387065887451	0.08832693099975586	blockstream.info
479808	0.4065823554992676	0.08842277526855469	blockstream.info
481824	0.41320228576660156	0.08837676048278809	blockstream.info
483840	0.40939784049987793	0.08831977844238281	blockstream.info
485856	0.4058036804199219	0.08946943283081055	blockstream.info
487872	0.40507960319519043	0.08985519409179688	blockstream.info
489888	0.40544724464416504	0.09073257446289062	blockstream.info
491904	0.4053936004638672	0.09073472023010254	blockstream.info
493920	0.4166445732116699	0.08918547630310059	blockstream.info
495936	0.40701746940612793	0.08874750137329102	blockstream.info
497952	0.4111638069152832	0.0909581184387207	blockstream.info
499968	0.40707898139953613	0.08991169929504395	blockstream.info
501984	0.4063868522644043	0.08934140205383301	blockstream.info
504000	0.407883882522583	0.08957672119140625	blockstream.info
506016	0.4028787612915039	0.08957576751708984	blockstream.info
508032	0.4087560176849365	0.08874702453613281	blockstream.info
510048	0.4140043258666992	0.09015107154846191	blockstream.info
512064	0.4144454002380371	0.08991456031799316	blockstream.info
514080	0.4081997871398926	0.0887460708618164	blockstream.info
516096	0.40952396392822266	0.08921027183532715	blockstream.info
518112	0.40546631813049316	0.09037590026855469	blockstream.info
520128	0.40590476989746094	0.08984231948852539	blockstream.info
522144	0.40347719192504883	0.08994436264038086	blockstream.info
524160	0.4042856693267822	0.0890662670135498	blockstream.info
526176	0.4055166244506836	0.08910346031188965	blockstream.info
528192	0.4072279930114746	0.08878612518310547	blockstream.info
530208	0.4081687927246094	0.08921432495117188	blockstream.info
532224	0.41402578353881836	0.08885717391967773	blockstream.info
534240	0.41564154624938965	0.0888984203338623	blockstream.info
536256	0.4062938690185547	0.09440875053405762	blockstream.info
538272	0.40621495246887207	0.08913278579711914	blockstream.info
540288	0.4065732955932617	0.08960437774658203	blockstream.info
542304	0.4071922302246094	0.08962011337280273	blockstream.info
544320	0.4109945297241211	0.08983874320983887	blockstream.info
546336	0.41199755668640137	0.08942151069641113	blockstream.info
548352	0.40378236770629883	0.08970785140991211	blockstream.info
550368	0.40369606018066406	0.08997917175292969	blockstream.info
552384	0.40701866149902344	0.08942055702209473	blockstream.info
554400	0.4051055908203125	0.08961701393127441	blockstream.info
556416	0.40934300422668457	0.08897089958190918	blockstream.info
558432	0.40534067153930664	0.08913588523864746	blockstream.info
560448	0.4071004390716553	0.08905220031738281	blockstream.info
562464	0.41059207916259766	0.08982276916503906	blockstream.info
564480	0.41517066955566406	0.08866548538208008	blockstream.info
566496	0.4056236743927002	0.08923721313476562	blockstream.info
568512	0.4059913158416748	0.08922123908996582	blockstream.info
570528	0.4048933982849121	0.08895587921142578	blockstream.info
572544	0.4131808280944824	0.08900809288024902	blockstream.info
574560	0.40528035163879395	0.0887594223022461	blockstream.info
576576	0.40894103050231934	0.08958554267883301	blockstream.info
578592	0.40438032150268555	0.09004569053649902	blockstream.info
580608	0.40374064445495605	0.08908581733703613	blockstream.info
582624	0.648517370223999	0.09000039100646973	blockstream.info
584640	0.40872621536254883	0.08968925476074219	blockstream.info
586656	0.4043405055999756	0.0891726016998291	blockstream.info
588672	0.4052753448486328	0.08926510810852051	blockstream.info
590688	0.4053077697753906	0.08930420875549316	blockstream.info
592704	0.40657567977905273	0.09011030197143555	blockstream.info
594720	0.40629124641418457	0.09238243103027344	blockstream.info
596736	0.40839362144470215	0.08860969543457031	blockstream.info
598752	0.4076366424560547	0.08837699890136719	blockstream.info
600768	0.40538692474365234	0.08903312683105469	blockstream.info
602784	0.40377378463745117	0.0906219482421875	blockstream.info
604800	0.40392327308654785	0.08883333206176758	blockstream.info
606816	0.40515780448913574	0.08965325355529785	blockstream.info
608832	0.4079854488372803	0.08994674682617188	blockstream.info
610848	0.40801405906677246	0.09023785591125488	blockstream.info
612864	0.41176438331604004	0.09044933319091797	blockstream.info
614880	0.40812230110168457	0.0907602310180664	blockstream.info
616896	0.4074101448059082	0.09101414680480957	blockstream.info
618912	0.40908241271972656	0.08957171440124512	blockstream.info
620928	0.4103074073791504	0.0910952091217041	blockstream.info
622944	0.4072835445404053	0.09026265144348145	blockstream.info
624960	0.4095420837402344	0.08751130104064941	blockstream.info
626976	0.40871739387512207	0.08825016021728516	blockstream.info
628992	0.41126132011413574	0.08823609352111816	blockstream.info
631008	0.4052302837371826	0.08921003341674805	blockstream.info
633024	0.40967845916748047	0.0889432430267334	blockstream.info
635040	0.40543174743652344	0.09016203880310059	blockstream.info
637056	0.40697312355041504	0.08999395370483398	blockstream.info
639072	0.40389370918273926	0.08963680267333984	blockstream.info
641088	0.40712547302246094	0.09006643295288086	blockstream.info
643104	0.40317559242248535	0.08852386474609375	blockstream.info
645120	0.4034299850463867	0.08842039108276367	blockstream.info
647136	0.4039754867553711	0.08847737312316895	blockstream.info
649152	0.6496374607086182	0.08854079246520996	blockstream.info
651168	0.40447497367858887	0.08880257606506348	blockstream.info
653184	0.40642619132995605	0.08913540840148926	blockstream.info
655200	0.40877199172973633	0.08902668952941895	blockstream.info
657216	0.3167734146118164	0.05675244331359863	blockstream.info
