1	0.9341342449188232	0.08658218383789062	electrum.emzy.de
2016	0.318159818649292	0.08549976348876953	electrum.emzy.de
4032	0.31770753860473633	0.09859967231750488	electrum.emzy.de
6048	0.3175814151763916	0.08820271492004395	electrum.emzy.de
8064	0.31736040115356445	0.08661293983459473	electrum.emzy.de
10080	0.3164238929748535	0.08612704277038574	electrum.emzy.de
12096	0.3165256977081299	0.08572268486022949	electrum.emzy.de
14112	0.48038220405578613	0.08655118942260742	electrum.emzy.de
16128	0.3329477310180664	0.08767223358154297	electrum.emzy.de
18144	0.3192939758300781	0.0873563289642334	electrum.emzy.de
20160	0.319368839263916	0.08661150932312012	electrum.emzy.de
22176	0.3189375400543213	0.08782196044921875	electrum.emzy.de
24192	0.319089412689209	0.0866236686706543	electrum.emzy.de
26208	0.47228145599365234	0.08700037002563477	electrum.emzy.de
28224	0.46993350982666016	0.08578777313232422	electrum.emzy.de
30240	0.3161582946777344	0.08679604530334473	electrum.emzy.de
32256	0.31688880920410156	0.16893482208251953	electrum.emzy.de
34272	0.3165857791900635	0.17635822296142578	electrum.emzy.de
36288	0.3195970058441162	0.08652019500732422	electrum.emzy.de
38304	0.3229043483734131	0.0860295295715332	electrum.emzy.de
40320	0.31757378578186035	0.08527207374572754	electrum.emzy.de
42336	0.3173375129699707	0.0841531753540039	electrum.emzy.de
44352	0.3171422481536865	0.08546638488769531	electrum.emzy.de
46368	0.317838191986084	0.08465266227722168	electrum.emzy.de
48384	0.3175320625305176	0.08390283584594727	electrum.emzy.de
50400	0.31818127632141113	0.0845944881439209	electrum.emzy.de
52416	0.3186619281768799	0.08524441719055176	electrum.emzy.de
54432	0.3175811767578125	0.08415842056274414	electrum.emzy.de
56448	0.3172025680541992	0.08624458312988281	electrum.emzy.de
58464	0.3173553943634033	0.08475613594055176	electrum.emzy.de
60480	0.31769680976867676	0.08503246307373047	electrum.emzy.de
62496	0.31896400451660156	0.08474421501159668	electrum.emzy.de
64512	0.31821370124816895	0.08496642112731934	electrum.emzy.de
66528	0.31858015060424805	0.08518314361572266	electrum.emzy.de
68544	0.318601131439209	0.08559894561767578	electrum.emzy.de
70560	0.31855249404907227	0.08863139152526855	electrum.emzy.de
72576	0.31946778297424316	0.08683347702026367	electrum.emzy.de
74592	0.3183767795562744	0.08666753768920898	electrum.emzy.de
76608	0.3177356719970703	0.0844874382019043	electrum.emzy.de
78624	0.31789135932922363	0.08860039710998535	electrum.emzy.de
80640	0.3192102909088135	0.08502340316772461	electrum.emzy.de
82656	0.3179137706756592	0.08440470695495605	electrum.emzy.de
84672	0.31768321990966797	0.08578634262084961	electrum.emzy.de
86688	0.3184382915496826	0.08505582809448242	electrum.emzy.de
88704	0.31802916526794434	0.08410334587097168	electrum.emzy.de
90720	0.3180718421936035	0.08433246612548828	electrum.emzy.de
92736	0.32358741760253906	0.08608746528625488	electrum.emzy.de
94752	0.3202383518218994	0.08480548858642578	electrum.emzy.de
96768	0.32201361656188965	0.08488273620605469	electrum.emzy.de
98784	0.3191695213317871	0.08505916595458984	electrum.emzy.de
100800	0.3180255889892578	0.0863192081451416	electrum.emzy.de
102816	0.31748485565185547	0.08533954620361328	electrum.emzy.de
104832	0.3181891441345215	0.08503460884094238	electrum.emzy.de
106848	0.31766319274902344	0.08634495735168457	electrum.emzy.de
108864	0.3186163902282715	0.08443617820739746	electrum.emzy.de
110880	0.31839537620544434	0.08353734016418457	electrum.emzy.de
112896	0.31821751594543457	0.08670353889465332	electrum.emzy.de
114912	0.31734442710876465	0.0848233699798584	electrum.emzy.de
116928	0.3183293342590332	0.08748459815979004	electrum.emzy.de
118944	0.3183283805847168	0.08513689041137695	electrum.emzy.de
120960	0.32457590103149414	0.08626508712768555	electrum.emzy.de
122976	0.31781840324401855	0.08513998985290527	electrum.emzy.de
124992	0.31813907623291016	0.0857844352722168	electrum.emzy.de
127008	0.31900644302368164	0.08639383316040039	electrum.emzy.de
129024	0.31695556640625	0.08757567405700684	electrum.emzy.de
131040	0.4724743366241455	0.0863034725189209	electrum.emzy.de
133056	0.3183302879333496	0.08658742904663086	electrum.emzy.de
135072	0.31760072708129883	0.08747339248657227	electrum.emzy.de
137088	0.316908597946167	0.08756875991821289	electrum.emzy.de
139104	0.31759071350097656	0.0860602855682373	electrum.emzy.de
141120	0.31728291511535645	0.08576560020446777	electrum.emzy.de
143136	0.3167288303375244	0.08658051490783691	electrum.emzy.de
145152	0.3176288604736328	0.08646965026855469	electrum.emzy.de
147168	0.3305165767669678	0.08710551261901855	electrum.emzy.de
149184	0.4754610061645508	0.08626222610473633	electrum.emzy.de
151200	0.4732232093811035	0.08709192276000977	electrum.emzy.de
153216	0.4756789207458496	0.08559107780456543	electrum.emzy.de
155232	0.3198566436767578	0.08612751960754395	electrum.emzy.de
157248	0.32126379013061523	0.0853574275970459	electrum.emzy.de
159264	0.3174705505371094	0.08537507057189941	electrum.emzy.de
161280	0.31792426109313965	0.08681535720825195	electrum.emzy.de
163296	0.318889856338501	0.08642077445983887	electrum.emzy.de
165312	0.31731653213500977	0.0868828296661377	electrum.emzy.de
167328	0.3169581890106201	0.08538603782653809	electrum.emzy.de
169344	0.3195500373840332	0.08573007583618164	electrum.emzy.de
171360	0.32320475578308105	0.08576059341430664	electrum.emzy.de
173376	0.32082509994506836	0.08548974990844727	electrum.emzy.de
175392	0.31719112396240234	0.08798050880432129	electrum.emzy.de
177408	0.3190276622772217	0.08701467514038086	electrum.emzy.de
179424	0.3163626194000244	0.08508014678955078	electrum.emzy.de
181440	0.31670188903808594	0.08632540702819824	electrum.emzy.de
183456	0.3169543743133545	0.08650970458984375	electrum.emzy.de
185472	0.3170430660247803	0.08590579032897949	electrum.emzy.de
187488	0.31708288192749023	0.08614897727966309	electrum.emzy.de
189504	0.3171553611755371	0.08679389953613281	electrum.emzy.de
191520	0.31828856468200684	0.0869600772857666	electrum.emzy.de
193536	0.3187065124511719	0.08526039123535156	electrum.emzy.de
195552	0.3177938461303711	0.0864112377166748	electrum.emzy.de
197568	0.3169517517089844	0.08498978614807129	electrum.emzy.de
199584	0.32250332832336426	0.08710026741027832	electrum.emzy.de
201600	0.3171546459197998	0.08635735511779785	electrum.emzy.de
203616	0.317594051361084	0.08588171005249023	electrum.emzy.de
205632	0.3168525695800781	0.08544301986694336	electrum.emzy.de
207648	0.3174622058868408	0.08594107627868652	electrum.emzy.de
209664	0.31735801696777344	0.08672833442687988	electrum.emzy.de
211680	0.31621360778808594	0.08619499206542969	electrum.emzy.de
213696	0.31687164306640625	0.08585572242736816	electrum.emzy.de
215712	0.31700921058654785	0.08546280860900879	electrum.emzy.de
217728	0.31996798515319824	0.0863959789276123	electrum.emzy.de
219744	0.31690049171447754	0.08453822135925293	electrum.emzy.de
221760	0.3166623115539551	0.08690476417541504	electrum.emzy.de
223776	0.31658434867858887	0.08648014068603516	electrum.emzy.de
225792	0.3175628185272217	0.08555173873901367	electrum.emzy.de
227808	0.47042417526245117	0.08599233627319336	electrum.emzy.de
229824	0.4699082374572754	0.08540725708007812	electrum.emzy.de
231840	0.4694211483001709	0.08563232421875	electrum.emzy.de
233856	0.31694459915161133	0.08558845520019531	electrum.emzy.de
235872	0.3170020580291748	0.0851144790649414	electrum.emzy.de
237888	0.3166029453277588	0.08602643013000488	electrum.emzy.de
239904	0.31651735305786133	0.0854640007019043	electrum.emzy.de
241920	0.31638073921203613	0.08545064926147461	electrum.emzy.de
243936	0.32169365882873535	0.08623862266540527	electrum.emzy.de
245952	0.31644320487976074	0.08604955673217773	electrum.emzy.de
247968	0.31711435317993164	0.08725166320800781	electrum.emzy.de
249984	0.31652283668518066	0.08585166931152344	electrum.emzy.de
252000	0.31672120094299316	0.08397269248962402	electrum.emzy.de
254016	0.31748342514038086	0.08453059196472168	electrum.emzy.de
256032	0.31911778450012207	0.08589553833007812	electrum.emzy.de
258048	0.31886982917785645	0.08561396598815918	electrum.emzy.de
260064	0.31836366653442383	0.08544659614562988	electrum.emzy.de
262080	0.31941962242126465	0.08558034896850586	electrum.emzy.de
264096	0.31850266456604004	0.08629727363586426	electrum.emzy.de
266112	0.31838130950927734	0.08608603477478027	electrum.emzy.de
268128	0.31865763664245605	0.08623600006103516	electrum.emzy.de
270144	0.3190767765045166	0.08575916290283203	electrum.emzy.de
272160	0.31847333908081055	0.08551335334777832	electrum.emzy.de
274176	0.31964945793151855	0.08613705635070801	electrum.emzy.de
276192	0.3196280002593994	0.08524918556213379	electrum.emzy.de
278208	0.31879734992980957	0.08574199676513672	electrum.emzy.de
280224	0.31847310066223145	0.086334228515625	electrum.emzy.de
282240	0.3173329830169678	0.08582139015197754	electrum.emzy.de
284256	0.47118258476257324	0.08682918548583984	electrum.emzy.de
286272	0.4723780155181885	0.08622074127197266	electrum.emzy.de
288288	0.471285343170166	0.08679890632629395	electrum.emzy.de
290304	0.3190114498138428	0.08561873435974121	electrum.emzy.de
292320	0.31953930854797363	0.08849620819091797	electrum.emzy.de
294336	0.31966400146484375	0.08952116966247559	electrum.emzy.de
296352	0.32533907890319824	0.08819961547851562	electrum.emzy.de
298368	0.31849169731140137	0.0889284610748291	electrum.emzy.de
300384	0.32294344902038574	0.08837199211120605	electrum.emzy.de
302400	0.3180081844329834	0.08715415000915527	electrum.emzy.de
304416	0.3184783458709717	0.08669376373291016	electrum.emzy.de
306432	0.3199276924133301	0.08810234069824219	electrum.emzy.de
308448	0.3184676170349121	0.08671021461486816	electrum.emzy.de
310464	0.31827592849731445	0.08654117584228516	electrum.emzy.de
312480	0.3177809715270996	0.0864105224609375	electrum.emzy.de
314496	0.31795310974121094	0.08700013160705566	electrum.emzy.de
316512	0.3181624412536621	0.08639240264892578	electrum.emzy.de
318528	0.3178682327270508	0.0868082046508789	electrum.emzy.de
320544	0.31818199157714844	0.08694195747375488	electrum.emzy.de
322560	0.32367682456970215	0.08678174018859863	electrum.emzy.de
324576	0.3178524971008301	0.08678221702575684	electrum.emzy.de
326592	0.3176100254058838	0.08728837966918945	electrum.emzy.de
328608	0.3164408206939697	0.08668017387390137	electrum.emzy.de
330624	0.317380428314209	0.08719658851623535	electrum.emzy.de
332640	0.31812596321105957	0.08679008483886719	electrum.emzy.de
334656	0.31797313690185547	0.08652830123901367	electrum.emzy.de
336672	0.3188657760620117	0.08726859092712402	electrum.emzy.de
338688	0.318986177444458	0.08754467964172363	electrum.emzy.de
340704	0.3178439140319824	0.08980870246887207	electrum.emzy.de
342720	0.31887125968933105	0.08642935752868652	electrum.emzy.de
344736	0.3185100555419922	0.08653140068054199	electrum.emzy.de
346752	0.3180725574493408	0.08681654930114746	electrum.emzy.de
348768	0.3181765079498291	0.08884024620056152	electrum.emzy.de
350784	0.3208305835723877	0.08619213104248047	electrum.emzy.de
352800	0.3186206817626953	0.08612370491027832	electrum.emzy.de
354816	0.31666064262390137	0.08706235885620117	electrum.emzy.de
356832	0.3177065849304199	0.08743548393249512	electrum.emzy.de
358848	0.4720191955566406	0.08723139762878418	electrum.emzy.de
360864	0.47180724143981934	0.08576083183288574	electrum.emzy.de
362880	0.47115445137023926	0.0856931209564209	electrum.emzy.de
364896	0.3181939125061035	0.08675551414489746	electrum.emzy.de
366912	0.3192784786224365	0.08705544471740723	electrum.emzy.de
368928	0.3191392421722412	0.0868990421295166	electrum.emzy.de
370944	0.3181939125061035	0.08675503730773926	electrum.emzy.de
372960	0.3186302185058594	0.08710813522338867	electrum.emzy.de
374976	0.3225693702697754	0.08617711067199707	electrum.emzy.de
376992	0.3174629211425781	0.08654356002807617	electrum.emzy.de
379008	0.31862545013427734	0.09211516380310059	electrum.emzy.de
381024	0.31850385665893555	0.0866854190826416	electrum.emzy.de
383040	0.31853556632995605	0.0863189697265625	electrum.emzy.de
385056	0.3177015781402588	0.08681941032409668	electrum.emzy.de
387072	0.31803202629089355	0.08670496940612793	electrum.emzy.de
389088	0.318439245223999	0.08635950088500977	electrum.emzy.de
391104	0.3183445930480957	0.08694601058959961	electrum.emzy.de
393120	0.31830644607543945	0.08689355850219727	electrum.emzy.de
395136	0.31849169731140137	0.0851907730102539	electrum.emzy.de
397152	0.31861281394958496	0.08522820472717285	electrum.emzy.de
399168	0.31913280487060547	0.09578704833984375	electrum.emzy.de
401184	0.31861162185668945	0.08641266822814941	electrum.emzy.de
403200	0.3178882598876953	0.08614778518676758	electrum.emzy.de
405216	0.31815099716186523	0.08696985244750977	electrum.emzy.de
407232	0.3182187080383301	0.08674740791320801	electrum.emzy.de
409248	0.47115159034729004	0.08675718307495117	electrum.emzy.de
411264	0.4706611633300781	0.08677840232849121	electrum.emzy.de
413280	0.4701504707336426	0.08730769157409668	electrum.emzy.de
415296	0.31832289695739746	0.08631753921508789	electrum.emzy.de
417312	0.3174712657928467	0.08644652366638184	electrum.emzy.de
419328	0.316817045211792	0.0860903263092041	electrum.emzy.de
421344	0.31718015670776367	0.0859217643737793	electrum.emzy.de
423360	0.316957950592041	0.08640766143798828	electrum.emzy.de
425376	0.3181643486022949	0.0859375	electrum.emzy.de
427392	0.3223550319671631	0.08512091636657715	electrum.emzy.de
429408	0.3172426223754883	0.08501982688903809	electrum.emzy.de
431424	0.3185851573944092	0.08622932434082031	electrum.emzy.de
433440	0.318103551864624	0.0849609375	electrum.emzy.de
435456	0.31792545318603516	0.08541703224182129	electrum.emzy.de
437472	0.31908440589904785	0.08590292930603027	electrum.emzy.de
439488	0.3185303211212158	0.08606266975402832	electrum.emzy.de
441504	0.3181722164154053	0.0852656364440918	electrum.emzy.de
443520	0.3170437812805176	0.08517098426818848	electrum.emzy.de
445536	0.31803369522094727	0.08566594123840332	electrum.emzy.de
447552	0.3176429271697998	0.08525967597961426	electrum.emzy.de
449568	0.31728219985961914	0.08690452575683594	electrum.emzy.de
451584	0.31764793395996094	0.08720517158508301	electrum.emzy.de
453600	0.3211376667022705	0.08736205101013184	electrum.emzy.de
455616	0.3172738552093506	0.08840203285217285	electrum.emzy.de
457632	0.3191967010498047	0.08721804618835449	electrum.emzy.de
459648	0.31837964057922363	0.08632779121398926	electrum.emzy.de
461664	0.31761860847473145	0.08683133125305176	electrum.emzy.de
463680	0.31739211082458496	0.08711481094360352	electrum.emzy.de
465696	0.31795239448547363	0.08737373352050781	electrum.emzy.de
467712	0.31780195236206055	0.08564186096191406	electrum.emzy.de
469728	0.31649041175842285	0.08522868156433105	electrum.emzy.de
471744	0.3173854351043701	0.0860145092010498	electrum.emzy.de
473760	0.3183329105377197	0.08733844757080078	electrum.emzy.de
475776	0.46961498260498047	0.08670783042907715	electrum.emzy.de
477792	0.46973514556884766	0.08701372146606445	electrum.emzy.de
479808	0.4742007255554199	0.08682823181152344	electrum.emzy.de
481824	0.3176381587982178	0.08637881278991699	electrum.emzy.de
483840	0.31722593307495117	0.08713650703430176	electrum.emzy.de
485856	0.31720590591430664	0.08798813819885254	electrum.emzy.de
487872	0.31717681884765625	0.08719897270202637	electrum.emzy.de
489888	0.31793904304504395	0.08831596374511719	electrum.emzy.de
491904	0.31695985794067383	0.08810091018676758	electrum.emzy.de
493920	0.31914210319519043	0.08806395530700684	electrum.emzy.de
495936	0.3183114528656006	0.08783483505249023	electrum.emzy.de
497952	0.3170595169067383	0.08869290351867676	electrum.emzy.de
499968	0.31676244735717773	0.08810210227966309	electrum.emzy.de
501984	0.31727147102355957	0.08861446380615234	electrum.emzy.de
504000	0.31752586364746094	0.08761286735534668	electrum.emzy.de
506016	0.32800745964050293	0.08822417259216309	electrum.emzy.de
508032	0.31680774688720703	0.08820271492004395	electrum.emzy.de
510048	0.3183281421661377	0.08892416954040527	electrum.emzy.de
512064	0.31951022148132324	0.08799338340759277	electrum.emzy.de
514080	0.3181297779083252	0.08875799179077148	electrum.emzy.de
516096	0.31876444816589355	0.0886223316192627	electrum.emzy.de
518112	0.31813931465148926	0.08806347846984863	electrum.emzy.de
520128	0.3181138038635254	0.08873128890991211	electrum.emzy.de
522144	0.3176853656768799	0.08871841430664062	electrum.emzy.de
524160	0.31707000732421875	0.08927583694458008	electrum.emzy.de
526176	0.31691884994506836	0.08822035789489746	electrum.emzy.de
528192	0.31646084785461426	0.08794331550598145	electrum.emzy.de
530208	0.31643199920654297	0.08805203437805176	electrum.emzy.de
532224	0.31740593910217285	0.08848738670349121	electrum.emzy.de
534240	0.3199477195739746	0.08770394325256348	electrum.emzy.de
536256	0.31771373748779297	0.08840012550354004	electrum.emzy.de
538272	0.3176250457763672	0.08830404281616211	electrum.emzy.de
540288	0.31688952445983887	0.08815383911132812	electrum.emzy.de
542304	0.3170816898345947	0.08812999725341797	electrum.emzy.de
544320	0.3178598880767822	0.08737611770629883	electrum.emzy.de
546336	0.3181722164154053	0.0881199836730957	electrum.emzy.de
548352	0.31760573387145996	0.08875060081481934	electrum.emzy.de
550368	0.3197660446166992	0.0889286994934082	electrum.emzy.de
552384	0.3177516460418701	0.0875847339630127	electrum.emzy.de
554400	0.3182644844055176	0.0881495475769043	electrum.emzy.de
556416	0.31867289543151855	0.08849143981933594	electrum.emzy.de
558432	0.320171594619751	0.08849215507507324	electrum.emzy.de
560448	0.3251039981842041	0.08835577964782715	electrum.emzy.de
562464	0.3178095817565918	0.08811163902282715	electrum.emzy.de
564480	0.31865382194519043	0.08935117721557617	electrum.emzy.de
566496	0.4706242084503174	0.08885765075683594	electrum.emzy.de
568512	0.4723470211029053	0.09069633483886719	electrum.emzy.de
570528	0.3180718421936035	0.08821630477905273	electrum.emzy.de
572544	0.3181285858154297	0.08815932273864746	electrum.emzy.de
574560	0.3190319538116455	0.08741998672485352	electrum.emzy.de
576576	0.31767773628234863	0.08809041976928711	electrum.emzy.de
578592	0.31884145736694336	0.08820128440856934	electrum.emzy.de
580608	0.31825828552246094	0.08766746520996094	electrum.emzy.de
582624	0.3178730010986328	0.0886075496673584	electrum.emzy.de
584640	0.317584753036499	0.08742928504943848	electrum.emzy.de
586656	0.3177809715270996	0.08770561218261719	electrum.emzy.de
588672	0.3167726993560791	0.08917427062988281	electrum.emzy.de
590688	0.3175523281097412	0.08740568161010742	electrum.emzy.de
592704	0.3230588436126709	0.08762192726135254	electrum.emzy.de
594720	0.31827712059020996	0.0878756046295166	electrum.emzy.de
596736	0.473372220993042	0.08764982223510742	electrum.emzy.de
598752	0.47066640853881836	0.08823943138122559	electrum.emzy.de
600768	0.4702935218811035	0.08703231811523438	electrum.emzy.de
602784	0.47081899642944336	0.08770394325256348	electrum.emzy.de
604800	0.31841373443603516	0.08875417709350586	electrum.emzy.de
606816	0.31714868545532227	0.08919715881347656	electrum.emzy.de
608832	0.3182544708251953	0.08700990676879883	electrum.emzy.de
610848	0.3181774616241455	0.08639097213745117	electrum.emzy.de
612864	0.3186163902282715	0.08854532241821289	electrum.emzy.de
614880	0.3208615779876709	0.08935046195983887	electrum.emzy.de
616896	0.33051300048828125	0.0878608226776123	electrum.emzy.de
618912	0.316511869430542	0.08774328231811523	electrum.emzy.de
620928	0.3167877197265625	0.08658576011657715	electrum.emzy.de
622944	0.3185737133026123	0.08677816390991211	electrum.emzy.de
624960	0.31668686866760254	0.08714699745178223	electrum.emzy.de
626976	0.31780242919921875	0.08794641494750977	electrum.emzy.de
628992	0.31769323348999023	0.08731746673583984	electrum.emzy.de
631008	0.3177931308746338	0.08727908134460449	electrum.emzy.de
633024	0.31647181510925293	0.08750319480895996	electrum.emzy.de
635040	0.31676483154296875	0.08737421035766602	electrum.emzy.de
637056	0.31640028953552246	0.08693504333496094	electrum.emzy.de
639072	0.31661510467529297	0.0872800350189209	electrum.emzy.de
641088	0.31646037101745605	0.08753633499145508	electrum.emzy.de
643104	0.3168792724609375	0.08702802658081055	electrum.emzy.de
645120	0.31746554374694824	0.08752751350402832	electrum.emzy.de
647136	0.3168303966522217	0.08673667907714844	electrum.emzy.de
649152	0.31730079650878906	0.08738279342651367	electrum.emzy.de
651168	0.317645788192749	0.08693480491638184	electrum.emzy.de
653184	0.3180990219116211	0.08728408813476562	electrum.emzy.de
655200	0.3174092769622803	0.08726000785827637	electrum.emzy.de
657216	0.315443754196167	0.05630326271057129	electrum.emzy.de
