1	0.7531032562255859	0.0868992805480957	electrumx.electricnewyear.net
2016	0.38640618324279785	0.08720684051513672	electrumx.electricnewyear.net
4032	0.4132652282714844	0.08678650856018066	electrumx.electricnewyear.net
6048	0.4092094898223877	0.08655023574829102	electrumx.electricnewyear.net
8064	0.4041557312011719	0.08697247505187988	electrumx.electricnewyear.net
10080	0.4045400619506836	0.08722710609436035	electrumx.electricnewyear.net
12096	0.4056384563446045	0.08625173568725586	electrumx.electricnewyear.net
14112	0.4069221019744873	0.08646607398986816	electrumx.electricnewyear.net
16128	0.40838050842285156	0.09977364540100098	electrumx.electricnewyear.net
18144	0.4112513065338135	0.08715629577636719	electrumx.electricnewyear.net
20160	0.40850234031677246	0.08693623542785645	electrumx.electricnewyear.net
22176	0.4085819721221924	0.08694314956665039	electrumx.electricnewyear.net
24192	0.4055826663970947	0.08650922775268555	electrumx.electricnewyear.net
26208	0.41223621368408203	0.08613276481628418	electrumx.electricnewyear.net
28224	0.4082643985748291	0.08636140823364258	electrumx.electricnewyear.net
30240	0.40408945083618164	0.08717632293701172	electrumx.electricnewyear.net
32256	0.4079577922821045	0.17586898803710938	electrumx.electricnewyear.net
34272	0.403397798538208	0.0865626335144043	electrumx.electricnewyear.net
36288	0.40663671493530273	0.08618521690368652	electrumx.electricnewyear.net
38304	0.4097108840942383	0.08616375923156738	electrumx.electricnewyear.net
40320	0.40515589714050293	0.08647584915161133	electrumx.electricnewyear.net
42336	0.4068019390106201	0.09050178527832031	electrumx.electricnewyear.net
44352	0.41820263862609863	0.0865325927734375	electrumx.electricnewyear.net
46368	0.4026072025299072	0.08515381813049316	electrumx.electricnewyear.net
48384	0.40950870513916016	0.08516407012939453	electrumx.electricnewyear.net
50400	0.4069819450378418	0.08608484268188477	electrumx.electricnewyear.net
52416	0.4060049057006836	0.08666038513183594	electrumx.electricnewyear.net
54432	0.4025919437408447	0.08590841293334961	electrumx.electricnewyear.net
56448	0.4019763469696045	0.08768033981323242	electrumx.electricnewyear.net
58464	0.4067809581756592	0.08644890785217285	electrumx.electricnewyear.net
60480	0.41100406646728516	0.08664083480834961	electrumx.electricnewyear.net
62496	0.40830254554748535	0.0872645378112793	electrumx.electricnewyear.net
64512	0.40889430046081543	0.08752822875976562	electrumx.electricnewyear.net
66528	0.40824270248413086	0.08564400672912598	electrumx.electricnewyear.net
68544	0.41376733779907227	0.08611178398132324	electrumx.electricnewyear.net
70560	0.40549445152282715	0.0859823226928711	electrumx.electricnewyear.net
72576	0.41164231300354004	0.08563494682312012	electrumx.electricnewyear.net
74592	0.40766167640686035	0.08609747886657715	electrumx.electricnewyear.net
76608	0.4035954475402832	0.0848844051361084	electrumx.electricnewyear.net
78624	0.4038717746734619	0.0854644775390625	electrumx.electricnewyear.net
80640	0.4011869430541992	0.08537864685058594	electrumx.electricnewyear.net
82656	0.404890775680542	0.0854954719543457	electrumx.electricnewyear.net
84672	0.40982699394226074	0.08492374420166016	electrumx.electricnewyear.net
86688	0.4097728729248047	0.08487224578857422	electrumx.electricnewyear.net
88704	0.40544939041137695	0.08445596694946289	electrumx.electricnewyear.net
90720	0.40708160400390625	0.08544111251831055	electrumx.electricnewyear.net
92736	0.4101841449737549	0.0845181941986084	electrumx.electricnewyear.net
94752	0.40836477279663086	0.08559060096740723	electrumx.electricnewyear.net
96768	0.40941548347473145	0.08616900444030762	electrumx.electricnewyear.net
98784	0.4107513427734375	0.08485150337219238	electrumx.electricnewyear.net
100800	0.4109971523284912	0.0852806568145752	electrumx.electricnewyear.net
102816	0.4046618938446045	0.08518147468566895	electrumx.electricnewyear.net
104832	0.41068124771118164	0.08445143699645996	electrumx.electricnewyear.net
106848	0.4078540802001953	0.08570218086242676	electrumx.electricnewyear.net
108864	0.40317630767822266	0.0848689079284668	electrumx.electricnewyear.net
110880	0.40578341484069824	0.08659577369689941	electrumx.electricnewyear.net
112896	0.40863680839538574	0.08964991569519043	electrumx.electricnewyear.net
114912	0.40407824516296387	0.0883932113647461	electrumx.electricnewyear.net
116928	0.40518736839294434	0.08949589729309082	electrumx.electricnewyear.net
118944	0.4096083641052246	0.09202194213867188	electrumx.electricnewyear.net
120960	0.4093754291534424	0.09105205535888672	electrumx.electricnewyear.net
122976	0.40872883796691895	0.08603477478027344	electrumx.electricnewyear.net
124992	0.4098522663116455	0.08738255500793457	electrumx.electricnewyear.net
127008	0.4188992977142334	0.0876321792602539	electrumx.electricnewyear.net
129024	0.4110739231109619	0.08778572082519531	electrumx.electricnewyear.net
131040	0.4067392349243164	0.08581972122192383	electrumx.electricnewyear.net
133056	0.405977725982666	0.08699750900268555	electrumx.electricnewyear.net
135072	0.40895891189575195	0.0882723331451416	electrumx.electricnewyear.net
137088	0.4097859859466553	0.08916234970092773	electrumx.electricnewyear.net
139104	0.40582799911499023	0.08696246147155762	electrumx.electricnewyear.net
141120	0.4068272113800049	0.08683347702026367	electrumx.electricnewyear.net
143136	0.4101865291595459	0.08732461929321289	electrumx.electricnewyear.net
145152	0.410320520401001	0.08681583404541016	electrumx.electricnewyear.net
147168	0.4085550308227539	0.08676743507385254	electrumx.electricnewyear.net
149184	0.4069232940673828	0.08773970603942871	electrumx.electricnewyear.net
151200	0.40809130668640137	0.0870048999786377	electrumx.electricnewyear.net
153216	0.4078235626220703	0.08724045753479004	electrumx.electricnewyear.net
155232	0.40759897232055664	0.08913373947143555	electrumx.electricnewyear.net
157248	0.4050569534301758	0.0882406234741211	electrumx.electricnewyear.net
159264	0.40589261054992676	0.08692216873168945	electrumx.electricnewyear.net
161280	0.4019808769226074	0.0873866081237793	electrumx.electricnewyear.net
163296	0.40694212913513184	0.08862042427062988	electrumx.electricnewyear.net
165312	0.40901803970336914	0.08812999725341797	electrumx.electricnewyear.net
167328	0.40804243087768555	0.08907055854797363	electrumx.electricnewyear.net
169344	0.40471506118774414	0.0881044864654541	electrumx.electricnewyear.net
171360	0.4053647518157959	0.08848786354064941	electrumx.electricnewyear.net
173376	0.4074892997741699	0.08755850791931152	electrumx.electricnewyear.net
175392	0.4051816463470459	0.0897367000579834	electrumx.electricnewyear.net
177408	0.4094233512878418	0.08820939064025879	electrumx.electricnewyear.net
179424	0.4094572067260742	0.08753824234008789	electrumx.electricnewyear.net
181440	0.41034579277038574	0.08756470680236816	electrumx.electricnewyear.net
183456	0.41137003898620605	0.08792614936828613	electrumx.electricnewyear.net
185472	0.4100468158721924	0.08856558799743652	electrumx.electricnewyear.net
187488	0.40900278091430664	0.08870983123779297	electrumx.electricnewyear.net
189504	0.4100193977355957	0.08777356147766113	electrumx.electricnewyear.net
191520	0.40811705589294434	0.0871741771697998	electrumx.electricnewyear.net
193536	0.40518760681152344	0.08762121200561523	electrumx.electricnewyear.net
195552	0.40847229957580566	0.08639264106750488	electrumx.electricnewyear.net
197568	0.40530872344970703	0.08651185035705566	electrumx.electricnewyear.net
199584	0.4085514545440674	0.08881282806396484	electrumx.electricnewyear.net
201600	0.40790534019470215	0.08842086791992188	electrumx.electricnewyear.net
203616	0.40497660636901855	0.08810687065124512	electrumx.electricnewyear.net
205632	0.4083085060119629	0.08808374404907227	electrumx.electricnewyear.net
207648	0.4081716537475586	0.08766865730285645	electrumx.electricnewyear.net
209664	0.40465474128723145	0.08713030815124512	electrumx.electricnewyear.net
211680	0.40810680389404297	0.08903908729553223	electrumx.electricnewyear.net
213696	0.4078068733215332	0.08784246444702148	electrumx.electricnewyear.net
215712	0.4100832939147949	0.08747696876525879	electrumx.electricnewyear.net
217728	0.4095134735107422	0.08769607543945312	electrumx.electricnewyear.net
219744	0.41036391258239746	0.08768010139465332	electrumx.electricnewyear.net
221760	0.40363574028015137	0.08869171142578125	electrumx.electricnewyear.net
223776	0.4068715572357178	0.08824634552001953	electrumx.electricnewyear.net
225792	0.40967607498168945	0.08872246742248535	electrumx.electricnewyear.net
227808	0.4107208251953125	0.08932209014892578	electrumx.electricnewyear.net
229824	0.4086902141571045	0.0884406566619873	electrumx.electricnewyear.net
231840	0.4088311195373535	0.08805155754089355	electrumx.electricnewyear.net
233856	0.4070088863372803	0.08792853355407715	electrumx.electricnewyear.net
235872	0.42679476737976074	0.08927130699157715	electrumx.electricnewyear.net
237888	0.4082815647125244	0.08944106101989746	electrumx.electricnewyear.net
239904	0.4089522361755371	0.08809161186218262	electrumx.electricnewyear.net
241920	0.416717529296875	0.08903813362121582	electrumx.electricnewyear.net
243936	0.4109156131744385	0.08818554878234863	electrumx.electricnewyear.net
245952	0.4037027359008789	0.0873105525970459	electrumx.electricnewyear.net
247968	0.41463804244995117	0.09011292457580566	electrumx.electricnewyear.net
249984	0.4119539260864258	0.08840346336364746	electrumx.electricnewyear.net
252000	0.40825510025024414	0.0884096622467041	electrumx.electricnewyear.net
254016	0.4087092876434326	0.08831024169921875	electrumx.electricnewyear.net
256032	0.40431976318359375	0.08962559700012207	electrumx.electricnewyear.net
258048	0.4047889709472656	0.08880281448364258	electrumx.electricnewyear.net
260064	0.40791845321655273	0.0901331901550293	electrumx.electricnewyear.net
262080	0.40285611152648926	0.09069561958312988	electrumx.electricnewyear.net
264096	0.4025254249572754	0.08883070945739746	electrumx.electricnewyear.net
266112	0.4069547653198242	0.08925819396972656	electrumx.electricnewyear.net
268128	0.4063277244567871	0.0903468132019043	electrumx.electricnewyear.net
270144	0.4051241874694824	0.08826684951782227	electrumx.electricnewyear.net
272160	0.4040834903717041	0.08883237838745117	electrumx.electricnewyear.net
274176	0.40831637382507324	0.08870100975036621	electrumx.electricnewyear.net
276192	0.40520143508911133	0.08917808532714844	electrumx.electricnewyear.net
278208	0.40467214584350586	0.08884787559509277	electrumx.electricnewyear.net
280224	0.4078807830810547	0.08962774276733398	electrumx.electricnewyear.net
282240	0.4040074348449707	0.08989787101745605	electrumx.electricnewyear.net
284256	0.40780162811279297	0.08935117721557617	electrumx.electricnewyear.net
286272	0.4081103801727295	0.09094476699829102	electrumx.electricnewyear.net
288288	0.4060201644897461	0.09038805961608887	electrumx.electricnewyear.net
290304	0.4104604721069336	0.0900421142578125	electrumx.electricnewyear.net
292320	0.4044618606567383	0.09064006805419922	electrumx.electricnewyear.net
294336	0.40854525566101074	0.0899198055267334	electrumx.electricnewyear.net
296352	0.40396952629089355	0.08989453315734863	electrumx.electricnewyear.net
298368	0.4020566940307617	0.08945703506469727	electrumx.electricnewyear.net
300384	0.4067561626434326	0.0899956226348877	electrumx.electricnewyear.net
302400	0.40874195098876953	0.09019756317138672	electrumx.electricnewyear.net
304416	0.40944552421569824	0.08983445167541504	electrumx.electricnewyear.net
306432	0.4118309020996094	0.0904386043548584	electrumx.electricnewyear.net
308448	0.40564608573913574	0.09026360511779785	electrumx.electricnewyear.net
310464	0.4078505039215088	0.09056210517883301	electrumx.electricnewyear.net
312480	0.40328097343444824	0.08865523338317871	electrumx.electricnewyear.net
314496	0.5345425605773926	0.08931303024291992	electrumx.electricnewyear.net
316512	0.4018261432647705	0.09037995338439941	electrumx.electricnewyear.net
318528	0.402925968170166	0.08965349197387695	electrumx.electricnewyear.net
320544	0.40733909606933594	0.09062051773071289	electrumx.electricnewyear.net
322560	0.40987133979797363	0.08884716033935547	electrumx.electricnewyear.net
324576	0.4066009521484375	0.09026432037353516	electrumx.electricnewyear.net
326592	0.4043281078338623	0.0896310806274414	electrumx.electricnewyear.net
328608	0.40316009521484375	0.08915901184082031	electrumx.electricnewyear.net
330624	0.40671634674072266	0.08919811248779297	electrumx.electricnewyear.net
332640	0.40746593475341797	0.08925557136535645	electrumx.electricnewyear.net
334656	0.40908050537109375	0.08945131301879883	electrumx.electricnewyear.net
336672	0.40633487701416016	0.09008955955505371	electrumx.electricnewyear.net
338688	0.4031815528869629	0.09063267707824707	electrumx.electricnewyear.net
340704	0.40524864196777344	0.09112071990966797	electrumx.electricnewyear.net
342720	0.40323686599731445	0.09008169174194336	electrumx.electricnewyear.net
344736	0.40556883811950684	0.08927249908447266	electrumx.electricnewyear.net
346752	0.4017043113708496	0.08934712409973145	electrumx.electricnewyear.net
348768	0.4049060344696045	0.08887791633605957	electrumx.electricnewyear.net
350784	0.4076554775238037	0.08933162689208984	electrumx.electricnewyear.net
352800	0.40909385681152344	0.0894172191619873	electrumx.electricnewyear.net
354816	0.40271997451782227	0.08901262283325195	electrumx.electricnewyear.net
356832	0.40335702896118164	0.08940362930297852	electrumx.electricnewyear.net
358848	0.4048454761505127	0.08953356742858887	electrumx.electricnewyear.net
360864	0.4079108238220215	0.08913087844848633	electrumx.electricnewyear.net
362880	0.40612363815307617	0.08878016471862793	electrumx.electricnewyear.net
364896	0.4083545207977295	0.0901646614074707	electrumx.electricnewyear.net
366912	0.40897703170776367	0.08966755867004395	electrumx.electricnewyear.net
368928	0.40645408630371094	0.09067010879516602	electrumx.electricnewyear.net
370944	0.4123501777648926	0.0898275375366211	electrumx.electricnewyear.net
372960	0.40622854232788086	0.09132695198059082	electrumx.electricnewyear.net
374976	0.41410040855407715	0.0895547866821289	electrumx.electricnewyear.net
376992	0.4111316204071045	0.08914804458618164	electrumx.electricnewyear.net
379008	0.41431665420532227	0.09023213386535645	electrumx.electricnewyear.net
381024	0.40789246559143066	0.08991837501525879	electrumx.electricnewyear.net
383040	0.40781617164611816	0.08986783027648926	electrumx.electricnewyear.net
385056	0.40549683570861816	0.08924698829650879	electrumx.electricnewyear.net
387072	0.4088423252105713	0.08985400199890137	electrumx.electricnewyear.net
389088	0.40341687202453613	0.09071826934814453	electrumx.electricnewyear.net
391104	0.4097902774810791	0.0897526741027832	electrumx.electricnewyear.net
393120	0.4085831642150879	0.08965945243835449	electrumx.electricnewyear.net
395136	0.41170239448547363	0.08904886245727539	electrumx.electricnewyear.net
397152	0.4083857536315918	0.08902978897094727	electrumx.electricnewyear.net
399168	0.40605831146240234	0.0889592170715332	electrumx.electricnewyear.net
401184	0.4050137996673584	0.08968162536621094	electrumx.electricnewyear.net
403200	0.40293240547180176	0.09000134468078613	electrumx.electricnewyear.net
405216	0.40819478034973145	0.09020256996154785	electrumx.electricnewyear.net
407232	0.40877318382263184	0.0899193286895752	electrumx.electricnewyear.net
409248	0.4062459468841553	0.08962631225585938	electrumx.electricnewyear.net
411264	0.40790438652038574	0.08896279335021973	electrumx.electricnewyear.net
413280	0.4078061580657959	0.08836054801940918	electrumx.electricnewyear.net
415296	0.4049696922302246	0.08959341049194336	electrumx.electricnewyear.net
417312	0.40299320220947266	0.08875441551208496	electrumx.electricnewyear.net
419328	0.4069206714630127	0.0894327163696289	electrumx.electricnewyear.net
421344	0.40770411491394043	0.08874034881591797	electrumx.electricnewyear.net
423360	0.4086441993713379	0.08895683288574219	electrumx.electricnewyear.net
425376	0.4078543186187744	0.08843493461608887	electrumx.electricnewyear.net
427392	0.4064650535583496	0.08902907371520996	electrumx.electricnewyear.net
429408	0.4028892517089844	0.08947300910949707	electrumx.electricnewyear.net
431424	0.4028053283691406	0.08890891075134277	electrumx.electricnewyear.net
433440	0.40512585639953613	0.08925294876098633	electrumx.electricnewyear.net
435456	0.4046328067779541	0.08929705619812012	electrumx.electricnewyear.net
437472	0.40900468826293945	0.08942604064941406	electrumx.electricnewyear.net
439488	0.40657687187194824	0.09250211715698242	electrumx.electricnewyear.net
441504	0.4081840515136719	0.08862543106079102	electrumx.electricnewyear.net
443520	0.40889525413513184	0.09003472328186035	electrumx.electricnewyear.net
445536	0.40325403213500977	0.09024882316589355	electrumx.electricnewyear.net
447552	0.4066290855407715	0.08922886848449707	electrumx.electricnewyear.net
449568	0.40289807319641113	0.08863472938537598	electrumx.electricnewyear.net
451584	0.4031531810760498	0.0884089469909668	electrumx.electricnewyear.net
453600	0.40514492988586426	0.08716368675231934	electrumx.electricnewyear.net
455616	0.40834951400756836	0.08832049369812012	electrumx.electricnewyear.net
457632	0.4114499092102051	0.08754253387451172	electrumx.electricnewyear.net
459648	0.4030017852783203	0.08778595924377441	electrumx.electricnewyear.net
461664	0.4057343006134033	0.08750009536743164	electrumx.electricnewyear.net
463680	0.4023420810699463	0.08890080451965332	electrumx.electricnewyear.net
465696	0.40241265296936035	0.08929753303527832	electrumx.electricnewyear.net
467712	0.4036424160003662	0.08991670608520508	electrumx.electricnewyear.net
469728	0.4013853073120117	0.0880742073059082	electrumx.electricnewyear.net
471744	0.40309906005859375	0.08967709541320801	electrumx.electricnewyear.net
473760	0.40789222717285156	0.08847427368164062	electrumx.electricnewyear.net
475776	0.402773380279541	0.0880289077758789	electrumx.electricnewyear.net
477792	0.40256214141845703	0.08786320686340332	electrumx.electricnewyear.net
479808	0.403961181640625	0.08914661407470703	electrumx.electricnewyear.net
481824	0.4019145965576172	0.08941817283630371	electrumx.electricnewyear.net
483840	0.4042544364929199	0.08871579170227051	electrumx.electricnewyear.net
485856	0.38231897354125977	0.09047722816467285	electrumx.electricnewyear.net
487872	0.350740909576416	0.0900721549987793	electrumx.electricnewyear.net
489888	0.3425884246826172	0.08993077278137207	electrumx.electricnewyear.net
491904	0.3384413719177246	0.08929562568664551	electrumx.electricnewyear.net
493920	0.3315560817718506	0.09112977981567383	electrumx.electricnewyear.net
495936	0.30906152725219727	0.08874297142028809	electrumx.electricnewyear.net
497952	0.29904890060424805	0.08888697624206543	electrumx.electricnewyear.net
499968	0.2858846187591553	0.08958649635314941	electrumx.electricnewyear.net
501984	0.2786133289337158	0.0909264087677002	electrumx.electricnewyear.net
504000	0.2730448246002197	0.0897817611694336	electrumx.electricnewyear.net
506016	0.27509427070617676	0.08836627006530762	electrumx.electricnewyear.net
508032	0.27552342414855957	0.09027481079101562	electrumx.electricnewyear.net
510048	0.2741048336029053	0.09068441390991211	electrumx.electricnewyear.net
512064	0.26755762100219727	0.09022903442382812	electrumx.electricnewyear.net
514080	0.2562289237976074	0.09105944633483887	electrumx.electricnewyear.net
516096	0.2566194534301758	0.0890035629272461	electrumx.electricnewyear.net
518112	0.2568519115447998	0.08987593650817871	electrumx.electricnewyear.net
520128	0.2568166255950928	0.088592529296875	electrumx.electricnewyear.net
522144	0.2463512420654297	0.08993291854858398	electrumx.electricnewyear.net
524160	0.24322247505187988	0.08995676040649414	electrumx.electricnewyear.net
526176	0.24124360084533691	0.08931684494018555	electrumx.electricnewyear.net
528192	0.24223589897155762	0.0900888442993164	electrumx.electricnewyear.net
530208	0.24129056930541992	0.09069228172302246	electrumx.electricnewyear.net
532224	0.2416982650756836	0.08904051780700684	electrumx.electricnewyear.net
534240	0.24218010902404785	0.0886685848236084	electrumx.electricnewyear.net
536256	0.23723864555358887	0.08901453018188477	electrumx.electricnewyear.net
538272	0.23568224906921387	0.08997225761413574	blockstream.info
540288	0.2358090877532959	0.0906229019165039	blockstream.info
542304	0.23067712783813477	0.0898892879486084	blockstream.info
544320	0.23115921020507812	0.09014177322387695	blockstream.info
546336	0.2292475700378418	0.08913803100585938	blockstream.info
548352	0.22871804237365723	0.08982253074645996	blockstream.info
550368	0.2287120819091797	0.08999514579772949	blockstream.info
552384	0.22701573371887207	0.09016084671020508	blockstream.info
554400	0.22571015357971191	0.08957147598266602	blockstream.info
556416	0.22263336181640625	0.09077119827270508	blockstream.info
558432	0.2245006561279297	0.09048056602478027	blockstream.info
560448	0.22443628311157227	0.08999228477478027	blockstream.info
562464	0.2247774600982666	0.08945965766906738	blockstream.info
564480	0.22429966926574707	0.08970332145690918	blockstream.info
566496	0.22354817390441895	0.08905482292175293	blockstream.info
568512	0.22443461418151855	0.08925366401672363	blockstream.info
570528	0.222581148147583	0.08918285369873047	blockstream.info
572544	0.2250957489013672	0.08998942375183105	blockstream.info
574560	0.223968505859375	0.09001040458679199	blockstream.info
576576	0.22400307655334473	0.09060335159301758	blockstream.info
578592	0.22464704513549805	0.08990192413330078	blockstream.info
580608	0.22385334968566895	0.0904703140258789	blockstream.info
582624	0.22417426109313965	0.08988356590270996	blockstream.info
584640	0.2236783504486084	0.09011554718017578	blockstream.info
586656	0.22426748275756836	0.08970141410827637	blockstream.info
588672	0.22357463836669922	0.09044098854064941	blockstream.info
590688	0.22439336776733398	0.08961176872253418	blockstream.info
592704	0.2241077423095703	0.08909749984741211	blockstream.info
594720	0.22332215309143066	0.09010791778564453	blockstream.info
596736	0.22401928901672363	0.08893609046936035	blockstream.info
598752	0.22253847122192383	0.08903050422668457	blockstream.info
600768	0.2237091064453125	0.08960628509521484	blockstream.info
602784	0.22478079795837402	0.09038233757019043	blockstream.info
604800	0.22373056411743164	0.09010434150695801	blockstream.info
606816	0.2239072322845459	0.08928775787353516	blockstream.info
608832	0.22414588928222656	0.08898591995239258	blockstream.info
610848	0.22435927391052246	0.09018182754516602	blockstream.info
612864	0.22245240211486816	0.0888526439666748	blockstream.info
614880	0.22386598587036133	0.08883333206176758	blockstream.info
616896	0.2243504524230957	0.0885462760925293	blockstream.info
618912	0.22406244277954102	0.08887577056884766	blockstream.info
620928	0.22448396682739258	0.09025979042053223	blockstream.info
622944	0.22397232055664062	0.08904218673706055	blockstream.info
624960	0.22332286834716797	0.08960652351379395	blockstream.info
626976	0.2243194580078125	0.08869385719299316	blockstream.info
628992	0.22394657135009766	0.08784294128417969	blockstream.info
631008	0.22390389442443848	0.08973264694213867	blockstream.info
633024	0.22319722175598145	0.08918190002441406	blockstream.info
635040	0.2248368263244629	0.09032511711120605	blockstream.info
637056	0.22802257537841797	0.09898805618286133	blockstream.info
639072	0.22385454177856445	0.0916299819946289	blockstream.info
641088	0.22252893447875977	0.09039688110351562	blockstream.info
643104	0.22411298751831055	0.09075546264648438	blockstream.info
645120	0.22431540489196777	0.09070706367492676	blockstream.info
647136	0.2233119010925293	0.09003067016601562	blockstream.info
649152	0.22407197952270508	0.09035658836364746	blockstream.info
651168	0.22355437278747559	0.08983469009399414	blockstream.info
653184	0.22430205345153809	0.09020495414733887	blockstream.info
655200	0.22229433059692383	0.08972454071044922	blockstream.info
657216	0.205047607421875	0.05803060531616211	blockstream.info
