1	1.325711727142334	0.08937311172485352	electrum.aantonop.com
2016	0.5342936515808105	0.0906069278717041	electrum.aantonop.com
4032	0.2743043899536133	0.08962726593017578	electrum.aantonop.com
6048	0.27219295501708984	0.0907900333404541	electrum.aantonop.com
8064	0.272935152053833	0.08961796760559082	electrum.aantonop.com
10080	0.2740771770477295	0.08960461616516113	electrum.aantonop.com
12096	0.27263522148132324	0.09051990509033203	electrum.aantonop.com
14112	0.279005765914917	0.08924388885498047	electrum.aantonop.com
16128	0.2739880084991455	0.09001827239990234	electrum.aantonop.com
18144	0.27341771125793457	0.09023165702819824	electrum.aantonop.com
20160	0.27359962463378906	0.08862805366516113	electrum.aantonop.com
22176	0.2740178108215332	0.08918476104736328	electrum.aantonop.com
24192	0.27259135246276855	0.08890128135681152	electrum.aantonop.com
26208	0.27311253547668457	0.09099388122558594	electrum.aantonop.com
28224	0.2721388339996338	0.09052038192749023	electrum.aantonop.com
30240	0.2742757797241211	0.1846928596496582	electrum.aantonop.com
32256	0.272308349609375	0.14058208465576172	electrum.aantonop.com
34272	0.2739577293395996	0.09175467491149902	electrum.aantonop.com
36288	0.27227091789245605	0.09033441543579102	electrum.aantonop.com
38304	0.2736091613769531	0.09009671211242676	electrum.aantonop.com
40320	0.2742764949798584	0.09084558486938477	electrum.aantonop.com
42336	0.2740664482116699	0.08951377868652344	electrum.aantonop.com
44352	0.2787165641784668	0.08962368965148926	electrum.aantonop.com
46368	0.27352285385131836	0.08993911743164062	electrum.aantonop.com
48384	0.2734847068786621	0.08939552307128906	electrum.aantonop.com
50400	0.27346277236938477	0.08953261375427246	electrum.aantonop.com
52416	0.2724330425262451	0.08958244323730469	electrum.aantonop.com
54432	0.2718842029571533	0.08875107765197754	electrum.aantonop.com
56448	0.2734642028808594	0.08961129188537598	electrum.aantonop.com
58464	0.2721595764160156	0.08982443809509277	electrum.aantonop.com
60480	0.2717161178588867	0.08977365493774414	electrum.aantonop.com
62496	0.2718682289123535	0.09007143974304199	electrum.aantonop.com
64512	0.27344226837158203	0.09020280838012695	electrum.aantonop.com
66528	0.2705960273742676	0.0901188850402832	electrum.aantonop.com
68544	0.2735757827758789	0.08880043029785156	electrum.aantonop.com
70560	0.2728903293609619	0.08925175666809082	electrum.aantonop.com
72576	0.2715911865234375	0.09105587005615234	electrum.aantonop.com
74592	0.2725851535797119	0.08891177177429199	electrum.aantonop.com
76608	0.2737767696380615	0.08941125869750977	electrum.aantonop.com
78624	0.2716395854949951	0.08839917182922363	electrum.aantonop.com
80640	0.27215147018432617	0.08973312377929688	electrum.aantonop.com
82656	0.27297353744506836	0.08917665481567383	electrum.aantonop.com
84672	0.27167534828186035	0.09010052680969238	electrum.aantonop.com
86688	0.2727830410003662	0.08979535102844238	electrum.aantonop.com
88704	0.27265501022338867	0.0904684066772461	electrum.aantonop.com
90720	0.27184128761291504	0.08971929550170898	electrum.aantonop.com
92736	0.27045631408691406	0.08884501457214355	electrum.aantonop.com
94752	0.2700977325439453	0.0899662971496582	electrum.aantonop.com
96768	0.27219128608703613	0.08911919593811035	electrum.aantonop.com
98784	0.2702751159667969	0.08989071846008301	electrum.aantonop.com
100800	0.2738034725189209	0.09026598930358887	electrum.aantonop.com
102816	0.2716794013977051	0.08911871910095215	electrum.aantonop.com
104832	0.2714550495147705	0.09013986587524414	electrum.aantonop.com
106848	0.28360605239868164	0.08965754508972168	electrum.aantonop.com
108864	0.2720041275024414	0.08933591842651367	electrum.aantonop.com
110880	0.2729067802429199	0.08961653709411621	electrum.aantonop.com
112896	0.2710137367248535	0.09110283851623535	electrum.aantonop.com
114912	0.27118682861328125	0.09076857566833496	electrum.aantonop.com
116928	0.2714047431945801	0.0913994312286377	electrum.aantonop.com
118944	0.2769780158996582	0.09088873863220215	electrum.aantonop.com
120960	0.2747921943664551	0.08999252319335938	electrum.aantonop.com
122976	0.27203989028930664	0.09016203880310059	electrum.aantonop.com
124992	0.27366209030151367	0.08992743492126465	electrum.aantonop.com
127008	0.27349019050598145	0.0900874137878418	electrum.aantonop.com
129024	0.2741553783416748	0.09015369415283203	electrum.aantonop.com
131040	0.27289652824401855	0.0904841423034668	electrum.aantonop.com
133056	0.27172064781188965	0.09010887145996094	electrum.aantonop.com
135072	0.27188897132873535	0.0901188850402832	electrum.aantonop.com
137088	0.27698206901550293	0.09040284156799316	electrum.aantonop.com
139104	0.29580259323120117	0.09135007858276367	electrum.aantonop.com
141120	0.27239418029785156	0.09017014503479004	electrum.aantonop.com
143136	0.2738151550292969	0.09062623977661133	electrum.aantonop.com
145152	0.27313923835754395	0.08974027633666992	electrum.aantonop.com
147168	0.2814006805419922	0.0900566577911377	electrum.aantonop.com
149184	0.2719125747680664	0.09123444557189941	electrum.aantonop.com
151200	0.27245402336120605	0.09054875373840332	electrum.aantonop.com
153216	0.27520227432250977	0.08997082710266113	electrum.aantonop.com
155232	0.27274417877197266	0.08990645408630371	electrum.aantonop.com
157248	0.2750065326690674	0.08907699584960938	electrum.aantonop.com
159264	0.2703554630279541	0.08983802795410156	electrum.aantonop.com
161280	0.2722442150115967	0.0895991325378418	electrum.aantonop.com
163296	0.2740459442138672	0.09121942520141602	electrum.aantonop.com
165312	0.2716355323791504	0.09089541435241699	electrum.aantonop.com
167328	0.2808215618133545	0.09051275253295898	electrum.aantonop.com
169344	0.27747130393981934	0.09160232543945312	electrum.aantonop.com
171360	0.27254557609558105	0.08909940719604492	electrum.aantonop.com
173376	0.27414965629577637	0.08985543251037598	electrum.aantonop.com
175392	0.27507877349853516	0.09222650527954102	electrum.aantonop.com
177408	0.2745985984802246	0.08940792083740234	electrum.aantonop.com
179424	0.281113862991333	0.08897590637207031	electrum.aantonop.com
181440	0.27157020568847656	0.09131145477294922	electrum.aantonop.com
183456	0.27332115173339844	0.0897984504699707	electrum.aantonop.com
185472	0.2725636959075928	0.09080147743225098	electrum.aantonop.com
187488	0.2740943431854248	0.09011316299438477	electrum.aantonop.com
189504	0.2721128463745117	0.09090995788574219	electrum.aantonop.com
191520	0.2731359004974365	0.08996415138244629	electrum.aantonop.com
193536	0.2729067802429199	0.0895240306854248	electrum.aantonop.com
195552	0.27262306213378906	0.0898892879486084	electrum.aantonop.com
197568	0.27310705184936523	0.08931922912597656	electrum.aantonop.com
199584	0.2768549919128418	0.08889627456665039	electrum.aantonop.com
201600	0.28554511070251465	0.08986377716064453	electrum.aantonop.com
203616	0.2741100788116455	0.08954024314880371	electrum.aantonop.com
205632	0.27287864685058594	0.08994507789611816	electrum.aantonop.com
207648	0.27316904067993164	0.08972525596618652	electrum.aantonop.com
209664	0.2772226333618164	0.08924627304077148	electrum.aantonop.com
211680	0.273571252822876	0.08942580223083496	electrum.aantonop.com
213696	0.2749953269958496	0.09042930603027344	electrum.aantonop.com
215712	0.27935171127319336	0.08937430381774902	electrum.aantonop.com
217728	0.2729153633117676	0.08906316757202148	electrum.aantonop.com
219744	0.2732737064361572	0.08960700035095215	electrum.aantonop.com
221760	0.27414536476135254	0.08907651901245117	electrum.aantonop.com
223776	0.27884912490844727	0.08903193473815918	electrum.aantonop.com
225792	0.2758769989013672	0.08921051025390625	electrum.aantonop.com
227808	0.27976012229919434	0.0896306037902832	electrum.aantonop.com
229824	0.27483201026916504	0.09048104286193848	electrum.aantonop.com
231840	0.28005242347717285	0.09014606475830078	electrum.aantonop.com
233856	0.27947092056274414	0.08990216255187988	electrum.aantonop.com
235872	0.28096580505371094	0.08995962142944336	electrum.aantonop.com
237888	0.27889561653137207	0.09048104286193848	electrum.aantonop.com
239904	0.27358222007751465	0.08934402465820312	electrum.aantonop.com
241920	0.2745840549468994	0.0912177562713623	electrum.aantonop.com
243936	0.2759883403778076	0.09094476699829102	electrum.aantonop.com
245952	0.2731335163116455	0.09156203269958496	electrum.aantonop.com
247968	0.2737867832183838	0.09209847450256348	electrum.aantonop.com
249984	0.2763495445251465	0.09048962593078613	electrum.aantonop.com
252000	0.2745356559753418	0.0906515121459961	electrum.aantonop.com
254016	0.2756471633911133	0.09007573127746582	electrum.aantonop.com
256032	0.2824232578277588	0.09014415740966797	electrum.aantonop.com
258048	0.2802743911743164	0.09067511558532715	electrum.aantonop.com
260064	0.27372121810913086	0.09139585494995117	electrum.aantonop.com
262080	0.2843630313873291	0.09054040908813477	electrum.aantonop.com
264096	0.27651119232177734	0.09059715270996094	electrum.aantonop.com
266112	0.27474069595336914	0.09097695350646973	electrum.aantonop.com
268128	0.2732083797454834	0.09129810333251953	electrum.aantonop.com
270144	0.27858757972717285	0.09111952781677246	electrum.aantonop.com
272160	0.2751924991607666	0.0906836986541748	electrum.aantonop.com
274176	0.27621889114379883	0.09170079231262207	electrum.aantonop.com
276192	0.27620482444763184	0.09159064292907715	electrum.aantonop.com
278208	0.27424192428588867	0.09136509895324707	electrum.aantonop.com
280224	0.2731032371520996	0.09185504913330078	electrum.aantonop.com
282240	0.2760014533996582	0.09150576591491699	electrum.aantonop.com
284256	0.2799339294433594	0.0906059741973877	electrum.aantonop.com
286272	0.2792978286743164	0.09095907211303711	electrum.aantonop.com
288288	0.3281278610229492	0.09225749969482422	electrum.aantonop.com
290304	0.2854321002960205	0.09051227569580078	electrum.aantonop.com
292320	0.2818026542663574	0.09150028228759766	electrum.aantonop.com
294336	0.28307342529296875	0.09129118919372559	electrum.aantonop.com
296352	0.2857859134674072	0.09108233451843262	electrum.aantonop.com
298368	0.27538275718688965	0.09165120124816895	electrum.aantonop.com
300384	0.2732248306274414	0.09133338928222656	electrum.aantonop.com
302400	0.28324460983276367	0.09083938598632812	electrum.aantonop.com
304416	0.2813282012939453	0.09102058410644531	electrum.aantonop.com
306432	0.276076078414917	0.09067511558532715	electrum.aantonop.com
308448	0.28734588623046875	0.09062385559082031	electrum.aantonop.com
310464	0.2810244560241699	0.09096813201904297	electrum.aantonop.com
312480	0.2765192985534668	0.15742206573486328	electrum.aantonop.com
314496	0.27404069900512695	0.0915384292602539	electrum.aantonop.com
316512	0.27607226371765137	0.09132528305053711	electrum.aantonop.com
318528	0.28426361083984375	0.09163546562194824	electrum.aantonop.com
320544	0.4169473648071289	0.0913386344909668	electrum.aantonop.com
322560	0.29463744163513184	0.0933220386505127	electrum.aantonop.com
324576	0.2780461311340332	0.09120512008666992	electrum.aantonop.com
326592	0.27381014823913574	0.09361457824707031	electrum.aantonop.com
328608	0.29073452949523926	0.09187555313110352	electrum.aantonop.com
330624	0.2779669761657715	0.09055852890014648	electrum.aantonop.com
332640	0.27832579612731934	0.09064292907714844	electrum.aantonop.com
334656	0.2937150001525879	0.09025096893310547	electrum.aantonop.com
336672	0.32668066024780273	0.09111309051513672	electrum.aantonop.com
338688	0.2805774211883545	0.09097647666931152	electrum.aantonop.com
340704	0.27887868881225586	0.09230732917785645	electrum.aantonop.com
342720	0.2827434539794922	0.0923004150390625	electrum.aantonop.com
344736	0.28268861770629883	0.0913543701171875	electrum.aantonop.com
346752	0.2827737331390381	0.09130048751831055	electrum.aantonop.com
348768	0.3126704692840576	0.09197998046875	electrum.aantonop.com
350784	0.3341178894042969	0.0908498764038086	electrum.aantonop.com
352800	0.2738304138183594	0.09090590476989746	electrum.aantonop.com
354816	0.3011009693145752	0.09116649627685547	electrum.aantonop.com
356832	0.27865147590637207	0.0907735824584961	electrum.aantonop.com
358848	0.2777280807495117	0.09148263931274414	electrum.aantonop.com
360864	0.28055453300476074	0.09067368507385254	electrum.aantonop.com
362880	0.2759857177734375	0.09095621109008789	electrum.aantonop.com
364896	0.2740814685821533	0.09008169174194336	electrum.aantonop.com
366912	0.2729830741882324	0.09051108360290527	electrum.aantonop.com
368928	0.2761499881744385	0.09177970886230469	electrum.aantonop.com
370944	0.2763092517852783	0.0912172794342041	electrum.aantonop.com
372960	0.27634310722351074	0.09031033515930176	electrum.aantonop.com
374976	0.2741107940673828	0.09070920944213867	electrum.aantonop.com
376992	0.2742445468902588	0.09062433242797852	electrum.aantonop.com
379008	0.27315449714660645	0.09689092636108398	electrum.aantonop.com
381024	0.2756083011627197	0.09095048904418945	electrum.aantonop.com
383040	0.2733769416809082	0.09080815315246582	electrum.aantonop.com
385056	0.28029298782348633	0.09215188026428223	electrum.aantonop.com
387072	0.27612972259521484	0.09161233901977539	electrum.aantonop.com
389088	0.27515077590942383	0.09158778190612793	electrum.aantonop.com
391104	0.27196669578552246	0.09161019325256348	electrum.aantonop.com
393120	0.2716550827026367	0.09090065956115723	electrum.aantonop.com
395136	0.27552270889282227	0.09181070327758789	electrum.aantonop.com
397152	0.2803380489349365	0.09146928787231445	electrum.aantonop.com
399168	0.2797102928161621	0.09112811088562012	electrum.aantonop.com
401184	0.274965763092041	0.09127116203308105	electrum.aantonop.com
403200	0.27236390113830566	0.09060406684875488	electrum.aantonop.com
405216	0.27322888374328613	0.09082245826721191	electrum.aantonop.com
407232	0.286679744720459	0.08961987495422363	electrum.aantonop.com
409248	0.273317813873291	0.0895223617553711	electrum.aantonop.com
411264	0.27525925636291504	0.09117293357849121	electrum.aantonop.com
413280	0.2855112552642822	0.09029364585876465	electrum.aantonop.com
415296	0.272139310836792	0.09076046943664551	electrum.aantonop.com
417312	0.2720603942871094	0.09139323234558105	electrum.aantonop.com
419328	0.2706937789916992	0.09055376052856445	electrum.aantonop.com
421344	0.279862642288208	0.09024810791015625	electrum.aantonop.com
423360	0.2774651050567627	0.09205985069274902	electrum.aantonop.com
425376	0.2747499942779541	0.09236264228820801	electrum.aantonop.com
427392	0.2753419876098633	0.09178447723388672	electrum.aantonop.com
429408	0.2740201950073242	0.09049177169799805	electrum.aantonop.com
431424	0.2732391357421875	0.0910959243774414	electrum.aantonop.com
433440	0.271775484085083	0.09054350852966309	electrum.aantonop.com
435456	0.2741234302520752	0.09024548530578613	electrum.aantonop.com
437472	0.2859923839569092	0.09064936637878418	electrum.aantonop.com
439488	0.2731444835662842	0.09065604209899902	electrum.aantonop.com
441504	0.271392822265625	0.08923053741455078	electrum.aantonop.com
443520	0.27213120460510254	0.08992815017700195	electrum.aantonop.com
445536	0.2958195209503174	0.08941197395324707	electrum.aantonop.com
447552	0.27558040618896484	0.09021878242492676	electrum.aantonop.com
449568	0.27869319915771484	0.0910639762878418	electrum.aantonop.com
451584	0.2751626968383789	0.09087920188903809	electrum.aantonop.com
453600	0.2752516269683838	0.0909874439239502	electrum.aantonop.com
455616	0.27258944511413574	0.09136819839477539	electrum.aantonop.com
457632	0.28540515899658203	0.09122943878173828	electrum.aantonop.com
459648	0.27572178840637207	0.09078145027160645	electrum.aantonop.com
461664	0.27683210372924805	0.09074831008911133	electrum.aantonop.com
463680	0.27688074111938477	0.09167957305908203	electrum.aantonop.com
465696	0.27245664596557617	0.09113168716430664	electrum.aantonop.com
467712	0.2752513885498047	0.09116792678833008	electrum.aantonop.com
469728	0.27508997917175293	0.09154343605041504	electrum.aantonop.com
471744	0.2876017093658447	0.09079241752624512	electrum.aantonop.com
473760	0.2736835479736328	0.09185099601745605	electrum.aantonop.com
475776	0.2782771587371826	0.09136390686035156	electrum.aantonop.com
477792	0.27626752853393555	0.09250783920288086	electrum.aantonop.com
479808	0.27489757537841797	0.0921013355255127	electrum.aantonop.com
481824	0.2825357913970947	0.09153151512145996	electrum.aantonop.com
483840	0.27559542655944824	0.0913083553314209	electrum.aantonop.com
485856	0.2768590450286865	0.09380698204040527	electrum.aantonop.com
487872	0.27589988708496094	0.0928037166595459	electrum.aantonop.com
489888	0.27152323722839355	0.09347200393676758	electrum.aantonop.com
491904	0.2709486484527588	0.09326696395874023	electrum.aantonop.com
493920	0.2915472984313965	0.09307003021240234	electrum.aantonop.com
495936	0.2767457962036133	0.09349942207336426	electrum.aantonop.com
497952	0.2762274742126465	0.09287691116333008	electrum.aantonop.com
499968	0.31251001358032227	0.09223580360412598	electrum.aantonop.com
501984	0.2741818428039551	0.09288167953491211	electrum.aantonop.com
504000	0.3031182289123535	0.09115076065063477	electrum.aantonop.com
506016	0.27640581130981445	0.0916445255279541	electrum.aantonop.com
508032	0.2953665256500244	0.0926828384399414	electrum.aantonop.com
510048	0.28622937202453613	0.09303855895996094	electrum.aantonop.com
512064	0.27689576148986816	0.0922403335571289	electrum.aantonop.com
514080	0.27490711212158203	0.09227228164672852	electrum.aantonop.com
516096	0.2789604663848877	0.09253406524658203	electrum.aantonop.com
518112	0.274921178817749	0.09116315841674805	electrum.aantonop.com
520128	0.2817258834838867	0.09299683570861816	electrum.aantonop.com
522144	0.2940640449523926	0.09210467338562012	electrum.aantonop.com
524160	0.30391883850097656	0.09227514266967773	electrum.aantonop.com
526176	0.30855703353881836	0.09248208999633789	electrum.aantonop.com
528192	0.3009490966796875	0.09216141700744629	electrum.aantonop.com
530208	0.3137197494506836	0.0924386978149414	electrum.aantonop.com
532224	0.30239439010620117	0.0927283763885498	electrum.aantonop.com
534240	0.3690207004547119	0.09183835983276367	electrum.aantonop.com
536256	0.3695833683013916	0.09229898452758789	electrum.aantonop.com
538272	0.3569800853729248	0.09208011627197266	electrum.aantonop.com
540288	0.360889196395874	0.09164190292358398	electrum.aantonop.com
542304	0.3633267879486084	0.09138035774230957	electrum.aantonop.com
544320	0.33618640899658203	0.09189939498901367	electrum.aantonop.com
546336	0.3277466297149658	0.09226202964782715	electrum.aantonop.com
548352	0.30913448333740234	0.09158802032470703	electrum.aantonop.com
550368	0.29285264015197754	0.0921630859375	electrum.aantonop.com
552384	0.29473352432250977	0.09242820739746094	electrum.aantonop.com
554400	0.2820463180541992	0.09160375595092773	electrum.aantonop.com
556416	0.2805056571960449	0.0920100212097168	electrum.aantonop.com
558432	0.2821083068847656	0.09114956855773926	electrum.aantonop.com
560448	0.29100680351257324	0.09134125709533691	electrum.aantonop.com
562464	0.27869319915771484	0.09213376045227051	electrum.aantonop.com
564480	0.28146862983703613	0.09187436103820801	electrum.aantonop.com
566496	0.29437851905822754	0.09210610389709473	electrum.aantonop.com
568512	0.27584028244018555	0.09166216850280762	electrum.aantonop.com
570528	0.27974605560302734	0.09173727035522461	electrum.aantonop.com
572544	0.28017497062683105	0.09147953987121582	electrum.aantonop.com
574560	0.2763683795928955	0.09141397476196289	electrum.aantonop.com
576576	0.274444580078125	0.09166669845581055	electrum.aantonop.com
578592	0.2785031795501709	0.09161877632141113	electrum.aantonop.com
580608	0.28367018699645996	0.09108400344848633	electrum.aantonop.com
582624	0.27730607986450195	0.09138798713684082	electrum.aantonop.com
584640	0.27852344512939453	0.09192728996276855	electrum.aantonop.com
586656	0.27735090255737305	0.0924835205078125	electrum.aantonop.com
588672	0.29312992095947266	0.09206938743591309	electrum.aantonop.com
590688	0.27684569358825684	0.09206104278564453	electrum.aantonop.com
592704	0.27629876136779785	0.09153890609741211	electrum.aantonop.com
594720	0.27814149856567383	0.0925438404083252	electrum.aantonop.com
596736	0.27785611152648926	0.09249162673950195	electrum.aantonop.com
598752	0.2789785861968994	0.09176206588745117	electrum.aantonop.com
600768	0.2828993797302246	0.09256720542907715	electrum.aantonop.com
602784	0.30330896377563477	0.09349656105041504	electrum.aantonop.com
604800	0.28413844108581543	0.09192919731140137	electrum.aantonop.com
606816	0.2845754623413086	0.09290623664855957	electrum.aantonop.com
608832	0.27623796463012695	0.0930635929107666	electrum.aantonop.com
610848	0.2898249626159668	0.0926351547241211	electrum.aantonop.com
612864	0.27709269523620605	0.09184622764587402	electrum.aantonop.com
614880	0.27933621406555176	0.09216642379760742	electrum.aantonop.com
616896	0.29278039932250977	0.09252071380615234	electrum.aantonop.com
618912	0.2932255268096924	0.09219884872436523	electrum.aantonop.com
620928	0.27718305587768555	0.09235692024230957	electrum.aantonop.com
622944	0.2774190902709961	0.09235954284667969	electrum.aantonop.com
624960	0.2762176990509033	0.09181475639343262	electrum.aantonop.com
626976	0.28087735176086426	0.09151935577392578	electrum.aantonop.com
628992	0.28133559226989746	0.09215426445007324	electrum.aantonop.com
631008	0.27811264991760254	0.09115958213806152	electrum.aantonop.com
633024	0.2747530937194824	0.09144711494445801	electrum.aantonop.com
635040	0.2717137336730957	0.09215426445007324	electrum.aantonop.com
637056	0.27211737632751465	0.09131145477294922	electrum.aantonop.com
639072	0.2768101692199707	0.09160685539245605	electrum.aantonop.com
641088	0.2739067077636719	0.09077763557434082	electrum.aantonop.com
643104	0.2726285457611084	0.0913691520690918	electrum.aantonop.com
645120	0.2723541259765625	0.09156370162963867	electrum.aantonop.com
647136	0.2710561752319336	0.09151673316955566	electrum.aantonop.com
649152	0.28577303886413574	0.09050869941711426	electrum.aantonop.com
651168	0.2754061222076416	0.0908970832824707	electrum.aantonop.com
653184	0.2717578411102295	0.09101533889770508	electrum.aantonop.com
655200	0.27173829078674316	0.09091925621032715	electrum.aantonop.com
657216	0.2672390937805176	0.05924868583679199	electrum.aantonop.com
