1	1.4925737380981445	0.08939361572265625	e2.keff.org
2016	0.5948622226715088	0.08977937698364258	e2.keff.org
4032	0.3070406913757324	0.08966588973999023	e2.keff.org
6049	1.9314322471618652	0.09077906608581543	electrum.aantonop.com
8064	0.7938985824584961	0.08947086334228516	electrum.aantonop.com
10080	0.30003786087036133	0.09100484848022461	electrum.aantonop.com
12096	0.27693748474121094	0.16952228546142578	electrum.aantonop.com
14112	0.270313024520874	0.18402910232543945	electrum.aantonop.com
16128	0.27423095703125	0.0905296802520752	electrum.aantonop.com
18144	0.2887411117553711	0.10191988945007324	electrum.aantonop.com
20160	0.27418088912963867	0.09021115303039551	electrum.aantonop.com
22176	0.27159881591796875	0.09277820587158203	electrum.aantonop.com
24192	0.2718491554260254	0.08977508544921875	electrum.aantonop.com
26208	0.27222275733947754	0.09079122543334961	electrum.aantonop.com
28224	0.27239441871643066	0.09106874465942383	electrum.aantonop.com
30240	0.272261381149292	0.09036779403686523	electrum.aantonop.com
32256	0.28011322021484375	0.09142136573791504	electrum.aantonop.com
34272	0.27146196365356445	0.0907449722290039	electrum.aantonop.com
36288	0.272550106048584	0.09004020690917969	electrum.aantonop.com
38304	0.28023695945739746	0.09032821655273438	electrum.aantonop.com
40320	0.2721099853515625	0.08963990211486816	electrum.aantonop.com
42336	0.27199602127075195	0.08890199661254883	electrum.aantonop.com
44352	0.271883487701416	0.09110689163208008	electrum.aantonop.com
46368	0.2708761692047119	0.08996462821960449	electrum.aantonop.com
48384	0.27300477027893066	0.09068918228149414	electrum.aantonop.com
50400	0.2718229293823242	0.09034538269042969	electrum.aantonop.com
52416	0.2717318534851074	0.09022283554077148	electrum.aantonop.com
54432	0.2713623046875	0.09038758277893066	electrum.aantonop.com
56448	0.2713956832885742	0.08924078941345215	electrum.aantonop.com
58464	0.27172088623046875	0.08965611457824707	electrum.aantonop.com
60480	0.2720060348510742	0.09149861335754395	electrum.aantonop.com
62496	0.2716202735900879	0.08964300155639648	electrum.aantonop.com
64512	0.27244091033935547	0.09023523330688477	electrum.aantonop.com
66528	0.2716248035430908	0.08999967575073242	electrum.aantonop.com
68544	0.27223706245422363	0.08962321281433105	electrum.aantonop.com
70560	0.27529430389404297	0.08877229690551758	electrum.aantonop.com
72576	0.28740930557250977	0.08984160423278809	electrum.aantonop.com
74592	0.2806975841522217	0.09083390235900879	electrum.aantonop.com
76608	0.2752044200897217	0.08853483200073242	electrum.aantonop.com
78624	0.2731330394744873	0.0884854793548584	electrum.aantonop.com
80640	0.270479679107666	0.08917593955993652	electrum.aantonop.com
82656	0.2714509963989258	0.0890047550201416	electrum.aantonop.com
84672	0.27044057846069336	0.09022331237792969	electrum.aantonop.com
86688	0.2790966033935547	0.08866024017333984	electrum.aantonop.com
88704	0.27762675285339355	0.08865904808044434	electrum.aantonop.com
90720	0.2721991539001465	0.08950352668762207	electrum.aantonop.com
92736	0.28206777572631836	0.08997583389282227	electrum.aantonop.com
94752	0.279630184173584	0.08870625495910645	electrum.aantonop.com
96768	0.27719855308532715	0.09006190299987793	electrum.aantonop.com
98784	0.27017831802368164	0.09061336517333984	electrum.aantonop.com
100800	0.2714579105377197	0.08845233917236328	electrum.aantonop.com
102816	0.27161383628845215	0.08914732933044434	electrum.aantonop.com
104832	0.27219605445861816	0.09351515769958496	electrum.aantonop.com
106848	0.27521204948425293	0.09187173843383789	electrum.aantonop.com
108864	0.275221586227417	0.09105515480041504	electrum.aantonop.com
110880	0.27390503883361816	0.09317445755004883	electrum.aantonop.com
112896	0.2723710536956787	0.09051775932312012	electrum.aantonop.com
114912	0.271228551864624	0.0917363166809082	electrum.aantonop.com
116928	0.2704887390136719	0.09140205383300781	electrum.aantonop.com
118944	0.2717783451080322	0.0913245677947998	electrum.aantonop.com
120960	0.2721548080444336	0.09180784225463867	electrum.aantonop.com
122976	0.2724919319152832	0.0908660888671875	electrum.aantonop.com
124992	0.27254438400268555	0.08923792839050293	electrum.aantonop.com
127008	0.28039121627807617	0.08931565284729004	electrum.aantonop.com
129024	0.2714216709136963	0.0898594856262207	electrum.aantonop.com
131040	0.2719688415527344	0.08968520164489746	electrum.aantonop.com
133056	0.2720911502838135	0.08988118171691895	electrum.aantonop.com
135072	0.27240872383117676	0.08948040008544922	electrum.aantonop.com
137088	0.27165794372558594	0.08992338180541992	electrum.aantonop.com
139104	0.28107619285583496	0.08963775634765625	electrum.aantonop.com
141120	0.3679535388946533	0.09066414833068848	electrum.aantonop.com
143136	0.27028918266296387	0.09033608436584473	electrum.aantonop.com
145152	0.271881103515625	0.09025311470031738	electrum.aantonop.com
147168	0.2705092430114746	0.09051370620727539	electrum.aantonop.com
149184	0.270920991897583	0.09048867225646973	electrum.aantonop.com
151200	0.2704277038574219	0.08903622627258301	electrum.aantonop.com
153216	0.2718210220336914	0.08983373641967773	electrum.aantonop.com
155232	0.27143335342407227	0.08975458145141602	electrum.aantonop.com
157248	0.2728550434112549	0.09115481376647949	electrum.aantonop.com
159264	0.27191781997680664	0.09155964851379395	electrum.aantonop.com
161280	0.2711911201477051	0.09012794494628906	electrum.aantonop.com
163296	0.27182793617248535	0.08932781219482422	electrum.aantonop.com
165312	0.2725365161895752	0.08968877792358398	electrum.aantonop.com
167328	0.28237414360046387	0.08941864967346191	electrum.aantonop.com
169344	0.28546714782714844	0.08976960182189941	electrum.aantonop.com
171360	0.27461910247802734	0.08913111686706543	electrum.aantonop.com
173376	0.27488231658935547	0.09251165390014648	electrum.aantonop.com
175392	0.2725412845611572	0.08945059776306152	electrum.aantonop.com
177408	0.27048754692077637	0.08913469314575195	electrum.aantonop.com
179424	0.27146077156066895	0.08914756774902344	electrum.aantonop.com
181440	0.27106404304504395	0.09010720252990723	electrum.aantonop.com
183456	0.2703063488006592	0.08879995346069336	electrum.aantonop.com
185472	0.27078843116760254	0.08882594108581543	electrum.aantonop.com
187488	0.27158403396606445	0.08920669555664062	electrum.aantonop.com
189504	0.27175164222717285	0.08947873115539551	electrum.aantonop.com
191520	0.2716364860534668	0.08914327621459961	electrum.aantonop.com
193536	0.272136926651001	0.08855271339416504	electrum.aantonop.com
195552	0.274369478225708	0.08933019638061523	electrum.aantonop.com
197568	0.27219653129577637	0.08925127983093262	electrum.aantonop.com
199584	0.27565526962280273	0.08916831016540527	electrum.aantonop.com
201600	0.27503299713134766	0.08991050720214844	electrum.aantonop.com
203616	0.27435922622680664	0.08981585502624512	electrum.aantonop.com
205632	0.2706298828125	0.0888972282409668	electrum.aantonop.com
207648	0.27206993103027344	0.09096765518188477	electrum.aantonop.com
209664	0.2793724536895752	0.09099936485290527	electrum.aantonop.com
211680	0.2712748050689697	0.08962869644165039	electrum.aantonop.com
213696	0.27624082565307617	0.08903789520263672	electrum.aantonop.com
215712	0.27066707611083984	0.09005236625671387	electrum.aantonop.com
217728	0.29868602752685547	0.08935856819152832	electrum.aantonop.com
219744	0.2936253547668457	0.08903264999389648	electrum.aantonop.com
221760	0.2721548080444336	0.0896601676940918	electrum.aantonop.com
223776	0.277817964553833	0.08919167518615723	electrum.aantonop.com
225792	0.2728273868560791	0.08872175216674805	electrum.aantonop.com
227808	0.2718956470489502	0.08940601348876953	electrum.aantonop.com
229824	0.271359920501709	0.09011578559875488	electrum.aantonop.com
231840	0.2739853858947754	0.08882331848144531	electrum.aantonop.com
233856	0.27459716796875	0.08876729011535645	electrum.aantonop.com
235872	0.2718801498413086	0.0887598991394043	electrum.aantonop.com
237888	0.27089524269104004	0.08925652503967285	electrum.aantonop.com
239904	0.2694060802459717	0.08850598335266113	electrum.aantonop.com
241920	0.2706120014190674	0.0902094841003418	electrum.aantonop.com
243936	0.2725367546081543	0.08999466896057129	electrum.aantonop.com
245952	0.27037715911865234	0.09061312675476074	electrum.aantonop.com
247968	0.2708001136779785	0.09090042114257812	electrum.aantonop.com
249984	0.2711331844329834	0.08967185020446777	electrum.aantonop.com
252000	0.28121423721313477	0.08936643600463867	electrum.aantonop.com
254016	0.2785217761993408	0.08965897560119629	electrum.aantonop.com
256032	0.27215003967285156	0.08991146087646484	electrum.aantonop.com
258048	0.27429842948913574	0.08875513076782227	electrum.aantonop.com
260064	0.2715637683868408	0.08957552909851074	electrum.aantonop.com
262080	0.27195000648498535	0.08987760543823242	electrum.aantonop.com
264096	0.2717247009277344	0.08888959884643555	electrum.aantonop.com
266112	0.27751684188842773	0.0893709659576416	electrum.aantonop.com
268128	0.27538609504699707	0.0893411636352539	electrum.aantonop.com
270144	0.2717282772064209	0.08979511260986328	electrum.aantonop.com
272160	0.27132487297058105	0.08934807777404785	electrum.aantonop.com
274176	0.2723696231842041	0.08986234664916992	electrum.aantonop.com
276192	0.2721550464630127	0.08916950225830078	electrum.aantonop.com
278208	0.2726283073425293	0.08913183212280273	electrum.aantonop.com
280224	0.2736642360687256	0.08944225311279297	electrum.aantonop.com
282240	0.2731351852416992	0.09110140800476074	electrum.aantonop.com
284256	0.27135658264160156	0.08971023559570312	electrum.aantonop.com
286272	0.27169013023376465	0.09003543853759766	electrum.aantonop.com
288288	0.272200345993042	0.09018111228942871	electrum.aantonop.com
290304	0.27228736877441406	0.0902400016784668	electrum.aantonop.com
292320	0.2712130546569824	0.08960175514221191	electrum.aantonop.com
294336	0.285996675491333	0.09066462516784668	electrum.aantonop.com
296352	0.3012838363647461	0.09078812599182129	electrum.aantonop.com
298368	0.2802457809448242	0.09071755409240723	electrum.aantonop.com
300384	0.27428269386291504	0.0913543701171875	electrum.aantonop.com
302400	0.27175307273864746	0.0910027027130127	electrum.aantonop.com
304416	0.2715175151824951	0.09207916259765625	electrum.aantonop.com
306432	0.2707102298736572	0.0908203125	electrum.aantonop.com
308448	0.2698245048522949	0.0944671630859375	electrum.aantonop.com
310464	0.2778787612915039	0.09096336364746094	electrum.aantonop.com
312480	0.27933812141418457	0.09070587158203125	electrum.aantonop.com
314496	0.28080081939697266	0.09087538719177246	electrum.aantonop.com
316512	0.27127575874328613	0.0902862548828125	electrum.aantonop.com
318528	0.275407075881958	0.09075760841369629	electrum.aantonop.com
320544	0.272275447845459	0.09009146690368652	electrum.aantonop.com
322560	0.2713465690612793	0.08959817886352539	electrum.aantonop.com
324576	0.27165865898132324	0.09044361114501953	electrum.aantonop.com
326592	0.280963659286499	0.09115219116210938	electrum.aantonop.com
328608	0.2745532989501953	0.09021806716918945	electrum.aantonop.com
330624	0.2741119861602783	0.09034967422485352	electrum.aantonop.com
332640	0.27182769775390625	0.08992862701416016	electrum.aantonop.com
334656	0.2743794918060303	0.09034037590026855	electrum.aantonop.com
336672	0.2722463607788086	0.09036922454833984	electrum.aantonop.com
338688	0.2760283946990967	0.09025096893310547	electrum.aantonop.com
340704	0.27085280418395996	0.09118461608886719	electrum.aantonop.com
342720	0.2706108093261719	0.08963441848754883	electrum.aantonop.com
344736	0.27169013023376465	0.08999943733215332	electrum.aantonop.com
346752	0.2786421775817871	0.09194278717041016	electrum.aantonop.com
348768	0.2752370834350586	0.09086179733276367	electrum.aantonop.com
350784	0.27353549003601074	0.09145021438598633	electrum.aantonop.com
352800	0.2783327102661133	0.09662866592407227	electrum.aantonop.com
354816	0.27219390869140625	0.0907595157623291	electrum.aantonop.com
356832	0.27309656143188477	0.09068632125854492	electrum.aantonop.com
358848	0.3145744800567627	0.09215354919433594	electrum.aantonop.com
360864	0.2915024757385254	0.0914306640625	electrum.aantonop.com
362880	0.27205991744995117	0.09097409248352051	electrum.aantonop.com
364896	0.27594637870788574	0.09064674377441406	electrum.aantonop.com
366912	0.2774844169616699	0.0910346508026123	electrum.aantonop.com
368928	0.27024221420288086	0.09053492546081543	electrum.aantonop.com
370944	0.2704777717590332	0.09101748466491699	electrum.aantonop.com
372960	0.2707178592681885	0.09052181243896484	electrum.aantonop.com
374976	0.2801022529602051	0.0905144214630127	electrum.aantonop.com
376992	0.28431200981140137	0.0920109748840332	electrum.aantonop.com
379008	0.2715001106262207	0.09050655364990234	electrum.aantonop.com
381024	0.28026795387268066	0.09136366844177246	electrum.aantonop.com
383040	0.2694823741912842	0.09158563613891602	electrum.aantonop.com
385056	0.26982855796813965	0.09131860733032227	electrum.aantonop.com
387072	0.2712574005126953	0.09023737907409668	electrum.aantonop.com
389088	0.27512478828430176	0.09104514122009277	electrum.aantonop.com
391104	0.31470680236816406	0.09079527854919434	electrum.aantonop.com
393120	0.27738451957702637	0.09174394607543945	electrum.aantonop.com
395136	0.2734334468841553	0.09102869033813477	electrum.aantonop.com
397152	0.26987266540527344	0.09062719345092773	electrum.aantonop.com
399168	0.2712364196777344	0.09103202819824219	electrum.aantonop.com
401184	0.27049922943115234	0.09110355377197266	electrum.aantonop.com
403200	0.2697165012359619	0.09099435806274414	electrum.aantonop.com
405216	0.26993489265441895	0.09158062934875488	electrum.aantonop.com
407232	0.27080774307250977	0.09204673767089844	electrum.aantonop.com
409248	0.2709965705871582	0.09147000312805176	electrum.aantonop.com
411264	0.27205872535705566	0.09137082099914551	electrum.aantonop.com
413280	0.2882041931152344	0.09107589721679688	electrum.aantonop.com
415296	0.2901771068572998	0.09187769889831543	electrum.aantonop.com
417312	0.2804877758026123	0.09191393852233887	electrum.aantonop.com
419328	0.2777748107910156	0.09172487258911133	electrum.aantonop.com
421344	0.2717902660369873	0.09139347076416016	electrum.aantonop.com
423360	0.28409528732299805	0.09087967872619629	electrum.aantonop.com
425376	0.2734529972076416	0.09132647514343262	electrum.aantonop.com
427392	0.27390551567077637	0.09005045890808105	electrum.aantonop.com
429408	0.2710874080657959	0.09125900268554688	electrum.aantonop.com
431424	0.2698099613189697	0.0910952091217041	electrum.aantonop.com
433440	0.27226853370666504	0.09029626846313477	electrum.aantonop.com
435456	0.27065420150756836	0.09128904342651367	electrum.aantonop.com
437472	0.27126216888427734	0.09084677696228027	electrum.aantonop.com
439488	0.2700307369232178	0.09051156044006348	electrum.aantonop.com
441504	0.2700076103210449	0.0919332504272461	electrum.aantonop.com
443520	0.26961421966552734	0.09123444557189941	electrum.aantonop.com
445536	0.27032899856567383	0.09119582176208496	electrum.aantonop.com
447552	0.2830810546875	0.09090423583984375	electrum.aantonop.com
449568	0.27075695991516113	0.08974099159240723	electrum.aantonop.com
451584	0.2711293697357178	0.09087800979614258	electrum.aantonop.com
453600	0.27203822135925293	0.09085893630981445	electrum.aantonop.com
455616	0.27959203720092773	0.08961272239685059	electrum.aantonop.com
457632	0.28362059593200684	0.09134459495544434	electrum.aantonop.com
459648	0.2711031436920166	0.09073734283447266	electrum.aantonop.com
461664	0.26930761337280273	0.09089779853820801	electrum.aantonop.com
463680	0.27042508125305176	0.08955121040344238	electrum.aantonop.com
465696	0.26993846893310547	0.09074115753173828	electrum.aantonop.com
467712	0.2708723545074463	0.09006237983703613	electrum.aantonop.com
469728	0.2702803611755371	0.0884249210357666	electrum.aantonop.com
471744	0.2704758644104004	0.09117746353149414	electrum.aantonop.com
473760	0.2706282138824463	0.09118008613586426	electrum.aantonop.com
475776	0.2699706554412842	0.09000587463378906	electrum.aantonop.com
477792	0.2721872329711914	0.0902094841003418	electrum.aantonop.com
479808	0.26985740661621094	0.08989810943603516	electrum.aantonop.com
481824	0.2834799289703369	0.08955574035644531	electrum.aantonop.com
483840	0.28173017501831055	0.08951473236083984	electrum.aantonop.com
485856	0.2701907157897949	0.0903768539428711	electrum.aantonop.com
487872	0.2734975814819336	0.09123826026916504	electrum.aantonop.com
489888	0.2701835632324219	0.09268426895141602	electrum.aantonop.com
491904	0.27002930641174316	0.08977866172790527	electrum.aantonop.com
493920	0.2697923183441162	0.08855366706848145	electrum.aantonop.com
495936	0.2783925533294678	0.09269142150878906	electrum.aantonop.com
497952	0.27045130729675293	0.09185266494750977	electrum.aantonop.com
499968	0.2722620964050293	0.0912637710571289	electrum.aantonop.com
501984	0.27123069763183594	0.09158897399902344	electrum.aantonop.com
504000	0.2711977958679199	0.08864498138427734	electrum.aantonop.com
506016	0.2708578109741211	0.09095931053161621	electrum.aantonop.com
508032	0.2710072994232178	0.09187150001525879	electrum.aantonop.com
510048	0.2715420722961426	0.0917665958404541	electrum.aantonop.com
512064	0.26966285705566406	0.09038901329040527	electrum.aantonop.com
514080	0.27093029022216797	0.09027671813964844	electrum.aantonop.com
516096	0.2699415683746338	0.08853292465209961	electrum.aantonop.com
518112	0.28201937675476074	0.09064412117004395	electrum.aantonop.com
520128	0.2757375240325928	0.09053301811218262	electrum.aantonop.com
522144	0.27974367141723633	0.09112668037414551	electrum.aantonop.com
524160	0.27176380157470703	0.08981585502624512	electrum.aantonop.com
526176	0.27131223678588867	0.09012675285339355	electrum.aantonop.com
528192	0.2719910144805908	0.09061098098754883	electrum.aantonop.com
530208	0.27223849296569824	0.09072756767272949	electrum.aantonop.com
532224	0.2715790271759033	0.09035372734069824	electrum.aantonop.com
534240	0.2719993591308594	0.09007883071899414	electrum.aantonop.com
536256	0.2714242935180664	0.09064674377441406	electrum.aantonop.com
538272	0.2718799114227295	0.09099435806274414	electrum.aantonop.com
540288	0.27129483222961426	0.09198498725891113	electrum.aantonop.com
542304	0.2720510959625244	0.09107565879821777	electrum.aantonop.com
544320	0.2717905044555664	0.08991384506225586	electrum.aantonop.com
546336	0.27136945724487305	0.09015083312988281	electrum.aantonop.com
548352	0.2745625972747803	0.09129548072814941	electrum.aantonop.com
550368	0.28185009956359863	0.09181094169616699	electrum.aantonop.com
552384	0.27213597297668457	0.09130120277404785	electrum.aantonop.com
554400	0.27156901359558105	0.09151530265808105	electrum.aantonop.com
556416	0.27099132537841797	0.0906836986541748	electrum.aantonop.com
558432	0.2783243656158447	0.090667724609375	electrum.aantonop.com
560448	0.27206921577453613	0.09134101867675781	electrum.aantonop.com
562464	0.27561044692993164	0.09293174743652344	electrum.aantonop.com
564480	0.27198266983032227	0.09127354621887207	electrum.aantonop.com
566496	0.27193617820739746	0.0914304256439209	electrum.aantonop.com
568512	0.27233338356018066	0.09150123596191406	electrum.aantonop.com
570528	0.27228260040283203	0.09125804901123047	electrum.aantonop.com
572544	0.27165651321411133	0.09101152420043945	electrum.aantonop.com
574560	0.27208995819091797	0.0910944938659668	electrum.aantonop.com
576576	0.2761349678039551	0.09046602249145508	electrum.aantonop.com
578592	0.2744872570037842	0.09087395668029785	electrum.aantonop.com
580608	0.28156256675720215	0.0912175178527832	electrum.aantonop.com
582624	0.27185845375061035	0.0907280445098877	electrum.aantonop.com
584640	0.28070545196533203	0.09047365188598633	electrum.aantonop.com
586656	0.2763791084289551	0.09073019027709961	electrum.aantonop.com
588672	0.2719428539276123	0.09185671806335449	electrum.aantonop.com
590688	0.27204084396362305	0.09035825729370117	electrum.aantonop.com
592704	0.27320384979248047	0.0914766788482666	electrum.aantonop.com
594720	0.2730391025543213	0.09151315689086914	electrum.aantonop.com
596736	0.2722320556640625	0.0909888744354248	electrum.aantonop.com
598752	0.2732424736022949	0.09099197387695312	electrum.aantonop.com
600768	0.2729191780090332	0.0920875072479248	electrum.aantonop.com
602784	0.2709498405456543	0.09159374237060547	electrum.aantonop.com
604800	0.27164173126220703	0.09194064140319824	electrum.aantonop.com
606816	0.2719998359680176	0.09304261207580566	electrum.aantonop.com
608832	0.27095580101013184	0.09177160263061523	electrum.aantonop.com
610848	0.2934584617614746	0.0912938117980957	electrum.aantonop.com
612864	0.2770216464996338	0.09174370765686035	electrum.aantonop.com
614880	0.27180027961730957	0.09234905242919922	electrum.aantonop.com
616896	0.27198076248168945	0.09152412414550781	electrum.aantonop.com
618912	0.272014856338501	0.09125423431396484	electrum.aantonop.com
620928	0.2717113494873047	0.09090685844421387	electrum.aantonop.com
622944	0.27915287017822266	0.09173583984375	electrum.aantonop.com
624960	0.2723217010498047	0.09197592735290527	electrum.aantonop.com
626976	0.2727184295654297	0.09191393852233887	electrum.aantonop.com
628992	0.2723979949951172	0.09127616882324219	electrum.aantonop.com
631008	0.2728452682495117	0.09075617790222168	electrum.aantonop.com
633024	0.2713778018951416	0.09101486206054688	electrum.aantonop.com
635040	0.27176570892333984	0.09287762641906738	electrum.aantonop.com
637056	0.2715446949005127	0.09081459045410156	electrum.aantonop.com
639072	0.27146482467651367	0.09153318405151367	electrum.aantonop.com
641088	0.2731661796569824	0.09280061721801758	electrum.aantonop.com
643104	0.27101659774780273	0.09148597717285156	electrum.aantonop.com
645120	0.2723879814147949	0.09207701683044434	electrum.aantonop.com
647136	0.2757444381713867	0.09224653244018555	electrum.aantonop.com
649152	0.27391934394836426	0.0921022891998291	electrum.aantonop.com
651168	0.2722599506378174	0.0921638011932373	electrum.aantonop.com
653184	0.2733137607574463	0.09237074851989746	electrum.aantonop.com
655200	0.2801225185394287	0.08979439735412598	electrum.aantonop.com
657216	0.2838423252105713	0.05861020088195801	electrum.aantonop.com
