1	0.7713069915771484	0.0897829532623291	VPS.hsmiths.com
2016	0.3884575366973877	0.08895707130432129	VPS.hsmiths.com
4032	0.4089353084564209	0.08831501007080078	VPS.hsmiths.com
6048	0.40932226181030273	0.09035634994506836	VPS.hsmiths.com
8064	0.40993261337280273	0.08932971954345703	VPS.hsmiths.com
10080	0.413055419921875	0.0892949104309082	VPS.hsmiths.com
12096	0.4124014377593994	0.0899043083190918	VPS.hsmiths.com
14112	0.41346192359924316	0.0909886360168457	VPS.hsmiths.com
16128	0.41444993019104004	0.08918905258178711	VPS.hsmiths.com
18144	0.41364002227783203	0.09057164192199707	VPS.hsmiths.com
20160	0.41336607933044434	0.08906126022338867	VPS.hsmiths.com
22176	0.41488003730773926	0.08945465087890625	VPS.hsmiths.com
24192	0.41646742820739746	0.08937716484069824	VPS.hsmiths.com
26208	0.41095471382141113	0.08814048767089844	VPS.hsmiths.com
28224	0.4112246036529541	0.08783531188964844	VPS.hsmiths.com
30240	0.41399669647216797	0.08943724632263184	VPS.hsmiths.com
32256	0.41217541694641113	0.18153786659240723	VPS.hsmiths.com
34272	0.40700364112854004	0.09018182754516602	VPS.hsmiths.com
36288	0.649334192276001	0.09036588668823242	VPS.hsmiths.com
38304	0.41603827476501465	0.08979415893554688	VPS.hsmiths.com
40320	0.4068756103515625	0.08852934837341309	VPS.hsmiths.com
42336	0.4109232425689697	0.08958244323730469	VPS.hsmiths.com
44352	0.4077188968658447	0.08881354331970215	VPS.hsmiths.com
46368	0.4151144027709961	0.08888006210327148	VPS.hsmiths.com
48384	0.4146144390106201	0.08970904350280762	VPS.hsmiths.com
50400	0.40979909896850586	0.08936905860900879	VPS.hsmiths.com
52416	0.4080173969268799	0.08806514739990234	VPS.hsmiths.com
54432	0.4130873680114746	0.08824610710144043	VPS.hsmiths.com
56448	0.4120979309082031	0.08915877342224121	VPS.hsmiths.com
58464	0.40770745277404785	0.0897517204284668	VPS.hsmiths.com
60480	0.4072432518005371	0.08979201316833496	VPS.hsmiths.com
62496	0.41186976432800293	0.08898544311523438	VPS.hsmiths.com
64512	0.41514158248901367	0.09044528007507324	VPS.hsmiths.com
66528	0.4126889705657959	0.08883404731750488	VPS.hsmiths.com
68544	0.407024621963501	0.0882101058959961	VPS.hsmiths.com
70560	0.41138434410095215	0.08957433700561523	VPS.hsmiths.com
72576	0.4065234661102295	0.09060263633728027	VPS.hsmiths.com
74592	0.40958237648010254	0.09025120735168457	VPS.hsmiths.com
76608	0.40921854972839355	0.09071803092956543	VPS.hsmiths.com
78624	0.4099905490875244	0.09263443946838379	VPS.hsmiths.com
80640	0.412656307220459	0.08969449996948242	VPS.hsmiths.com
82656	0.411590576171875	0.08970427513122559	VPS.hsmiths.com
84672	0.4149148464202881	0.09023308753967285	VPS.hsmiths.com
86688	0.41132593154907227	0.08968210220336914	VPS.hsmiths.com
88704	0.4118480682373047	0.08892536163330078	VPS.hsmiths.com
90720	0.4137873649597168	0.09002256393432617	VPS.hsmiths.com
92736	0.41379332542419434	0.08992695808410645	VPS.hsmiths.com
94752	0.4146590232849121	0.09227347373962402	VPS.hsmiths.com
96768	0.41348791122436523	0.0901646614074707	VPS.hsmiths.com
98784	0.4132661819458008	0.08972597122192383	VPS.hsmiths.com
100800	0.41526079177856445	0.08855104446411133	VPS.hsmiths.com
102816	0.40880441665649414	0.08912372589111328	VPS.hsmiths.com
104832	0.40996789932250977	0.08837318420410156	VPS.hsmiths.com
106848	0.41079020500183105	0.08936548233032227	VPS.hsmiths.com
108864	0.41361451148986816	0.08852863311767578	VPS.hsmiths.com
110880	0.44205665588378906	0.08834147453308105	VPS.hsmiths.com
112896	0.407512903213501	0.08872175216674805	VPS.hsmiths.com
114912	0.4012312889099121	0.08772420883178711	VPS.hsmiths.com
116928	0.37994933128356934	0.08993101119995117	VPS.hsmiths.com
118944	0.6102697849273682	0.08967018127441406	VPS.hsmiths.com
120960	0.3659827709197998	0.08914947509765625	VPS.hsmiths.com
122976	0.35366392135620117	0.08946466445922852	VPS.hsmiths.com
124992	0.33167362213134766	0.08760738372802734	VPS.hsmiths.com
127008	0.32106995582580566	0.08845210075378418	VPS.hsmiths.com
129024	0.30561065673828125	0.08791160583496094	VPS.hsmiths.com
131040	0.3054993152618408	0.15948796272277832	VPS.hsmiths.com
133056	0.303455114364624	0.1577281951904297	VPS.hsmiths.com
135072	0.3032112121582031	0.15754437446594238	VPS.hsmiths.com
137088	0.2950167655944824	0.15712952613830566	VPS.hsmiths.com
139104	0.2826082706451416	0.1571190357208252	VPS.hsmiths.com
141120	0.28456854820251465	0.1571025848388672	VPS.hsmiths.com
143136	0.2824735641479492	0.1584773063659668	VPS.hsmiths.com
145152	0.2831459045410156	0.15523791313171387	VPS.hsmiths.com
147168	0.27812981605529785	0.15501022338867188	VPS.hsmiths.com
149184	0.26473498344421387	0.15704917907714844	VPS.hsmiths.com
151200	0.26481056213378906	0.15299153327941895	VPS.hsmiths.com
153216	0.26363372802734375	0.1527268886566162	VPS.hsmiths.com
155232	0.2650740146636963	0.15726447105407715	VPS.hsmiths.com
157248	0.2634732723236084	0.15404653549194336	VPS.hsmiths.com
159264	0.2636134624481201	0.15386033058166504	VPS.hsmiths.com
161280	0.2560906410217285	0.1569657325744629	VPS.hsmiths.com
163296	0.25183606147766113	0.15450739860534668	VPS.hsmiths.com
165312	0.252575159072876	0.1557021141052246	VPS.hsmiths.com
167328	0.25262904167175293	0.16045403480529785	VPS.hsmiths.com
169344	0.2517855167388916	0.1568605899810791	VPS.hsmiths.com
171360	0.252225399017334	0.1562504768371582	VPS.hsmiths.com
173376	0.25160932540893555	0.15175271034240723	VPS.hsmiths.com
175392	0.24979352951049805	0.15316247940063477	VPS.hsmiths.com
177408	0.25136709213256836	0.15328693389892578	VPS.hsmiths.com
179424	0.25034427642822266	0.15487957000732422	VPS.hsmiths.com
181440	0.251589298248291	0.15282654762268066	VPS.hsmiths.com
183456	0.2512524127960205	0.15410327911376953	VPS.hsmiths.com
185472	0.2519242763519287	0.15719246864318848	VPS.hsmiths.com
187488	0.2507789134979248	0.15633487701416016	VPS.hsmiths.com
189504	0.24949264526367188	0.15751123428344727	VPS.hsmiths.com
191520	0.25145649909973145	0.15870404243469238	VPS.hsmiths.com
193536	0.25060319900512695	0.15300345420837402	VPS.hsmiths.com
195552	0.25073838233947754	0.15711140632629395	VPS.hsmiths.com
197568	0.2512538433074951	0.15839171409606934	VPS.hsmiths.com
199584	0.25084877014160156	0.1562657356262207	VPS.hsmiths.com
201600	0.2511594295501709	0.15887880325317383	VPS.hsmiths.com
203616	0.2494513988494873	0.1588304042816162	VPS.hsmiths.com
205632	0.25186967849731445	0.1588609218597412	VPS.hsmiths.com
207648	0.251694917678833	0.15746760368347168	VPS.hsmiths.com
209664	0.2513761520385742	0.15605878829956055	VPS.hsmiths.com
211680	0.2516334056854248	0.15913081169128418	VPS.hsmiths.com
213696	0.25153160095214844	0.1604304313659668	VPS.hsmiths.com
215712	0.25112009048461914	0.15891075134277344	VPS.hsmiths.com
217728	0.2490227222442627	0.1574709415435791	VPS.hsmiths.com
219744	0.25131726264953613	0.1585984230041504	VPS.hsmiths.com
221760	0.2518923282623291	0.1587972640991211	VPS.hsmiths.com
223776	0.2510664463043213	0.16003084182739258	VPS.hsmiths.com
225792	0.2512044906616211	0.15835261344909668	VPS.hsmiths.com
227808	0.25223588943481445	0.15776610374450684	VPS.hsmiths.com
229824	0.25159549713134766	0.1588122844696045	VPS.hsmiths.com
231840	0.24942421913146973	0.1582050323486328	VPS.hsmiths.com
233856	0.25235867500305176	0.15745902061462402	VPS.hsmiths.com
235872	0.2514619827270508	0.15696048736572266	VPS.hsmiths.com
237888	0.25153636932373047	0.15750932693481445	VPS.hsmiths.com
239904	0.2519693374633789	0.15679025650024414	VPS.hsmiths.com
241920	0.251253604888916	0.16010642051696777	VPS.hsmiths.com
243936	0.2520601749420166	0.16133403778076172	VPS.hsmiths.com
245952	0.2505960464477539	0.160567045211792	VPS.hsmiths.com
247968	0.25152039527893066	0.16030192375183105	VPS.hsmiths.com
249984	0.25194644927978516	0.15877723693847656	VPS.hsmiths.com
252000	0.25116539001464844	0.15846657752990723	VPS.hsmiths.com
254016	0.25127434730529785	0.15810298919677734	VPS.hsmiths.com
256032	0.2514989376068115	0.09031200408935547	VPS.hsmiths.com
258048	0.251584529876709	0.09016919136047363	VPS.hsmiths.com
260064	0.24851775169372559	0.09641408920288086	VPS.hsmiths.com
262080	0.2475132942199707	0.0911705493927002	VPS.hsmiths.com
264096	0.2472243309020996	0.09033346176147461	VPS.hsmiths.com
266112	0.24534344673156738	0.08900666236877441	VPS.hsmiths.com
268128	0.24747824668884277	0.09178781509399414	VPS.hsmiths.com
270144	0.2457413673400879	0.08955693244934082	VPS.hsmiths.com
272160	0.2430400848388672	0.0886075496673584	VPS.hsmiths.com
274176	0.24584269523620605	0.09041213989257812	VPS.hsmiths.com
276192	0.24524331092834473	0.08904218673706055	VPS.hsmiths.com
278208	0.24619436264038086	0.08890509605407715	VPS.hsmiths.com
280224	0.24633502960205078	0.08947396278381348	VPS.hsmiths.com
282240	0.2456817626953125	0.08865141868591309	VPS.hsmiths.com
284256	0.24573540687561035	0.0896906852722168	VPS.hsmiths.com
286272	0.24332094192504883	0.09109735488891602	VPS.hsmiths.com
288288	0.24554824829101562	0.08942842483520508	VPS.hsmiths.com
290304	0.24548745155334473	0.09036111831665039	VPS.hsmiths.com
292320	0.24501490592956543	0.0924992561340332	VPS.hsmiths.com
294336	0.24562454223632812	0.09114861488342285	VPS.hsmiths.com
296352	0.24519705772399902	0.09014630317687988	VPS.hsmiths.com
298368	0.24518871307373047	0.09199047088623047	electrum.qtornado.com
300384	0.24429059028625488	0.09252095222473145	electrum.qtornado.com
302400	0.2456042766571045	0.0927724838256836	electrum.qtornado.com
304416	0.2451331615447998	0.09158158302307129	electrum.qtornado.com
306432	0.24572396278381348	0.09287166595458984	electrum.qtornado.com
308448	0.24523711204528809	0.09260368347167969	electrum.qtornado.com
310464	0.24474430084228516	0.0917513370513916	electrum.qtornado.com
312480	0.24520349502563477	0.09282135963439941	electrum.qtornado.com
314496	0.24398469924926758	0.09090662002563477	electrum.qtornado.com
316512	0.2451777458190918	0.09144043922424316	electrum.qtornado.com
318528	0.24483776092529297	0.0903923511505127	electrum.qtornado.com
320544	0.2449188232421875	0.09209513664245605	electrum.qtornado.com
322560	0.24544095993041992	0.0917351245880127	electrum.qtornado.com
324576	0.24494194984436035	0.09197473526000977	electrum.qtornado.com
326592	0.24550247192382812	0.09173583984375	electrum.qtornado.com
328608	0.24353957176208496	0.09238433837890625	electrum.qtornado.com
330624	0.24505090713500977	0.09145665168762207	electrum.qtornado.com
332640	0.24472332000732422	0.09196114540100098	electrum.qtornado.com
334656	0.24555444717407227	0.09240603446960449	electrum.qtornado.com
336672	0.24720978736877441	0.09121370315551758	electrum.qtornado.com
338688	0.2459564208984375	0.09070420265197754	electrum.qtornado.com
340704	0.24526047706604004	0.0916295051574707	electrum.qtornado.com
342720	0.24370121955871582	0.09160780906677246	electrum.qtornado.com
344736	0.24549055099487305	0.09128713607788086	electrum.qtornado.com
346752	0.24535322189331055	0.09361076354980469	electrum.qtornado.com
348768	0.2453761100769043	0.09129738807678223	electrum.qtornado.com
350784	0.24564671516418457	0.09226226806640625	electrum.qtornado.com
352800	0.24504494667053223	0.0917348861694336	electrum.qtornado.com
354816	0.2452230453491211	0.09217309951782227	electrum.qtornado.com
356832	0.2431941032409668	0.09245777130126953	electrum.qtornado.com
358848	0.2459256649017334	0.09273481369018555	electrum.qtornado.com
360864	0.24499154090881348	0.09191608428955078	electrum.qtornado.com
362880	0.24490880966186523	0.09292745590209961	electrum.qtornado.com
364896	0.244856595993042	0.09175705909729004	electrum.qtornado.com
366912	0.24512529373168945	0.09310507774353027	electrum.qtornado.com
368928	0.24670052528381348	0.09133267402648926	electrum.qtornado.com
370944	0.24404311180114746	0.09203600883483887	electrum.qtornado.com
372960	0.24484992027282715	0.0922849178314209	electrum.qtornado.com
374976	0.24498248100280762	0.09236931800842285	electrum.qtornado.com
376992	0.2456364631652832	0.09152388572692871	electrum.qtornado.com
379008	0.2450695037841797	0.09229350090026855	electrum.qtornado.com
381024	0.2456040382385254	0.09244275093078613	electrum.qtornado.com
383040	0.24558067321777344	0.09293842315673828	electrum.qtornado.com
385056	0.24383902549743652	0.09141659736633301	electrum.qtornado.com
387072	0.24579763412475586	0.09356427192687988	electrum.qtornado.com
389088	0.24572324752807617	0.09155583381652832	electrum.qtornado.com
391104	0.2454984188079834	0.09268593788146973	electrum.qtornado.com
393120	0.24549555778503418	0.0919947624206543	electrum.qtornado.com
395136	0.24515128135681152	0.0938880443572998	electrum.qtornado.com
397152	0.24495649337768555	0.09238004684448242	electrum.qtornado.com
399168	0.2429218292236328	0.0938117504119873	electrum.qtornado.com
401184	0.24526095390319824	0.09110212326049805	electrum.qtornado.com
403200	0.24457788467407227	0.09117627143859863	electrum.qtornado.com
405216	0.2447211742401123	0.0925900936126709	electrum.qtornado.com
407232	0.2453014850616455	0.0928640365600586	electrum.qtornado.com
409248	0.2454378604888916	0.09206700325012207	electrum.qtornado.com
411264	0.24528074264526367	0.09241724014282227	electrum.qtornado.com
413280	0.24283099174499512	0.09265899658203125	electrum.qtornado.com
415296	0.24482011795043945	0.09051394462585449	electrum.qtornado.com
417312	0.24552369117736816	0.09131741523742676	electrum.qtornado.com
419328	0.24501943588256836	0.09121012687683105	electrum.qtornado.com
421344	0.24563837051391602	0.09003639221191406	electrum.qtornado.com
423360	0.24523687362670898	0.09123849868774414	electrum.qtornado.com
425376	0.24549055099487305	0.0914914608001709	electrum.qtornado.com
427392	0.24387240409851074	0.0908360481262207	electrum.qtornado.com
429408	0.24550819396972656	0.09125852584838867	electrum.qtornado.com
431424	0.24471092224121094	0.09190058708190918	electrum.qtornado.com
433440	0.24598264694213867	0.09092593193054199	electrum.qtornado.com
435456	0.24532222747802734	0.09097862243652344	electrum.qtornado.com
437472	0.24543023109436035	0.09083986282348633	electrum.qtornado.com
439488	0.24526476860046387	0.09194564819335938	electrum.qtornado.com
441504	0.24360370635986328	0.09119176864624023	electrum.qtornado.com
443520	0.24499249458312988	0.0908045768737793	electrum.qtornado.com
445536	0.2450706958770752	0.09146976470947266	electrum.qtornado.com
447552	0.24498987197875977	0.09062767028808594	electrum.qtornado.com
449568	0.24404311180114746	0.0900413990020752	electrum.qtornado.com
451584	0.24413466453552246	0.09112000465393066	electrum.qtornado.com
453600	0.24580979347229004	0.09126853942871094	electrum.qtornado.com
455616	0.24285411834716797	0.09095406532287598	electrum.qtornado.com
457632	0.2445995807647705	0.09084773063659668	electrum.qtornado.com
459648	0.24573922157287598	0.08929777145385742	electrum.qtornado.com
461664	0.2452073097229004	0.08959007263183594	electrum.qtornado.com
463680	0.24531793594360352	0.09218955039978027	electrum.qtornado.com
465696	0.2449944019317627	0.09096837043762207	electrum.qtornado.com
467712	0.24578189849853516	0.09128761291503906	electrum.qtornado.com
469728	0.24301362037658691	0.09123587608337402	electrum.qtornado.com
471744	0.24465084075927734	0.09059858322143555	electrum.qtornado.com
473760	0.2447338104248047	0.08960604667663574	electrum.qtornado.com
475776	0.2450089454650879	0.09074997901916504	electrum.qtornado.com
477792	0.24460506439208984	0.09146499633789062	electrum.qtornado.com
479808	0.2452220916748047	0.09012961387634277	electrum.qtornado.com
481824	0.24478960037231445	0.0900571346282959	electrum.qtornado.com
483840	0.24314045906066895	0.08991265296936035	electrum.qtornado.com
485856	0.24539875984191895	0.09109187126159668	electrum.qtornado.com
487872	0.24453496932983398	0.09142899513244629	electrum.qtornado.com
489888	0.24490690231323242	0.09292197227478027	electrum.qtornado.com
491904	0.2454235553741455	0.09245133399963379	electrum.qtornado.com
493920	0.24513769149780273	0.09344196319580078	electrum.qtornado.com
495936	0.245957612991333	0.09257268905639648	electrum.qtornado.com
497952	0.24339699745178223	0.09296202659606934	electrum.qtornado.com
499968	0.24507832527160645	0.09131789207458496	electrum.qtornado.com
501984	0.2461988925933838	0.09173440933227539	electrum.qtornado.com
504000	0.24509119987487793	0.09093451499938965	electrum.qtornado.com
506016	0.2453463077545166	0.09029269218444824	electrum.qtornado.com
508032	0.24541568756103516	0.09061813354492188	electrum.qtornado.com
510048	0.245133638381958	0.09142518043518066	electrum.qtornado.com
512064	0.24492239952087402	0.09087252616882324	electrum.qtornado.com
514080	0.2457292079925537	0.09056997299194336	electrum.qtornado.com
516096	0.2449791431427002	0.09243607521057129	electrum.qtornado.com
518112	0.24486804008483887	0.09091496467590332	electrum.qtornado.com
520128	0.24481487274169922	0.09026122093200684	electrum.qtornado.com
522144	0.2455005645751953	0.0916438102722168	electrum.qtornado.com
524160	0.2449643611907959	0.09076571464538574	electrum.qtornado.com
526176	0.24303746223449707	0.09146547317504883	electrum.qtornado.com
528192	0.2451164722442627	0.09076809883117676	electrum.qtornado.com
530208	0.24559903144836426	0.09140253067016602	electrum.qtornado.com
532224	0.24514126777648926	0.09131526947021484	electrum.qtornado.com
534240	0.24472737312316895	0.0929250717163086	electrum.qtornado.com
536256	0.24586844444274902	0.09136223793029785	electrum.qtornado.com
538272	0.24476194381713867	0.09199762344360352	electrum.qtornado.com
540288	0.2433795928955078	0.09201359748840332	electrum.qtornado.com
542304	0.24520587921142578	0.09261393547058105	electrum.qtornado.com
544320	0.24492835998535156	0.09205770492553711	electrum.qtornado.com
546336	0.24573659896850586	0.09193730354309082	electrum.qtornado.com
548352	0.24512577056884766	0.09189176559448242	electrum.qtornado.com
550368	0.24582600593566895	0.09167265892028809	electrum.qtornado.com
552384	0.24506831169128418	0.09180450439453125	electrum.qtornado.com
554400	0.24508190155029297	0.0923166275024414	electrum.qtornado.com
556416	0.245269775390625	0.09189844131469727	electrum.qtornado.com
558432	0.24520158767700195	0.09154891967773438	electrum.qtornado.com
560448	0.24549031257629395	0.09127426147460938	electrum.qtornado.com
562464	0.24656009674072266	0.09217548370361328	electrum.qtornado.com
564480	0.24460935592651367	0.09151768684387207	electrum.qtornado.com
566496	0.24452567100524902	0.09095048904418945	electrum.qtornado.com
568512	0.24285411834716797	0.09144711494445801	electrum.qtornado.com
570528	0.24524593353271484	0.09276199340820312	electrum.qtornado.com
572544	0.24525237083435059	0.09131097793579102	electrum.qtornado.com
574560	0.24526000022888184	0.09065842628479004	electrum.qtornado.com
576576	0.24477481842041016	0.09172511100769043	electrum.qtornado.com
578592	0.24557852745056152	0.09063458442687988	electrum.qtornado.com
580608	0.24432134628295898	0.090057373046875	electrum.qtornado.com
582624	0.2434852123260498	0.09189558029174805	electrum.qtornado.com
584640	0.24545049667358398	0.09187483787536621	electrum.qtornado.com
586656	0.24524188041687012	0.09180164337158203	electrum.qtornado.com
588672	0.24567890167236328	0.0921480655670166	electrum.qtornado.com
590688	0.24432110786437988	0.09069681167602539	electrum.qtornado.com
592704	0.24503755569458008	0.09177255630493164	electrum.qtornado.com
594720	0.24611973762512207	0.09123349189758301	electrum.qtornado.com
596736	0.243391752243042	0.09270453453063965	electrum.qtornado.com
598752	0.24508285522460938	0.09281396865844727	electrum.qtornado.com
600768	0.24527525901794434	0.09204983711242676	electrum.qtornado.com
602784	0.24569058418273926	0.09024572372436523	electrum.qtornado.com
604800	0.24594879150390625	0.09247827529907227	electrum.qtornado.com
606816	0.24639534950256348	0.0896294116973877	electrum.qtornado.com
608832	0.24416732788085938	0.09410905838012695	electrum.qtornado.com
610848	0.2439136505126953	0.08975720405578613	electrum.qtornado.com
612864	0.24519014358520508	0.08989691734313965	electrum.qtornado.com
614880	0.24595165252685547	0.09080052375793457	electrum.qtornado.com
616896	0.2464618682861328	0.09089398384094238	electrum.qtornado.com
618912	0.24576115608215332	0.09035181999206543	electrum.qtornado.com
620928	0.24712157249450684	0.09060120582580566	electrum.qtornado.com
622944	0.24888253211975098	0.09095311164855957	electrum.qtornado.com
624960	0.24832963943481445	0.08981823921203613	electrum.qtornado.com
626976	0.24766325950622559	0.09033393859863281	electrum.qtornado.com
628992	0.24728822708129883	0.09129524230957031	electrum.qtornado.com
631008	0.24569368362426758	0.09136176109313965	electrum.qtornado.com
633024	0.24542570114135742	0.09098148345947266	electrum.qtornado.com
635040	0.24534964561462402	0.09173774719238281	electrum.qtornado.com
637056	0.2450103759765625	0.09212779998779297	electrum.qtornado.com
639072	0.24506163597106934	0.09172749519348145	electrum.qtornado.com
641088	0.2454390525817871	0.09179949760437012	electrum.qtornado.com
643104	0.24541640281677246	0.09207844734191895	electrum.qtornado.com
645120	0.24358034133911133	0.09179139137268066	electrum.qtornado.com
647136	0.24555397033691406	0.0930166244506836	electrum.qtornado.com
649152	0.2463088035583496	0.09297466278076172	electrum.qtornado.com
651168	0.24534058570861816	0.09283757209777832	electrum.qtornado.com
653184	0.24492430686950684	0.0977926254272461	electrum.qtornado.com
655200	0.24790143966674805	0.09129595756530762	electrum.qtornado.com
657216	0.22230839729309082	0.05896639823913574	electrum.qtornado.com
