1	0.7662756443023682	0.08748388290405273	green-gold.westeurope.cloudapp.azure.com
2016	0.3892362117767334	0.08788847923278809	green-gold.westeurope.cloudapp.azure.com
4032	0.4131135940551758	0.08870339393615723	green-gold.westeurope.cloudapp.azure.com
6048	0.41614222526550293	0.08860588073730469	green-gold.westeurope.cloudapp.azure.com
8064	0.405808687210083	0.08743762969970703	green-gold.westeurope.cloudapp.azure.com
10080	0.4099147319793701	0.08834505081176758	green-gold.westeurope.cloudapp.azure.com
12096	0.4054536819458008	0.08907914161682129	green-gold.westeurope.cloudapp.azure.com
14112	0.40450477600097656	0.08829545974731445	green-gold.westeurope.cloudapp.azure.com
16128	0.4079408645629883	0.08893370628356934	green-gold.westeurope.cloudapp.azure.com
18144	0.4028608798980713	0.08666157722473145	green-gold.westeurope.cloudapp.azure.com
20160	0.4054386615753174	0.08743715286254883	green-gold.westeurope.cloudapp.azure.com
22176	0.41230344772338867	0.08576798439025879	green-gold.westeurope.cloudapp.azure.com
24192	0.40822744369506836	0.08615899085998535	green-gold.westeurope.cloudapp.azure.com
26208	0.4058969020843506	0.08715963363647461	green-gold.westeurope.cloudapp.azure.com
28224	0.40673112869262695	0.08712244033813477	green-gold.westeurope.cloudapp.azure.com
30240	0.40735721588134766	0.08525204658508301	green-gold.westeurope.cloudapp.azure.com
32256	0.40336179733276367	0.13048887252807617	green-gold.westeurope.cloudapp.azure.com
34272	0.4069702625274658	0.17348051071166992	green-gold.westeurope.cloudapp.azure.com
36288	0.6502223014831543	0.0881657600402832	green-gold.westeurope.cloudapp.azure.com
38304	0.40976667404174805	0.0884242057800293	green-gold.westeurope.cloudapp.azure.com
40320	0.4102957248687744	0.08795785903930664	green-gold.westeurope.cloudapp.azure.com
42336	0.40871405601501465	0.0859837532043457	green-gold.westeurope.cloudapp.azure.com
44352	0.4085214138031006	0.08699560165405273	green-gold.westeurope.cloudapp.azure.com
46368	0.41089797019958496	0.08845686912536621	green-gold.westeurope.cloudapp.azure.com
48384	0.41210460662841797	0.08725333213806152	green-gold.westeurope.cloudapp.azure.com
50400	0.4091358184814453	0.08790946006774902	green-gold.westeurope.cloudapp.azure.com
52416	0.41078639030456543	0.08569216728210449	green-gold.westeurope.cloudapp.azure.com
54432	0.41376590728759766	0.08738827705383301	green-gold.westeurope.cloudapp.azure.com
56448	0.4040963649749756	0.08712244033813477	green-gold.westeurope.cloudapp.azure.com
58464	0.4056260585784912	0.08740639686584473	green-gold.westeurope.cloudapp.azure.com
60480	0.40730810165405273	0.08672189712524414	green-gold.westeurope.cloudapp.azure.com
62496	0.4119102954864502	0.08858585357666016	green-gold.westeurope.cloudapp.azure.com
64512	0.4098081588745117	0.09251213073730469	green-gold.westeurope.cloudapp.azure.com
66528	0.40936899185180664	0.08782744407653809	green-gold.westeurope.cloudapp.azure.com
68544	0.40571093559265137	0.08820772171020508	green-gold.westeurope.cloudapp.azure.com
70560	0.40822887420654297	0.08630251884460449	green-gold.westeurope.cloudapp.azure.com
72576	0.4043154716491699	0.08763265609741211	green-gold.westeurope.cloudapp.azure.com
74592	0.40445661544799805	0.08725142478942871	green-gold.westeurope.cloudapp.azure.com
76608	0.40691685676574707	0.08714652061462402	green-gold.westeurope.cloudapp.azure.com
78624	0.4096975326538086	0.08734774589538574	green-gold.westeurope.cloudapp.azure.com
80640	0.4096345901489258	0.08759069442749023	green-gold.westeurope.cloudapp.azure.com
82656	0.41148948669433594	0.08847498893737793	green-gold.westeurope.cloudapp.azure.com
84672	0.4057917594909668	0.08901619911193848	green-gold.westeurope.cloudapp.azure.com
86688	0.41051530838012695	0.08745718002319336	green-gold.westeurope.cloudapp.azure.com
88704	0.409898042678833	0.0890665054321289	green-gold.westeurope.cloudapp.azure.com
90720	0.40491175651550293	0.08830451965332031	green-gold.westeurope.cloudapp.azure.com
92736	0.41077303886413574	0.08777356147766113	green-gold.westeurope.cloudapp.azure.com
94752	0.40473055839538574	0.08825469017028809	green-gold.westeurope.cloudapp.azure.com
96768	0.40768909454345703	0.08818960189819336	green-gold.westeurope.cloudapp.azure.com
98784	0.410538911819458	0.08740592002868652	green-gold.westeurope.cloudapp.azure.com
100800	0.40484619140625	0.08832168579101562	green-gold.westeurope.cloudapp.azure.com
102816	0.408949613571167	0.08817315101623535	green-gold.westeurope.cloudapp.azure.com
104832	0.4141662120819092	0.08816838264465332	green-gold.westeurope.cloudapp.azure.com
106848	0.4112834930419922	0.08762240409851074	green-gold.westeurope.cloudapp.azure.com
108864	0.4125218391418457	0.08794522285461426	green-gold.westeurope.cloudapp.azure.com
110880	0.4085085391998291	0.08692479133605957	green-gold.westeurope.cloudapp.azure.com
112896	0.4077470302581787	0.08954262733459473	green-gold.westeurope.cloudapp.azure.com
114912	0.406872034072876	0.08892226219177246	green-gold.westeurope.cloudapp.azure.com
116928	0.6479041576385498	0.09045672416687012	green-gold.westeurope.cloudapp.azure.com
118944	0.4053318500518799	0.0886681079864502	green-gold.westeurope.cloudapp.azure.com
120960	0.40915727615356445	0.09018421173095703	green-gold.westeurope.cloudapp.azure.com
122976	0.4038965702056885	0.08904528617858887	green-gold.westeurope.cloudapp.azure.com
124992	0.4079465866088867	0.08935117721557617	green-gold.westeurope.cloudapp.azure.com
127008	0.4034004211425781	0.08924150466918945	green-gold.westeurope.cloudapp.azure.com
129024	0.4193258285522461	0.09004068374633789	green-gold.westeurope.cloudapp.azure.com
131040	0.4146890640258789	0.08899784088134766	green-gold.westeurope.cloudapp.azure.com
133056	0.4049208164215088	0.08894491195678711	green-gold.westeurope.cloudapp.azure.com
135072	0.4092690944671631	0.12470340728759766	green-gold.westeurope.cloudapp.azure.com
137088	0.4099724292755127	0.14541196823120117	green-gold.westeurope.cloudapp.azure.com
139104	0.4054417610168457	0.08970451354980469	green-gold.westeurope.cloudapp.azure.com
141120	0.41454172134399414	0.09227395057678223	green-gold.westeurope.cloudapp.azure.com
143136	0.40630340576171875	0.08828449249267578	green-gold.westeurope.cloudapp.azure.com
145152	0.4073212146759033	0.08937764167785645	green-gold.westeurope.cloudapp.azure.com
147168	0.4105496406555176	0.09026765823364258	green-gold.westeurope.cloudapp.azure.com
149184	0.4056863784790039	0.08952188491821289	green-gold.westeurope.cloudapp.azure.com
151200	0.40564751625061035	0.08832049369812012	green-gold.westeurope.cloudapp.azure.com
153216	0.40402984619140625	0.0883791446685791	green-gold.westeurope.cloudapp.azure.com
155232	0.40866613388061523	0.08843135833740234	green-gold.westeurope.cloudapp.azure.com
157248	0.410261869430542	0.08953523635864258	green-gold.westeurope.cloudapp.azure.com
159264	0.4088306427001953	0.0886380672454834	green-gold.westeurope.cloudapp.azure.com
161280	0.40445923805236816	0.08967828750610352	green-gold.westeurope.cloudapp.azure.com
163296	0.4086771011352539	0.08989953994750977	green-gold.westeurope.cloudapp.azure.com
165312	0.40441203117370605	0.08864498138427734	green-gold.westeurope.cloudapp.azure.com
167328	0.4026024341583252	0.08819341659545898	green-gold.westeurope.cloudapp.azure.com
169344	0.4093031883239746	0.09023523330688477	green-gold.westeurope.cloudapp.azure.com
171360	0.40369129180908203	0.08925485610961914	green-gold.westeurope.cloudapp.azure.com
173376	0.40378618240356445	0.09394669532775879	green-gold.westeurope.cloudapp.azure.com
175392	0.6508219242095947	0.09008479118347168	green-gold.westeurope.cloudapp.azure.com
177408	0.40465664863586426	0.08841514587402344	green-gold.westeurope.cloudapp.azure.com
179424	0.40500855445861816	0.08989644050598145	green-gold.westeurope.cloudapp.azure.com
181440	0.40827345848083496	0.08947324752807617	green-gold.westeurope.cloudapp.azure.com
183456	0.40558695793151855	0.09087085723876953	green-gold.westeurope.cloudapp.azure.com
185472	0.4099719524383545	0.09029746055603027	green-gold.westeurope.cloudapp.azure.com
187488	0.4096567630767822	0.08926963806152344	green-gold.westeurope.cloudapp.azure.com
189504	0.41167688369750977	0.0901646614074707	green-gold.westeurope.cloudapp.azure.com
191520	0.4046292304992676	0.08957266807556152	green-gold.westeurope.cloudapp.azure.com
193536	0.4052877426147461	0.08870983123779297	green-gold.westeurope.cloudapp.azure.com
195552	0.4077444076538086	0.08888769149780273	green-gold.westeurope.cloudapp.azure.com
197568	0.4077117443084717	0.088226318359375	green-gold.westeurope.cloudapp.azure.com
199584	0.4080848693847656	0.08792829513549805	green-gold.westeurope.cloudapp.azure.com
201600	0.4148988723754883	0.08804988861083984	green-gold.westeurope.cloudapp.azure.com
203616	0.4136936664581299	0.0879507064819336	green-gold.westeurope.cloudapp.azure.com
205632	0.4056222438812256	0.08805060386657715	green-gold.westeurope.cloudapp.azure.com
207648	0.4078080654144287	0.08890843391418457	green-gold.westeurope.cloudapp.azure.com
209664	0.40972065925598145	0.08924269676208496	green-gold.westeurope.cloudapp.azure.com
211680	0.41361212730407715	0.08789396286010742	green-gold.westeurope.cloudapp.azure.com
213696	0.4088149070739746	0.08854794502258301	green-gold.westeurope.cloudapp.azure.com
215712	0.40482544898986816	0.08740520477294922	green-gold.westeurope.cloudapp.azure.com
217728	0.4079749584197998	0.09290099143981934	green-gold.westeurope.cloudapp.azure.com
219744	0.41152215003967285	0.08840560913085938	green-gold.westeurope.cloudapp.azure.com
221760	0.4057323932647705	0.08769536018371582	green-gold.westeurope.cloudapp.azure.com
223776	0.4078068733215332	0.08793210983276367	green-gold.westeurope.cloudapp.azure.com
225792	0.40845489501953125	0.08718180656433105	green-gold.westeurope.cloudapp.azure.com
227808	0.40921616554260254	0.08872795104980469	green-gold.westeurope.cloudapp.azure.com
229824	0.4116072654724121	0.08790469169616699	green-gold.westeurope.cloudapp.azure.com
231840	0.40481019020080566	0.08892416954040527	green-gold.westeurope.cloudapp.azure.com
233856	0.4081408977508545	0.0883944034576416	green-gold.westeurope.cloudapp.azure.com
235872	0.41045689582824707	0.08963727951049805	green-gold.westeurope.cloudapp.azure.com
237888	0.4046046733856201	0.08996748924255371	green-gold.westeurope.cloudapp.azure.com
239904	0.40721607208251953	0.08957552909851074	green-gold.westeurope.cloudapp.azure.com
241920	0.4084048271179199	0.09235906600952148	green-gold.westeurope.cloudapp.azure.com
243936	0.4137387275695801	0.09324240684509277	green-gold.westeurope.cloudapp.azure.com
245952	0.4157721996307373	0.09083890914916992	green-gold.westeurope.cloudapp.azure.com
247968	0.4105796813964844	0.09175443649291992	green-gold.westeurope.cloudapp.azure.com
249984	0.40535831451416016	0.09183001518249512	green-gold.westeurope.cloudapp.azure.com
252000	0.4124770164489746	0.09151101112365723	green-gold.westeurope.cloudapp.azure.com
254016	0.4089794158935547	0.0909872055053711	green-gold.westeurope.cloudapp.azure.com
256032	0.4093334674835205	0.09092855453491211	green-gold.westeurope.cloudapp.azure.com
258048	0.4107170104980469	0.0912630558013916	green-gold.westeurope.cloudapp.azure.com
260064	0.4141383171081543	0.08944988250732422	green-gold.westeurope.cloudapp.azure.com
262080	0.4149618148803711	0.08944845199584961	green-gold.westeurope.cloudapp.azure.com
264096	0.4321906566619873	0.0907590389251709	green-gold.westeurope.cloudapp.azure.com
266112	0.40715956687927246	0.08919882774353027	green-gold.westeurope.cloudapp.azure.com
268128	0.3808457851409912	0.0892796516418457	green-gold.westeurope.cloudapp.azure.com
270144	0.363659143447876	0.08953857421875	green-gold.westeurope.cloudapp.azure.com
272160	0.3362863063812256	0.08985209465026855	green-gold.westeurope.cloudapp.azure.com
274176	0.3359348773956299	0.08928561210632324	green-gold.westeurope.cloudapp.azure.com
276192	0.32807183265686035	0.08931159973144531	green-gold.westeurope.cloudapp.azure.com
278208	0.3083980083465576	0.08902955055236816	green-gold.westeurope.cloudapp.azure.com
280224	0.2976408004760742	0.08943057060241699	green-gold.westeurope.cloudapp.azure.com
282240	0.2857174873352051	0.08995199203491211	green-gold.westeurope.cloudapp.azure.com
284256	0.28049278259277344	0.09035181999206543	green-gold.westeurope.cloudapp.azure.com
286272	0.27639198303222656	0.08912825584411621	green-gold.westeurope.cloudapp.azure.com
288288	0.27228713035583496	0.09022903442382812	green-gold.westeurope.cloudapp.azure.com
290304	0.2747220993041992	0.0907742977142334	green-gold.westeurope.cloudapp.azure.com
292320	0.2748548984527588	0.09108090400695801	green-gold.westeurope.cloudapp.azure.com
294336	0.26624298095703125	0.09012913703918457	green-gold.westeurope.cloudapp.azure.com
296352	0.2569587230682373	0.09220576286315918	green-gold.westeurope.cloudapp.azure.com
298368	0.25661230087280273	0.0904076099395752	green-gold.westeurope.cloudapp.azure.com
300384	0.2559387683868408	0.08961915969848633	green-gold.westeurope.cloudapp.azure.com
302400	0.25575757026672363	0.08996987342834473	green-gold.westeurope.cloudapp.azure.com
304416	0.25478529930114746	0.09039950370788574	green-gold.westeurope.cloudapp.azure.com
306432	0.25491833686828613	0.09028506278991699	green-gold.westeurope.cloudapp.azure.com
308448	0.2540609836578369	0.09059762954711914	green-gold.westeurope.cloudapp.azure.com
310464	0.25292181968688965	0.0900723934173584	green-gold.westeurope.cloudapp.azure.com
312480	0.2511916160583496	0.09059643745422363	green-gold.westeurope.cloudapp.azure.com
314496	0.24559903144836426	0.09057998657226562	green-gold.westeurope.cloudapp.azure.com
316512	0.24747514724731445	0.08979487419128418	green-gold.westeurope.cloudapp.azure.com
318528	0.24640631675720215	0.09013533592224121	green-gold.westeurope.cloudapp.azure.com
320544	0.24719691276550293	0.0920724868774414	green-gold.westeurope.cloudapp.azure.com
322560	0.247330904006958	0.09034252166748047	green-gold.westeurope.cloudapp.azure.com
324576	0.24753761291503906	0.09080195426940918	green-gold.westeurope.cloudapp.azure.com
326592	0.2462751865386963	0.09094095230102539	green-gold.westeurope.cloudapp.azure.com
328608	0.24437832832336426	0.09050679206848145	green-gold.westeurope.cloudapp.azure.com
330624	0.24629545211791992	0.0903322696685791	green-gold.westeurope.cloudapp.azure.com
332640	0.2471151351928711	0.09087419509887695	green-gold.westeurope.cloudapp.azure.com
334656	0.24655938148498535	0.09023499488830566	green-gold.westeurope.cloudapp.azure.com
336672	0.2465503215789795	0.09072375297546387	green-gold.westeurope.cloudapp.azure.com
338688	0.24718856811523438	0.09033942222595215	green-gold.westeurope.cloudapp.azure.com
340704	0.24662303924560547	0.09028744697570801	green-gold.westeurope.cloudapp.azure.com
342720	0.24536490440368652	0.08957242965698242	green-gold.westeurope.cloudapp.azure.com
344736	0.24710917472839355	0.08955812454223633	green-gold.westeurope.cloudapp.azure.com
346752	0.2464733123779297	0.09029150009155273	green-gold.westeurope.cloudapp.azure.com
348768	0.2469625473022461	0.08971214294433594	green-gold.westeurope.cloudapp.azure.com
350784	0.24572157859802246	0.09088921546936035	green-gold.westeurope.cloudapp.azure.com
352800	0.24662280082702637	0.08970403671264648	green-gold.westeurope.cloudapp.azure.com
354816	0.24693989753723145	0.0904378890991211	green-gold.westeurope.cloudapp.azure.com
356832	0.24519920349121094	0.09114336967468262	green-gold.westeurope.cloudapp.azure.com
358848	0.24784016609191895	0.09006905555725098	green-gold.westeurope.cloudapp.azure.com
360864	0.2471456527709961	0.09013199806213379	green-gold.westeurope.cloudapp.azure.com
362880	0.24699163436889648	0.09017062187194824	green-gold.westeurope.cloudapp.azure.com
364896	0.2466282844543457	0.08928561210632324	green-gold.westeurope.cloudapp.azure.com
366912	0.24691224098205566	0.09004712104797363	green-gold.westeurope.cloudapp.azure.com
368928	0.24649381637573242	0.08970928192138672	green-gold.westeurope.cloudapp.azure.com
370944	0.2446143627166748	0.09077286720275879	green-gold.westeurope.cloudapp.azure.com
372960	0.24691987037658691	0.09127974510192871	green-gold.westeurope.cloudapp.azure.com
374976	0.24843454360961914	0.09053921699523926	green-gold.westeurope.cloudapp.azure.com
376992	0.24666261672973633	0.08915066719055176	green-gold.westeurope.cloudapp.azure.com
379008	0.24634122848510742	0.09088420867919922	green-gold.westeurope.cloudapp.azure.com
381024	0.24553608894348145	0.09411168098449707	green-gold.westeurope.cloudapp.azure.com
383040	0.24591636657714844	0.09016752243041992	green-gold.westeurope.cloudapp.azure.com
385056	0.243696928024292	0.08906173706054688	green-gold.westeurope.cloudapp.azure.com
387072	0.24645233154296875	0.09103059768676758	green-gold.westeurope.cloudapp.azure.com
389088	0.24635982513427734	0.0915219783782959	green-gold.westeurope.cloudapp.azure.com
391104	0.2462928295135498	0.09122633934020996	green-gold.westeurope.cloudapp.azure.com
393120	0.24683427810668945	0.09177756309509277	green-gold.westeurope.cloudapp.azure.com
395136	0.24602150917053223	0.09033417701721191	green-gold.westeurope.cloudapp.azure.com
397152	0.2472977638244629	0.09126472473144531	green-gold.westeurope.cloudapp.azure.com
399168	0.24520087242126465	0.0915822982788086	green-gold.westeurope.cloudapp.azure.com
401184	0.24647283554077148	0.09210038185119629	green-gold.westeurope.cloudapp.azure.com
403200	0.24630475044250488	0.09197068214416504	green-gold.westeurope.cloudapp.azure.com
405216	0.24643659591674805	0.09476685523986816	green-gold.westeurope.cloudapp.azure.com
407232	0.2465040683746338	0.08895349502563477	green-gold.westeurope.cloudapp.azure.com
409248	0.24707865715026855	0.08960080146789551	green-gold.westeurope.cloudapp.azure.com
411264	0.2470717430114746	0.08954501152038574	green-gold.westeurope.cloudapp.azure.com
413280	0.24423432350158691	0.08895230293273926	green-gold.westeurope.cloudapp.azure.com
415296	0.2469005584716797	0.08943295478820801	green-gold.westeurope.cloudapp.azure.com
417312	0.2462635040283203	0.08923578262329102	green-gold.westeurope.cloudapp.azure.com
419328	0.24625945091247559	0.08899378776550293	green-gold.westeurope.cloudapp.azure.com
421344	0.24676156044006348	0.0879812240600586	green-gold.westeurope.cloudapp.azure.com
423360	0.24617528915405273	0.08960819244384766	green-gold.westeurope.cloudapp.azure.com
425376	0.2463700771331787	0.09026312828063965	green-gold.westeurope.cloudapp.azure.com
427392	0.24450087547302246	0.0880584716796875	green-gold.westeurope.cloudapp.azure.com
429408	0.2466413974761963	0.0888984203338623	green-gold.westeurope.cloudapp.azure.com
431424	0.2463231086730957	0.08933496475219727	green-gold.westeurope.cloudapp.azure.com
433440	0.24613380432128906	0.08809232711791992	green-gold.westeurope.cloudapp.azure.com
435456	0.24602794647216797	0.08809089660644531	green-gold.westeurope.cloudapp.azure.com
437472	0.2464299201965332	0.08896684646606445	green-gold.westeurope.cloudapp.azure.com
439488	0.2468242645263672	0.08969497680664062	green-gold.westeurope.cloudapp.azure.com
441504	0.24544239044189453	0.08799457550048828	green-gold.westeurope.cloudapp.azure.com
443520	0.24619102478027344	0.08879446983337402	green-gold.westeurope.cloudapp.azure.com
445536	0.24757027626037598	0.0892174243927002	green-gold.westeurope.cloudapp.azure.com
447552	0.24670171737670898	0.08952188491821289	green-gold.westeurope.cloudapp.azure.com
449568	0.2464141845703125	0.08895540237426758	green-gold.westeurope.cloudapp.azure.com
451584	0.24672675132751465	0.08899736404418945	green-gold.westeurope.cloudapp.azure.com
453600	0.3528709411621094	0.09071087837219238	green-gold.westeurope.cloudapp.azure.com
455616	0.2466869354248047	0.08973407745361328	green-gold.westeurope.cloudapp.azure.com
457632	0.24611258506774902	0.09160089492797852	green-gold.westeurope.cloudapp.azure.com
459648	0.24636411666870117	0.08880472183227539	green-gold.westeurope.cloudapp.azure.com
461664	0.24507880210876465	0.08844757080078125	green-gold.westeurope.cloudapp.azure.com
463680	0.2462162971496582	0.08938956260681152	green-gold.westeurope.cloudapp.azure.com
465696	0.24694061279296875	0.08992362022399902	green-gold.westeurope.cloudapp.azure.com
467712	0.24616312980651855	0.08882975578308105	green-gold.westeurope.cloudapp.azure.com
469728	0.24650812149047852	0.09104371070861816	green-gold.westeurope.cloudapp.azure.com
471744	0.2462480068206787	0.0910491943359375	green-gold.westeurope.cloudapp.azure.com
473760	0.24677538871765137	0.09012269973754883	green-gold.westeurope.cloudapp.azure.com
475776	0.2440941333770752	0.08965110778808594	green-gold.westeurope.cloudapp.azure.com
477792	0.24739384651184082	0.09019756317138672	green-gold.westeurope.cloudapp.azure.com
479808	0.24628949165344238	0.0899205207824707	green-gold.westeurope.cloudapp.azure.com
481824	0.24614763259887695	0.09050703048706055	green-gold.westeurope.cloudapp.azure.com
483840	0.24631595611572266	0.09110260009765625	green-gold.westeurope.cloudapp.azure.com
485856	0.24710893630981445	0.09133243560791016	green-gold.westeurope.cloudapp.azure.com
487872	0.2465674877166748	0.09107804298400879	green-gold.westeurope.cloudapp.azure.com
489888	0.24451375007629395	0.09075117111206055	green-gold.westeurope.cloudapp.azure.com
491904	0.24538445472717285	0.09048199653625488	green-gold.westeurope.cloudapp.azure.com
493920	0.24573945999145508	0.09173941612243652	green-gold.westeurope.cloudapp.azure.com
495936	0.24591469764709473	0.09167027473449707	green-gold.westeurope.cloudapp.azure.com
497952	0.24708032608032227	0.09261727333068848	green-gold.westeurope.cloudapp.azure.com
499968	0.2456986904144287	0.09209847450256348	green-gold.westeurope.cloudapp.azure.com
501984	0.24666523933410645	0.09298205375671387	green-gold.westeurope.cloudapp.azure.com
504000	0.24492311477661133	0.09077262878417969	green-gold.westeurope.cloudapp.azure.com
506016	0.2466740608215332	0.09086132049560547	green-gold.westeurope.cloudapp.azure.com
508032	0.2464275360107422	0.09154224395751953	green-gold.westeurope.cloudapp.azure.com
510048	0.2469339370727539	0.09021639823913574	green-gold.westeurope.cloudapp.azure.com
512064	0.24647974967956543	0.09177565574645996	green-gold.westeurope.cloudapp.azure.com
514080	0.24715137481689453	0.08981657028198242	green-gold.westeurope.cloudapp.azure.com
516096	0.24558186531066895	0.09301185607910156	green-gold.westeurope.cloudapp.azure.com
518112	0.24453401565551758	0.0888211727142334	green-gold.westeurope.cloudapp.azure.com
520128	0.2465662956237793	0.09117245674133301	green-gold.westeurope.cloudapp.azure.com
522144	0.246964693069458	0.0913386344909668	green-gold.westeurope.cloudapp.azure.com
524160	0.24573349952697754	0.09009909629821777	green-gold.westeurope.cloudapp.azure.com
526176	0.24622750282287598	0.09152722358703613	green-gold.westeurope.cloudapp.azure.com
528192	0.2460939884185791	0.09064245223999023	green-gold.westeurope.cloudapp.azure.com
530208	0.24608111381530762	0.09195303916931152	green-gold.westeurope.cloudapp.azure.com
532224	0.24456334114074707	0.09243130683898926	green-gold.westeurope.cloudapp.azure.com
534240	0.24673724174499512	0.0915224552154541	green-gold.westeurope.cloudapp.azure.com
536256	0.24613547325134277	0.09143900871276855	green-gold.westeurope.cloudapp.azure.com
538272	0.2460765838623047	0.09177684783935547	green-gold.westeurope.cloudapp.azure.com
540288	0.24616169929504395	0.09168720245361328	green-gold.westeurope.cloudapp.azure.com
542304	0.24631237983703613	0.09201335906982422	green-gold.westeurope.cloudapp.azure.com
544320	0.24701809883117676	0.09111642837524414	green-gold.westeurope.cloudapp.azure.com
546336	0.24435853958129883	0.0907888412475586	green-gold.westeurope.cloudapp.azure.com
548352	0.24641919136047363	0.09005117416381836	green-gold.westeurope.cloudapp.azure.com
550368	0.24649906158447266	0.09181547164916992	green-gold.westeurope.cloudapp.azure.com
552384	0.24611639976501465	0.09056901931762695	green-gold.westeurope.cloudapp.azure.com
554400	0.24643778800964355	0.09068703651428223	green-gold.westeurope.cloudapp.azure.com
556416	0.2459123134613037	0.09090065956115723	green-gold.westeurope.cloudapp.azure.com
558432	0.2463827133178711	0.09047293663024902	green-gold.westeurope.cloudapp.azure.com
560448	0.24509334564208984	0.08941411972045898	green-gold.westeurope.cloudapp.azure.com
562464	0.24851489067077637	0.09182095527648926	green-gold.westeurope.cloudapp.azure.com
564480	0.24666357040405273	0.09028482437133789	green-gold.westeurope.cloudapp.azure.com
566496	0.24713850021362305	0.0906074047088623	green-gold.westeurope.cloudapp.azure.com
568512	0.24615478515625	0.08995461463928223	green-gold.westeurope.cloudapp.azure.com
570528	0.24508309364318848	0.09078574180603027	green-gold.westeurope.cloudapp.azure.com
572544	0.2455272674560547	0.09025931358337402	green-gold.westeurope.cloudapp.azure.com
574560	0.2444467544555664	0.08963179588317871	green-gold.westeurope.cloudapp.azure.com
576576	0.2472379207611084	0.09040951728820801	green-gold.westeurope.cloudapp.azure.com
578592	0.24624848365783691	0.09097647666931152	green-gold.westeurope.cloudapp.azure.com
580608	0.24695229530334473	0.09170246124267578	green-gold.westeurope.cloudapp.azure.com
582624	0.24499940872192383	0.09155678749084473	green-gold.westeurope.cloudapp.azure.com
584640	0.24692606925964355	0.0887904167175293	green-gold.westeurope.cloudapp.azure.com
586656	0.24627304077148438	0.0902714729309082	green-gold.westeurope.cloudapp.azure.com
588672	0.24388742446899414	0.09224748611450195	green-gold.westeurope.cloudapp.azure.com
590688	0.24573779106140137	0.09022068977355957	green-gold.westeurope.cloudapp.azure.com
592704	0.2474071979522705	0.09060835838317871	green-gold.westeurope.cloudapp.azure.com
594720	0.2470836639404297	0.09065485000610352	green-gold.westeurope.cloudapp.azure.com
596736	0.24687957763671875	0.08997464179992676	green-gold.westeurope.cloudapp.azure.com
598752	0.24690675735473633	0.09056615829467773	green-gold.westeurope.cloudapp.azure.com
600768	0.24676942825317383	0.09076881408691406	green-gold.westeurope.cloudapp.azure.com
602784	0.24546170234680176	0.09164834022521973	green-gold.westeurope.cloudapp.azure.com
604800	0.2470226287841797	0.09135007858276367	green-gold.westeurope.cloudapp.azure.com
606816	0.24557924270629883	0.09013009071350098	green-gold.westeurope.cloudapp.azure.com
608832	0.2467637062072754	0.08986759185791016	green-gold.westeurope.cloudapp.azure.com
610848	0.24719667434692383	0.09019231796264648	green-gold.westeurope.cloudapp.azure.com
612864	0.24690532684326172	0.09030032157897949	green-gold.westeurope.cloudapp.azure.com
614880	0.24607133865356445	0.0906989574432373	green-gold.westeurope.cloudapp.azure.com
616896	0.2456684112548828	0.09286165237426758	green-gold.westeurope.cloudapp.azure.com
618912	0.24748826026916504	0.0914921760559082	green-gold.westeurope.cloudapp.azure.com
620928	0.24626755714416504	0.09218454360961914	green-gold.westeurope.cloudapp.azure.com
622944	0.24721550941467285	0.09353232383728027	green-gold.westeurope.cloudapp.azure.com
624960	0.24582123756408691	0.0915687084197998	green-gold.westeurope.cloudapp.azure.com
626976	0.24545621871948242	0.09063363075256348	bitcoin.aranguren.org
628992	0.24776434898376465	0.09100842475891113	bitcoin.aranguren.org
631008	0.24494504928588867	0.09057188034057617	bitcoin.aranguren.org
633024	0.24662017822265625	0.09203743934631348	bitcoin.aranguren.org
635040	0.24671673774719238	0.09126996994018555	bitcoin.aranguren.org
637056	0.24668216705322266	0.09069180488586426	bitcoin.aranguren.org
639072	0.2467193603515625	0.09282588958740234	bitcoin.aranguren.org
641088	0.24607276916503906	0.09193873405456543	bitcoin.aranguren.org
643104	0.2465953826904297	0.09205031394958496	bitcoin.aranguren.org
645120	0.2449021339416504	0.09005379676818848	bitcoin.aranguren.org
647136	0.24663949012756348	0.08879733085632324	bitcoin.aranguren.org
649152	0.2461991310119629	0.0897977352142334	bitcoin.aranguren.org
651168	0.24628400802612305	0.08936953544616699	bitcoin.aranguren.org
653184	0.24661016464233398	0.08907365798950195	bitcoin.aranguren.org
655200	0.24819016456604004	0.09011459350585938	bitcoin.aranguren.org
657216	0.21883893013000488	0.0573735237121582	bitcoin.aranguren.org
