1	1.883157730102539	0.08641982078552246	yuio.top
2016	0.5359940528869629	0.08509492874145508	yuio.top
4032	0.27765941619873047	0.08390092849731445	yuio.top
6048	0.27396631240844727	0.08393740653991699	yuio.top
8064	0.5368006229400635	0.08770179748535156	yuio.top
10080	0.27150630950927734	0.08774542808532715	yuio.top
12096	0.27341604232788086	0.0858161449432373	yuio.top
14112	0.27676868438720703	0.08765149116516113	yuio.top
16128	0.2741255760192871	0.08737993240356445	yuio.top
18144	0.2737884521484375	0.08768177032470703	yuio.top
20160	0.27340006828308105	0.08791565895080566	yuio.top
22176	0.27603816986083984	0.08681440353393555	yuio.top
24192	0.2728152275085449	0.08767557144165039	yuio.top
26208	0.2741661071777344	0.08679795265197754	yuio.top
28224	0.2738642692565918	0.17962956428527832	yuio.top
30240	0.2745230197906494	0.08711957931518555	yuio.top
32256	0.2740480899810791	0.08575439453125	yuio.top
34272	0.275390625	0.08733415603637695	yuio.top
36288	0.27300143241882324	0.08648896217346191	yuio.top
38304	0.2747068405151367	0.08414149284362793	yuio.top
40320	0.2736396789550781	0.08588957786560059	yuio.top
42336	0.27364611625671387	0.08509993553161621	yuio.top
44352	0.2738986015319824	0.08370733261108398	yuio.top
46368	0.2733607292175293	0.08617544174194336	yuio.top
48384	0.27348947525024414	0.08416318893432617	yuio.top
50400	0.2735276222229004	0.08254790306091309	yuio.top
52416	0.27451658248901367	0.08503603935241699	yuio.top
54432	0.27317023277282715	0.08605837821960449	yuio.top
56448	0.2734487056732178	0.08630204200744629	yuio.top
58464	0.27421140670776367	0.08613705635070801	yuio.top
60480	0.27393245697021484	0.08679676055908203	yuio.top
62496	0.2704284191131592	0.0858311653137207	yuio.top
64512	0.27123379707336426	0.08670687675476074	yuio.top
66528	0.2735025882720947	0.08597064018249512	yuio.top
68544	0.2733571529388428	0.08816218376159668	yuio.top
70560	0.27528810501098633	0.08604955673217773	yuio.top
72576	0.27720189094543457	0.08635282516479492	yuio.top
74592	0.2735006809234619	0.08654975891113281	yuio.top
76608	0.27191638946533203	0.08575439453125	yuio.top
78624	0.27219152450561523	0.08553004264831543	yuio.top
80640	0.27286553382873535	0.0854489803314209	yuio.top
82656	0.27710485458374023	0.08648014068603516	yuio.top
84672	0.27504515647888184	0.08772969245910645	yuio.top
86688	0.2746109962463379	0.08577132225036621	yuio.top
88704	0.27221035957336426	0.08565878868103027	yuio.top
90720	0.27132439613342285	0.08763933181762695	yuio.top
92736	0.2742338180541992	0.08583211898803711	yuio.top
94752	0.2707679271697998	0.08697080612182617	yuio.top
96768	0.27364087104797363	0.08765959739685059	yuio.top
98784	0.27638697624206543	0.0856637954711914	yuio.top
100800	0.2758185863494873	0.08735179901123047	yuio.top
102816	0.2733497619628906	0.08627676963806152	yuio.top
104832	0.27246737480163574	0.08517909049987793	yuio.top
106848	0.27144694328308105	0.0857400894165039	yuio.top
108864	0.2723245620727539	0.08641743659973145	yuio.top
110880	0.27458620071411133	0.08717560768127441	yuio.top
112896	0.2822844982147217	0.08670282363891602	yuio.top
114912	0.27841806411743164	0.08669042587280273	yuio.top
116928	0.2737705707550049	0.08578133583068848	yuio.top
118944	0.2730245590209961	0.08657646179199219	yuio.top
120960	0.2720203399658203	0.08653068542480469	yuio.top
122976	0.27228307723999023	0.08633995056152344	yuio.top
124992	0.27118706703186035	0.08572125434875488	yuio.top
127008	0.27432894706726074	0.08704423904418945	yuio.top
129024	0.2736828327178955	0.08605074882507324	yuio.top
131040	0.2729682922363281	0.08580827713012695	yuio.top
133056	0.2714977264404297	0.08590483665466309	yuio.top
135072	0.2717118263244629	0.0853431224822998	yuio.top
137088	0.2781054973602295	0.0868527889251709	yuio.top
139104	0.2779710292816162	0.08747339248657227	yuio.top
141120	0.272737979888916	0.08748316764831543	yuio.top
143136	0.27161216735839844	0.08827805519104004	yuio.top
145152	0.2823019027709961	0.08693766593933105	yuio.top
147168	0.27541160583496094	0.08784818649291992	yuio.top
149184	0.2785062789916992	0.0870826244354248	yuio.top
151200	0.2722280025482178	0.08679723739624023	yuio.top
153216	0.27320051193237305	0.08653116226196289	yuio.top
155232	0.2732703685760498	0.08603477478027344	yuio.top
157248	0.2737586498260498	0.08652734756469727	yuio.top
159264	0.2723255157470703	0.0858006477355957	yuio.top
161280	0.2731778621673584	0.08598160743713379	yuio.top
163296	0.27279210090637207	0.08701944351196289	yuio.top
165312	0.2733933925628662	0.08741188049316406	yuio.top
167328	0.27144718170166016	0.08677291870117188	yuio.top
169344	0.2710447311401367	0.08725571632385254	yuio.top
171360	0.2757852077484131	0.0868368148803711	yuio.top
173376	0.27142834663391113	0.08583331108093262	yuio.top
175392	0.2736670970916748	0.08711099624633789	yuio.top
177408	0.2825806140899658	0.08569979667663574	yuio.top
179424	0.27188944816589355	0.08631181716918945	yuio.top
181440	0.27231311798095703	0.08572721481323242	yuio.top
183456	0.27324819564819336	0.08550882339477539	yuio.top
185472	0.2697114944458008	0.08710098266601562	yuio.top
187488	0.2747385501861572	0.0867624282836914	yuio.top
189504	0.2698934078216553	0.08852100372314453	yuio.top
191520	0.2715330123901367	0.08742237091064453	yuio.top
193536	0.27059340476989746	0.08732748031616211	yuio.top
195552	0.27066683769226074	0.08728671073913574	yuio.top
197568	0.2745845317840576	0.08722281455993652	yuio.top
199584	0.27385497093200684	0.08719038963317871	yuio.top
201600	0.27611684799194336	0.08672809600830078	yuio.top
203616	0.27294063568115234	0.08765769004821777	yuio.top
205632	0.2762563228607178	0.08661007881164551	yuio.top
207648	0.27158474922180176	0.08687734603881836	yuio.top
209664	0.2727994918823242	0.08798503875732422	yuio.top
211680	0.27287745475769043	0.08712100982666016	yuio.top
213696	0.27150440216064453	0.08734488487243652	yuio.top
215712	0.2713510990142822	0.08767271041870117	yuio.top
217728	0.2734241485595703	0.08739781379699707	yuio.top
219744	0.27753639221191406	0.08718132972717285	yuio.top
221760	0.2707371711730957	0.08841538429260254	yuio.top
223776	0.27262043952941895	0.08659958839416504	yuio.top
225792	0.2737581729888916	0.08568739891052246	yuio.top
227808	0.274428129196167	0.08788037300109863	yuio.top
229824	0.2776913642883301	0.08662295341491699	yuio.top
231840	0.2765345573425293	0.08680915832519531	yuio.top
233856	0.27463769912719727	0.08665037155151367	yuio.top
235872	0.273806095123291	0.08760833740234375	yuio.top
237888	0.2731800079345703	0.08619499206542969	yuio.top
239904	0.2722442150115967	0.08566451072692871	yuio.top
241920	0.29771852493286133	0.08584260940551758	yuio.top
243936	0.5983631610870361	0.08770537376403809	yuio.top
245952	0.6236615180969238	0.08634495735168457	yuio.top
247968	0.6275069713592529	0.08711576461791992	yuio.top
249984	0.6123380661010742	0.08660316467285156	yuio.top
252000	0.8719985485076904	0.08813786506652832	yuio.top
254016	0.5759642124176025	0.0879666805267334	yuio.top
256032	0.2779266834259033	0.08783793449401855	yuio.top
258048	0.27861618995666504	0.08737826347351074	yuio.top
260064	0.2751748561859131	0.08913922309875488	yuio.top
262080	0.28657102584838867	0.08839654922485352	yuio.top
264096	0.2814016342163086	0.08785486221313477	yuio.top
266112	0.2743682861328125	0.0879054069519043	yuio.top
268128	0.27243781089782715	0.08878064155578613	yuio.top
270144	0.2749814987182617	0.08778595924377441	yuio.top
272160	0.27811217308044434	0.08754849433898926	yuio.top
274176	0.2739982604980469	0.08734345436096191	yuio.top
276192	0.2725179195404053	0.08727383613586426	yuio.top
278208	0.27887463569641113	0.0881805419921875	yuio.top
280224	0.2706289291381836	0.08891940116882324	yuio.top
282240	0.27260494232177734	0.08687043190002441	yuio.top
284256	0.27399253845214844	0.0882568359375	yuio.top
286272	0.27285003662109375	0.08801960945129395	yuio.top
288288	0.27286458015441895	0.0875082015991211	yuio.top
290304	0.27109432220458984	0.08982706069946289	yuio.top
292320	0.28125429153442383	0.08854913711547852	yuio.top
294336	0.27378177642822266	0.0885627269744873	yuio.top
296352	0.27621912956237793	0.08909845352172852	yuio.top
298368	0.2735016345977783	0.09436750411987305	yuio.top
300384	0.2741684913635254	0.08890652656555176	yuio.top
302400	0.27297496795654297	0.08889627456665039	yuio.top
304416	0.2709541320800781	0.08831620216369629	yuio.top
306432	0.2740631103515625	0.13209223747253418	yuio.top
308448	0.28237295150756836	0.08750391006469727	yuio.top
310464	0.2753429412841797	0.08763957023620605	yuio.top
312480	0.2737884521484375	0.08921456336975098	yuio.top
314496	0.27391839027404785	0.08867502212524414	yuio.top
316512	0.2721059322357178	0.08851027488708496	yuio.top
318528	0.2719762325286865	0.08908915519714355	yuio.top
320544	0.27234840393066406	0.08713746070861816	yuio.top
322560	0.2781381607055664	0.08807039260864258	yuio.top
324576	0.2712123394012451	0.08780503273010254	yuio.top
326592	0.2733144760131836	0.08820462226867676	yuio.top
328608	0.2741117477416992	0.08852934837341309	yuio.top
330624	0.27143359184265137	0.08746004104614258	yuio.top
332640	0.27397847175598145	0.08826065063476562	yuio.top
334656	0.27283143997192383	0.08686971664428711	yuio.top
336672	0.272747278213501	0.08676743507385254	yuio.top
338688	0.27698779106140137	0.0902252197265625	yuio.top
340704	0.2720177173614502	0.08912014961242676	yuio.top
342720	0.2710132598876953	0.08892536163330078	yuio.top
344736	0.269573450088501	0.08937740325927734	yuio.top
346752	0.2728400230407715	0.08971929550170898	yuio.top
348768	0.275864839553833	0.0876007080078125	yuio.top
350784	0.27577972412109375	0.08824801445007324	yuio.top
352800	0.27361059188842773	0.08970451354980469	yuio.top
354816	0.27353787422180176	0.08869409561157227	yuio.top
356832	0.27066683769226074	0.08950018882751465	yuio.top
358848	0.2721281051635742	0.08815741539001465	yuio.top
360864	0.27449774742126465	0.08764123916625977	yuio.top
362880	0.2818281650543213	0.08869147300720215	yuio.top
364896	0.2770726680755615	0.08868575096130371	yuio.top
366912	0.27401232719421387	0.08954668045043945	yuio.top
368928	0.2739863395690918	0.08864498138427734	yuio.top
370944	0.2730891704559326	0.08863043785095215	yuio.top
372960	0.27988123893737793	0.08926534652709961	yuio.top
374976	0.2737102508544922	0.08863329887390137	yuio.top
376992	0.2726151943206787	0.08895206451416016	yuio.top
379008	0.2736947536468506	0.08843183517456055	yuio.top
381024	0.2739696502685547	0.08783626556396484	yuio.top
383040	0.27605175971984863	0.08824801445007324	yuio.top
385056	0.2881174087524414	0.08816814422607422	yuio.top
387072	0.2736630439758301	0.08852720260620117	yuio.top
389088	0.2733170986175537	0.08858108520507812	yuio.top
391104	0.2807738780975342	0.08809351921081543	yuio.top
393120	0.2749340534210205	0.08916783332824707	yuio.top
395136	0.2745692729949951	0.0876779556274414	yuio.top
397152	0.27428650856018066	0.08821272850036621	yuio.top
399168	0.27426886558532715	0.08779025077819824	yuio.top
401184	0.2740182876586914	0.08802223205566406	yuio.top
403200	0.2728145122528076	0.08833718299865723	yuio.top
405216	0.27588939666748047	0.08843231201171875	yuio.top
407232	0.2754974365234375	0.08754682540893555	yuio.top
409248	0.27448248863220215	0.08872699737548828	yuio.top
411264	0.2748734951019287	0.08873534202575684	yuio.top
413280	0.2750706672668457	0.08875894546508789	yuio.top
415296	0.2765083312988281	0.08848905563354492	yuio.top
417312	0.27384066581726074	0.0874032974243164	yuio.top
419328	0.2736997604370117	0.08630728721618652	yuio.top
421344	0.2732882499694824	0.08776998519897461	yuio.top
423360	0.272350549697876	0.08680224418640137	yuio.top
425376	0.2725820541381836	0.08877873420715332	yuio.top
427392	0.2712538242340088	0.08750104904174805	yuio.top
429408	0.2700841426849365	0.08694314956665039	yuio.top
431424	0.27142333984375	0.08715343475341797	yuio.top
433440	0.27437496185302734	0.08721232414245605	yuio.top
435456	0.2740519046783447	0.0882115364074707	yuio.top
437472	0.271604061126709	0.08784961700439453	yuio.top
439488	0.27125096321105957	0.08823871612548828	yuio.top
441504	0.27274203300476074	0.08761239051818848	yuio.top
443520	0.27974390983581543	0.0876166820526123	yuio.top
445536	0.2741522789001465	0.08867788314819336	yuio.top
447552	0.27464890480041504	0.08760786056518555	yuio.top
449568	0.2721841335296631	0.08856654167175293	yuio.top
451584	0.2717475891113281	0.08703112602233887	yuio.top
453600	0.2719576358795166	0.08836650848388672	yuio.top
455616	0.2703251838684082	0.08758378028869629	yuio.top
457632	0.2729201316833496	0.08662843704223633	yuio.top
459648	0.27289438247680664	0.08736801147460938	yuio.top
461664	0.2758309841156006	0.08931994438171387	yuio.top
463680	0.27305006980895996	0.0881350040435791	yuio.top
465696	0.2730727195739746	0.08975648880004883	yuio.top
467712	0.2698550224304199	0.08878469467163086	yuio.top
469728	0.28083300590515137	0.08751869201660156	yuio.top
471744	0.27582383155822754	0.0902707576751709	yuio.top
473760	0.2731952667236328	0.08956527709960938	yuio.top
475776	0.2737693786621094	0.08939313888549805	yuio.top
477792	0.27658915519714355	0.08947348594665527	yuio.top
479808	0.2720491886138916	0.08916187286376953	yuio.top
481824	0.27295970916748047	0.08884620666503906	yuio.top
483840	0.2720053195953369	0.09003591537475586	yuio.top
485856	0.283538818359375	0.09018254280090332	yuio.top
487872	0.27700281143188477	0.08972048759460449	yuio.top
489888	0.2719533443450928	0.09045100212097168	yuio.top
491904	0.27237987518310547	0.08899807929992676	yuio.top
493920	0.27172279357910156	0.08967733383178711	yuio.top
495936	0.275052547454834	0.0901796817779541	yuio.top
497952	0.2747230529785156	0.09018373489379883	yuio.top
499968	0.2758173942565918	0.08965754508972168	yuio.top
501984	0.2758045196533203	0.09134387969970703	yuio.top
504000	0.2727372646331787	0.09017276763916016	yuio.top
506016	0.27529215812683105	0.0904078483581543	yuio.top
508032	0.2731764316558838	0.08962559700012207	yuio.top
510048	0.2722904682159424	0.09025239944458008	yuio.top
512064	0.27227044105529785	0.09042572975158691	yuio.top
514080	0.2704465389251709	0.08890032768249512	yuio.top
516096	0.27426838874816895	0.09037399291992188	yuio.top
518112	0.27256298065185547	0.08957839012145996	yuio.top
520128	0.27164626121520996	0.08925938606262207	yuio.top
522144	0.27376294136047363	0.0896615982055664	yuio.top
524160	0.27285313606262207	0.0897376537322998	yuio.top
526176	0.2733469009399414	0.09039092063903809	yuio.top
528192	0.28803062438964844	0.08931684494018555	yuio.top
530208	0.27479052543640137	0.0911107063293457	yuio.top
532224	0.27341723442077637	0.09058976173400879	yuio.top
534240	0.2769966125488281	0.0903778076171875	yuio.top
536256	0.27482032775878906	0.09080195426940918	yuio.top
538272	0.273512601852417	0.09013652801513672	yuio.top
540288	0.2728993892669678	0.09012246131896973	yuio.top
542304	0.2722744941711426	0.08981108665466309	yuio.top
544320	0.2720072269439697	0.09035801887512207	yuio.top
546336	0.2811617851257324	0.08995890617370605	yuio.top
548352	0.280475378036499	0.09047174453735352	yuio.top
550368	0.2775304317474365	0.0905153751373291	yuio.top
552384	0.27661895751953125	0.09019899368286133	yuio.top
554400	0.27331972122192383	0.08922696113586426	yuio.top
556416	0.27369070053100586	0.09048175811767578	yuio.top
558432	0.2734200954437256	0.09038972854614258	yuio.top
560448	0.27312493324279785	0.09009766578674316	yuio.top
562464	0.2724738121032715	0.08989810943603516	yuio.top
564480	0.2754032611846924	0.09005069732666016	yuio.top
566496	0.2711780071258545	0.08914780616760254	yuio.top
568512	0.2775735855102539	0.09017348289489746	yuio.top
570528	0.2826390266418457	0.08977222442626953	yuio.top
572544	0.2723052501678467	0.0904397964477539	yuio.top
574560	0.27408552169799805	0.09022259712219238	yuio.top
576576	0.27304744720458984	0.09048080444335938	yuio.top
578592	0.2728400230407715	0.09007477760314941	yuio.top
580608	0.2724637985229492	0.08979511260986328	yuio.top
582624	0.2717404365539551	0.09016132354736328	yuio.top
584640	0.27211856842041016	0.09062480926513672	yuio.top
586656	0.27654123306274414	0.08971261978149414	yuio.top
588672	0.2723119258880615	0.08967232704162598	yuio.top
590688	0.2718489170074463	0.0880277156829834	yuio.top
592704	0.27297377586364746	0.08889150619506836	yuio.top
594720	0.27141571044921875	0.08853864669799805	yuio.top
596736	0.27658581733703613	0.08792662620544434	yuio.top
598752	0.27975034713745117	0.08890581130981445	yuio.top
600768	0.2796776294708252	0.0901031494140625	yuio.top
602784	0.2752723693847656	0.08919978141784668	yuio.top
604800	0.27336668968200684	0.08913135528564453	yuio.top
606816	0.27393388748168945	0.0897529125213623	yuio.top
608832	0.2733438014984131	0.09059286117553711	yuio.top
610848	0.2750585079193115	0.08851337432861328	yuio.top
612864	0.27617526054382324	0.08754444122314453	yuio.top
614880	0.273590087890625	0.08761215209960938	yuio.top
616896	0.2845420837402344	0.0899803638458252	yuio.top
618912	0.2704932689666748	0.08906412124633789	yuio.top
620928	0.2701394557952881	0.08611083030700684	yuio.top
622944	0.28214192390441895	0.08933329582214355	yuio.top
624960	0.26950812339782715	0.08978104591369629	yuio.top
626976	0.2693936824798584	0.08920097351074219	yuio.top
628992	0.27548956871032715	0.08934926986694336	yuio.top
631008	0.27054810523986816	0.08960437774658203	yuio.top
633024	0.2707803249359131	0.0901186466217041	yuio.top
635040	0.272845983505249	0.09009885787963867	yuio.top
637056	0.2859988212585449	0.08905363082885742	yuio.top
639072	0.26989316940307617	0.0928339958190918	yuio.top
641088	0.2806093692779541	0.08891105651855469	yuio.top
643104	0.26996350288391113	0.08852481842041016	yuio.top
645120	0.2700984477996826	0.08902382850646973	yuio.top
647136	0.26998043060302734	0.08983755111694336	yuio.top
649152	0.27050185203552246	0.08907032012939453	yuio.top
651168	0.2703688144683838	0.0880129337310791	yuio.top
653184	0.2706880569458008	0.0879666805267334	yuio.top
655200	0.27658843994140625	0.08881258964538574	yuio.top
657216	0.2675940990447998	0.05784273147583008	yuio.top
