1	0.6692593097686768	0.0869910717010498	blockstream.info
2016	0.317307710647583	0.08719301223754883	blockstream.info
4032	0.2274482250213623	0.08631634712219238	blockstream.info
6048	0.22533798217773438	0.08592939376831055	blockstream.info
8064	0.22614431381225586	0.08597612380981445	blockstream.info
10080	0.22638440132141113	0.09015369415283203	blockstream.info
12096	0.22582507133483887	0.08666491508483887	blockstream.info
14112	0.22606873512268066	0.08657574653625488	blockstream.info
16128	0.22544479370117188	0.09067106246948242	blockstream.info
18144	0.22534656524658203	0.08796024322509766	blockstream.info
20160	0.22561907768249512	0.0870354175567627	blockstream.info
22176	0.22551822662353516	0.0868220329284668	blockstream.info
24192	0.22544431686401367	0.08723115921020508	blockstream.info
26208	0.22553133964538574	0.08641958236694336	blockstream.info
28224	0.22606301307678223	0.08779263496398926	blockstream.info
30240	0.22575736045837402	0.08602356910705566	blockstream.info
32256	0.22618842124938965	0.08663749694824219	blockstream.info
34272	0.2267756462097168	0.08698296546936035	blockstream.info
36288	0.22551560401916504	0.08673357963562012	blockstream.info
38304	0.2264552116394043	0.08643817901611328	blockstream.info
40320	0.22586917877197266	0.08486795425415039	blockstream.info
42336	0.2260446548461914	0.08493614196777344	blockstream.info
44352	0.2262411117553711	0.08707523345947266	blockstream.info
46368	0.2259690761566162	0.08669567108154297	blockstream.info
48384	0.22735166549682617	0.08735108375549316	blockstream.info
50400	0.22600436210632324	0.08717823028564453	blockstream.info
52416	0.22610163688659668	0.17554473876953125	blockstream.info
54432	0.22622203826904297	0.1764078140258789	blockstream.info
56448	0.41699838638305664	0.0874168872833252	blockstream.info
58464	0.2262415885925293	0.08797359466552734	blockstream.info
60480	0.22789216041564941	0.09340953826904297	blockstream.info
62496	0.22638463973999023	0.08617949485778809	blockstream.info
64512	0.2266082763671875	0.10205984115600586	blockstream.info
66528	0.2257063388824463	0.0858461856842041	blockstream.info
68544	0.22604846954345703	0.0862126350402832	blockstream.info
70560	0.22687339782714844	0.0863504409790039	blockstream.info
72576	0.2265148162841797	0.08878302574157715	blockstream.info
74592	0.22611737251281738	0.08827733993530273	blockstream.info
76608	0.22568559646606445	0.08774638175964355	blockstream.info
78624	0.22548842430114746	0.08724045753479004	blockstream.info
80640	0.22551321983337402	0.08706831932067871	blockstream.info
82656	0.22582483291625977	0.08804726600646973	blockstream.info
84672	0.22573494911193848	0.08762526512145996	blockstream.info
86688	0.22593116760253906	0.0869135856628418	blockstream.info
88704	0.22582507133483887	0.08734011650085449	blockstream.info
90720	0.22552037239074707	0.0886681079864502	blockstream.info
92736	0.22616314888000488	0.08675646781921387	blockstream.info
94752	0.22634601593017578	0.08624625205993652	blockstream.info
96768	0.22916293144226074	0.08756184577941895	blockstream.info
98784	0.22626471519470215	0.08704996109008789	blockstream.info
100800	0.2262096405029297	0.08770990371704102	blockstream.info
102816	0.22636699676513672	0.08695864677429199	blockstream.info
104832	0.22557425498962402	0.08717679977416992	blockstream.info
106848	0.22590994834899902	0.08750391006469727	blockstream.info
108864	0.22586488723754883	0.08718323707580566	blockstream.info
110880	0.22597670555114746	0.08726811408996582	blockstream.info
112896	0.2262108325958252	0.08742833137512207	blockstream.info
114912	0.22555232048034668	0.08782029151916504	blockstream.info
116928	0.22581243515014648	0.08916306495666504	blockstream.info
118944	0.2258291244506836	0.09065651893615723	blockstream.info
120960	0.22558355331420898	0.08866333961486816	blockstream.info
122976	0.22638773918151855	0.08787822723388672	blockstream.info
124992	0.22589397430419922	0.08699727058410645	blockstream.info
127008	0.22585701942443848	0.08697128295898438	blockstream.info
129024	0.22617125511169434	0.08713746070861816	blockstream.info
131040	0.22560477256774902	0.08665084838867188	blockstream.info
133056	0.22558379173278809	0.08707046508789062	blockstream.info
135072	0.22623848915100098	0.08733081817626953	blockstream.info
137088	0.22666430473327637	0.08821749687194824	blockstream.info
139104	0.2257373332977295	0.0871422290802002	blockstream.info
141120	0.22651243209838867	0.08732867240905762	blockstream.info
143136	0.22542786598205566	0.08762216567993164	blockstream.info
145152	0.22558951377868652	0.08774876594543457	blockstream.info
147168	0.2259531021118164	0.08697938919067383	blockstream.info
149184	0.22563409805297852	0.08675336837768555	blockstream.info
151200	0.22646737098693848	0.08724451065063477	blockstream.info
153216	0.2258310317993164	0.08717584609985352	blockstream.info
155232	0.22613811492919922	0.08683967590332031	blockstream.info
157248	0.22563767433166504	0.0872812271118164	blockstream.info
159264	0.22617220878601074	0.08692073822021484	blockstream.info
161280	0.2254626750946045	0.08817505836486816	blockstream.info
163296	0.2255711555480957	0.08823752403259277	blockstream.info
165312	0.22652816772460938	0.08685874938964844	blockstream.info
167328	0.22560644149780273	0.08607864379882812	blockstream.info
169344	0.2253730297088623	0.08659911155700684	blockstream.info
171360	0.225325345993042	0.08647632598876953	blockstream.info
173376	0.22593164443969727	0.08679795265197754	blockstream.info
175392	0.22613859176635742	0.08742809295654297	blockstream.info
177408	0.2257370948791504	0.08788061141967773	blockstream.info
179424	0.2253398895263672	0.08583593368530273	blockstream.info
181440	0.22549724578857422	0.0875086784362793	blockstream.info
183456	0.22547149658203125	0.08666825294494629	blockstream.info
185472	0.225602388381958	0.08761072158813477	blockstream.info
187488	0.22609758377075195	0.08800315856933594	blockstream.info
189504	0.22545933723449707	0.08777213096618652	blockstream.info
191520	0.22603726387023926	0.08628201484680176	blockstream.info
193536	0.22649598121643066	0.08687829971313477	blockstream.info
195552	0.22559070587158203	0.0883183479309082	blockstream.info
197568	0.2272357940673828	0.08812260627746582	blockstream.info
199584	0.2252213954925537	0.08591341972351074	blockstream.info
201600	0.2256472110748291	0.08764529228210449	blockstream.info
203616	0.2275540828704834	0.08619141578674316	blockstream.info
205632	0.22795581817626953	0.08646082878112793	blockstream.info
207648	0.2275550365447998	0.09404921531677246	blockstream.info
209664	0.22754931449890137	0.08748054504394531	blockstream.info
211680	0.2282547950744629	0.08724260330200195	blockstream.info
213696	0.22817778587341309	0.08677458763122559	blockstream.info
215712	0.22577404975891113	0.08790254592895508	blockstream.info
217728	0.22565150260925293	0.08739447593688965	blockstream.info
219744	0.22611093521118164	0.08756136894226074	blockstream.info
221760	0.22589564323425293	0.08807229995727539	blockstream.info
223776	0.22564148902893066	0.08911585807800293	blockstream.info
225792	0.2261667251586914	0.08759665489196777	blockstream.info
227808	0.2259502410888672	0.08899855613708496	blockstream.info
229824	0.22563433647155762	0.08869218826293945	blockstream.info
231840	0.2255549430847168	0.08794760704040527	blockstream.info
233856	0.22604703903198242	0.08750653266906738	blockstream.info
235872	0.22649574279785156	0.08774375915527344	blockstream.info
237888	0.22616910934448242	0.08789324760437012	blockstream.info
239904	0.22576689720153809	0.0888063907623291	blockstream.info
241920	0.2256937026977539	0.0894479751586914	blockstream.info
243936	0.22592568397521973	0.08815145492553711	blockstream.info
245952	0.22606801986694336	0.0891714096069336	blockstream.info
247968	0.22616267204284668	0.08988070487976074	blockstream.info
249984	0.22561144828796387	0.08848929405212402	blockstream.info
252000	0.22626471519470215	0.08752250671386719	blockstream.info
254016	0.2259690761566162	0.08867168426513672	blockstream.info
256032	0.22629284858703613	0.08864307403564453	blockstream.info
258048	0.22527742385864258	0.08882451057434082	blockstream.info
260064	0.22623443603515625	0.0876314640045166	blockstream.info
262080	0.22596526145935059	0.08825945854187012	blockstream.info
264096	0.22727704048156738	0.08829784393310547	blockstream.info
266112	0.2256009578704834	0.08810830116271973	blockstream.info
268128	0.22623085975646973	0.08851480484008789	blockstream.info
270144	0.22617816925048828	0.08777785301208496	blockstream.info
272160	0.2262895107269287	0.08803272247314453	blockstream.info
274176	0.2266237735748291	0.09218859672546387	blockstream.info
276192	0.22649574279785156	0.08847379684448242	blockstream.info
278208	0.22641348838806152	0.0889582633972168	blockstream.info
280224	0.22604823112487793	0.09101176261901855	blockstream.info
282240	0.226029634475708	0.08962368965148926	blockstream.info
284256	0.22727394104003906	0.08878707885742188	blockstream.info
286272	0.22577452659606934	0.08740592002868652	blockstream.info
288288	0.22668051719665527	0.0883026123046875	blockstream.info
290304	0.22605061531066895	0.08819365501403809	blockstream.info
292320	0.22665095329284668	0.0894315242767334	blockstream.info
294336	0.2258002758026123	0.08957290649414062	blockstream.info
296352	0.22683048248291016	0.09002852439880371	blockstream.info
298368	0.22559547424316406	0.08965492248535156	blockstream.info
300384	0.22554397583007812	0.08859491348266602	blockstream.info
302400	0.2259676456451416	0.08969712257385254	blockstream.info
304416	0.2280566692352295	0.08919286727905273	blockstream.info
306432	0.22852420806884766	0.08927297592163086	blockstream.info
308448	0.2265000343322754	0.09004783630371094	blockstream.info
310464	0.22624588012695312	0.08999300003051758	blockstream.info
312480	0.22589612007141113	0.0887453556060791	blockstream.info
314496	0.22567152976989746	0.08892130851745605	blockstream.info
316512	0.2254645824432373	0.08919978141784668	blockstream.info
318528	0.22568154335021973	0.09008002281188965	blockstream.info
320544	0.22557568550109863	0.09069204330444336	blockstream.info
322560	0.22673773765563965	0.08885049819946289	blockstream.info
324576	0.22591447830200195	0.08876895904541016	blockstream.info
326592	0.2258460521697998	0.08985042572021484	blockstream.info
328608	0.22556209564208984	0.08877897262573242	blockstream.info
330624	0.22578120231628418	0.08929800987243652	blockstream.info
332640	0.2264089584350586	0.08991360664367676	blockstream.info
334656	0.2256789207458496	0.08925628662109375	blockstream.info
336672	0.22623133659362793	0.0887155532836914	blockstream.info
338688	0.2260603904724121	0.08984136581420898	blockstream.info
340704	0.22592616081237793	0.08850598335266113	blockstream.info
342720	0.22542929649353027	0.08892941474914551	blockstream.info
344736	0.22565579414367676	0.08933234214782715	blockstream.info
346752	0.2260725498199463	0.08870983123779297	blockstream.info
348768	0.22559309005737305	0.08866381645202637	blockstream.info
350784	0.22625732421875	0.0890510082244873	blockstream.info
352800	0.22569632530212402	0.08876752853393555	blockstream.info
354816	0.22553038597106934	0.08828043937683105	blockstream.info
356832	0.22597074508666992	0.0876760482788086	blockstream.info
358848	0.22589373588562012	0.08951663970947266	blockstream.info
360864	0.22591590881347656	0.08772611618041992	blockstream.info
362880	0.22615933418273926	0.08720088005065918	blockstream.info
364896	0.226240873336792	0.08697199821472168	blockstream.info
366912	0.2265007495880127	0.08936953544616699	blockstream.info
368928	0.22631311416625977	0.08950662612915039	blockstream.info
370944	0.22607946395874023	0.08731937408447266	blockstream.info
372960	0.22605323791503906	0.08868837356567383	blockstream.info
374976	0.22858071327209473	0.08646464347839355	blockstream.info
376992	0.2267770767211914	0.08607053756713867	blockstream.info
379008	0.22609806060791016	0.08887600898742676	blockstream.info
381024	0.22647571563720703	0.08782720565795898	blockstream.info
383040	0.22608137130737305	0.0872654914855957	blockstream.info
385056	0.22607088088989258	0.08961367607116699	blockstream.info
387072	0.22568726539611816	0.08826828002929688	blockstream.info
389088	0.22718191146850586	0.08847427368164062	blockstream.info
391104	0.2259817123413086	0.08778929710388184	blockstream.info
393120	0.22671985626220703	0.0889749526977539	blockstream.info
395136	0.2265300750732422	0.08864665031433105	blockstream.info
397152	0.2261962890625	0.08791780471801758	blockstream.info
399168	0.22590899467468262	0.08692121505737305	blockstream.info
401184	0.22577261924743652	0.08741402626037598	blockstream.info
403200	0.226959228515625	0.08842349052429199	blockstream.info
405216	0.22643184661865234	0.09133505821228027	blockstream.info
407232	0.2275843620300293	0.08675098419189453	blockstream.info
409248	0.22810673713684082	0.0882105827331543	blockstream.info
411264	0.22849178314208984	0.08871293067932129	blockstream.info
413280	0.22820544242858887	0.08929753303527832	blockstream.info
415296	0.22626996040344238	0.08658170700073242	blockstream.info
417312	0.2262101173400879	0.08655142784118652	blockstream.info
419328	0.22572541236877441	0.08735394477844238	blockstream.info
421344	0.22567510604858398	0.08665680885314941	blockstream.info
423360	0.2267458438873291	0.08827900886535645	blockstream.info
425376	0.22651100158691406	0.08795547485351562	blockstream.info
427392	0.22562432289123535	0.08841276168823242	blockstream.info
429408	0.22601985931396484	0.08765077590942383	blockstream.info
431424	0.22560906410217285	0.08693695068359375	blockstream.info
433440	0.2257556915283203	0.0876617431640625	blockstream.info
435456	0.226027250289917	0.08632254600524902	blockstream.info
437472	0.22588872909545898	0.08763456344604492	blockstream.info
439488	0.22625374794006348	0.08535408973693848	blockstream.info
441504	0.22701001167297363	0.08783221244812012	blockstream.info
443520	0.22800755500793457	0.08869504928588867	blockstream.info
445536	0.22843098640441895	0.08830738067626953	blockstream.info
447552	0.22809910774230957	0.0894007682800293	blockstream.info
449568	0.2281172275543213	0.08769631385803223	blockstream.info
451584	0.228163480758667	0.08899879455566406	blockstream.info
453600	0.22815275192260742	0.08768010139465332	blockstream.info
455616	0.22812962532043457	0.08746123313903809	blockstream.info
457632	0.22780132293701172	0.08826637268066406	blockstream.info
459648	0.22752881050109863	0.08824944496154785	blockstream.info
461664	0.2257215976715088	0.08804202079772949	blockstream.info
463680	0.22543072700500488	0.0899810791015625	blockstream.info
465696	0.22568178176879883	0.08757638931274414	blockstream.info
467712	0.22546911239624023	0.08790969848632812	blockstream.info
469728	0.22605252265930176	0.0890047550201416	blockstream.info
471744	0.22566843032836914	0.08757495880126953	blockstream.info
473760	0.22593116760253906	0.08682847023010254	blockstream.info
475776	0.22583460807800293	0.08645892143249512	blockstream.info
477792	0.2256479263305664	0.0886681079864502	blockstream.info
479808	0.22587013244628906	0.08677983283996582	blockstream.info
481824	0.22603344917297363	0.08588314056396484	blockstream.info
483840	0.2265639305114746	0.08640408515930176	blockstream.info
485856	0.2260117530822754	0.08735847473144531	blockstream.info
487872	0.22569918632507324	0.08654403686523438	blockstream.info
489888	0.2256944179534912	0.08868050575256348	blockstream.info
491904	0.22658276557922363	0.08874368667602539	blockstream.info
493920	0.22532057762145996	0.08800697326660156	blockstream.info
495936	0.2256145477294922	0.08757805824279785	blockstream.info
497952	0.22586441040039062	0.08985185623168945	blockstream.info
499968	0.22581219673156738	0.08755970001220703	blockstream.info
501984	0.22629904747009277	0.08971428871154785	blockstream.info
504000	0.22613930702209473	0.08789229393005371	blockstream.info
506016	0.2265608310699463	0.08918499946594238	blockstream.info
508032	0.22614836692810059	0.0869133472442627	blockstream.info
510048	0.22609376907348633	0.08968710899353027	blockstream.info
512064	0.22576022148132324	0.08705854415893555	blockstream.info
514080	0.22566008567810059	0.08690094947814941	blockstream.info
516096	0.22570037841796875	0.08720231056213379	blockstream.info
518112	0.22563815116882324	0.08533835411071777	blockstream.info
520128	0.22553753852844238	0.08550453186035156	blockstream.info
522144	0.22550511360168457	0.08922815322875977	blockstream.info
524160	0.2253718376159668	0.08821749687194824	blockstream.info
526176	0.22546148300170898	0.08918380737304688	blockstream.info
528192	0.2258913516998291	0.08966588973999023	blockstream.info
530208	0.22536277770996094	0.08909749984741211	blockstream.info
532224	0.2257370948791504	0.0888679027557373	blockstream.info
534240	0.2255394458770752	0.08925747871398926	blockstream.info
536256	0.22566676139831543	0.08989214897155762	blockstream.info
538272	0.22610068321228027	0.08865594863891602	blockstream.info
540288	0.22557973861694336	0.08863258361816406	blockstream.info
542304	0.2257997989654541	0.08875226974487305	blockstream.info
544320	0.22595429420471191	0.08828043937683105	blockstream.info
546336	0.22629141807556152	0.0889899730682373	blockstream.info
548352	0.2285456657409668	0.08928728103637695	blockstream.info
550368	0.2254807949066162	0.08883190155029297	blockstream.info
552384	0.2255566120147705	0.08894085884094238	blockstream.info
554400	0.22533488273620605	0.0891871452331543	blockstream.info
556416	0.2259047031402588	0.09009981155395508	blockstream.info
558432	0.22552776336669922	0.08824396133422852	blockstream.info
560448	0.2256031036376953	0.08864259719848633	blockstream.info
562464	0.22560906410217285	0.08927369117736816	blockstream.info
564480	0.22547364234924316	0.08756136894226074	blockstream.info
566496	0.2274925708770752	0.08783149719238281	blockstream.info
568512	0.22623038291931152	0.08758926391601562	blockstream.info
570528	0.22619223594665527	0.08655428886413574	blockstream.info
572544	0.22545766830444336	0.08728766441345215	blockstream.info
574560	0.22597694396972656	0.08586788177490234	blockstream.info
576576	0.22602558135986328	0.08607888221740723	blockstream.info
578592	0.22540688514709473	0.08664655685424805	blockstream.info
580608	0.22720623016357422	0.08728909492492676	blockstream.info
582624	0.2280409336090088	0.08807778358459473	blockstream.info
584640	0.22611308097839355	0.08901381492614746	blockstream.info
586656	0.2262563705444336	0.08855676651000977	blockstream.info
588672	0.22531509399414062	0.08885431289672852	blockstream.info
590688	0.2260434627532959	0.08797597885131836	blockstream.info
592704	0.22554445266723633	0.08764839172363281	blockstream.info
594720	0.22571730613708496	0.08673715591430664	blockstream.info
596736	0.22596096992492676	0.0883631706237793	blockstream.info
598752	0.22681736946105957	0.08884549140930176	blockstream.info
600768	0.2261192798614502	0.08936572074890137	blockstream.info
602784	0.22591686248779297	0.08931565284729004	blockstream.info
604800	0.22579193115234375	0.08847975730895996	blockstream.info
606816	0.22583460807800293	0.08789968490600586	blockstream.info
608832	0.22571682929992676	0.08876705169677734	blockstream.info
610848	0.22531747817993164	0.08790946006774902	blockstream.info
612864	0.22599220275878906	0.08886480331420898	blockstream.info
614880	0.22550749778747559	0.08836865425109863	blockstream.info
616896	0.22705411911010742	0.08926701545715332	blockstream.info
618912	0.22569561004638672	0.0880744457244873	blockstream.info
620928	0.22607851028442383	0.0877997875213623	blockstream.info
622944	0.22657442092895508	0.08706116676330566	blockstream.info
624960	0.2264726161956787	0.08806705474853516	blockstream.info
626976	0.2257380485534668	0.08756661415100098	blockstream.info
628992	0.2254490852355957	0.08818769454956055	blockstream.info
631008	0.22603750228881836	0.08872675895690918	blockstream.info
633024	0.22668886184692383	0.08780193328857422	blockstream.info
635040	0.22611594200134277	0.0901041030883789	blockstream.info
637056	0.22557830810546875	0.08729982376098633	blockstream.info
639072	0.22638154029846191	0.08832406997680664	blockstream.info
641088	0.22661590576171875	0.08719539642333984	blockstream.info
643104	0.22584271430969238	0.08698320388793945	blockstream.info
645120	0.22572636604309082	0.08829450607299805	blockstream.info
647136	0.2254166603088379	0.08855533599853516	blockstream.info
649152	0.22875022888183594	0.08834266662597656	blockstream.info
651168	0.22527742385864258	0.08928585052490234	blockstream.info
653184	0.22891688346862793	0.08795332908630371	blockstream.info
655200	0.2252657413482666	0.08845996856689453	blockstream.info
657216	0.204376220703125	0.05680704116821289	blockstream.info
