1	0.77590012550354	0.08795785903930664	electrum.blockstream.info
2016	0.3153679370880127	0.08814263343811035	electrum.blockstream.info
4032	0.3161299228668213	0.0896449089050293	electrum.blockstream.info
6048	0.31470346450805664	0.09155106544494629	electrum.blockstream.info
8064	0.3142085075378418	0.09051752090454102	electrum.blockstream.info
10080	0.31760549545288086	0.09128475189208984	electrum.blockstream.info
12096	0.4723799228668213	0.0918281078338623	electrum.blockstream.info
14112	0.3165607452392578	0.09082484245300293	electrum.blockstream.info
16128	0.3157529830932617	0.0905904769897461	electrum.blockstream.info
18144	0.31571197509765625	0.09015989303588867	electrum.blockstream.info
20160	0.4690852165222168	0.08993721008300781	electrum.blockstream.info
22176	0.4670236110687256	0.08986353874206543	electrum.blockstream.info
24192	0.3143751621246338	0.08971047401428223	electrum.blockstream.info
26208	0.31473731994628906	0.09134149551391602	electrum.blockstream.info
28224	0.31472301483154297	0.09075260162353516	electrum.blockstream.info
30240	0.31433606147766113	0.09061789512634277	electrum.blockstream.info
32256	0.314868688583374	0.0900735855102539	electrum.blockstream.info
34272	0.317852258682251	0.08956766128540039	electrum.blockstream.info
36288	0.3157227039337158	0.182633638381958	electrum.blockstream.info
38304	0.3142993450164795	0.08991813659667969	electrum.blockstream.info
40320	0.3147280216217041	0.08821678161621094	electrum.blockstream.info
42336	0.3168449401855469	0.08893394470214844	electrum.blockstream.info
44352	0.3163924217224121	0.08932709693908691	electrum.blockstream.info
46368	0.31621766090393066	0.08835864067077637	electrum.blockstream.info
48384	0.31530189514160156	0.09090185165405273	electrum.blockstream.info
50400	0.3166651725769043	0.08949875831604004	electrum.blockstream.info
52416	0.31664562225341797	0.08830976486206055	electrum.blockstream.info
54432	0.31564807891845703	0.08883070945739746	electrum.blockstream.info
56448	0.31550049781799316	0.0890345573425293	electrum.blockstream.info
58464	0.3157064914703369	0.08913064002990723	electrum.blockstream.info
60480	0.3161962032318115	0.08903074264526367	electrum.blockstream.info
62496	0.31621694564819336	0.08896613121032715	electrum.blockstream.info
64512	0.3160421848297119	0.08949685096740723	electrum.blockstream.info
66528	0.3157229423522949	0.08949661254882812	electrum.blockstream.info
68544	0.3156285285949707	0.08848404884338379	electrum.blockstream.info
70560	0.3156144618988037	0.08987593650817871	electrum.blockstream.info
72576	0.31449413299560547	0.08985304832458496	electrum.blockstream.info
74592	0.31636667251586914	0.08958935737609863	electrum.blockstream.info
76608	0.3148646354675293	0.09047079086303711	electrum.blockstream.info
78624	0.3147280216217041	0.08986330032348633	electrum.blockstream.info
80640	0.3157358169555664	0.0894162654876709	electrum.blockstream.info
82656	0.31465625762939453	0.08930277824401855	electrum.blockstream.info
84672	0.31540751457214355	0.0896308422088623	electrum.blockstream.info
86688	0.3152885437011719	0.08905243873596191	electrum.blockstream.info
88704	0.3147730827331543	0.08909440040588379	electrum.blockstream.info
90720	0.31641101837158203	0.08919501304626465	electrum.blockstream.info
92736	0.3144388198852539	0.08844161033630371	electrum.blockstream.info
94752	0.31453895568847656	0.08837127685546875	electrum.blockstream.info
96768	0.3157165050506592	0.09020829200744629	electrum.blockstream.info
98784	0.3155825138092041	0.0881650447845459	electrum.blockstream.info
100800	0.3157064914703369	0.08946704864501953	electrum.blockstream.info
102816	0.314547061920166	0.08750319480895996	electrum.blockstream.info
104832	0.31437158584594727	0.08820986747741699	electrum.blockstream.info
106848	0.3150205612182617	0.08805370330810547	electrum.blockstream.info
108864	0.31554555892944336	0.08743643760681152	electrum.blockstream.info
110880	0.3147289752960205	0.09096193313598633	electrum.blockstream.info
112896	0.4680190086364746	0.09082460403442383	electrum.blockstream.info
114912	0.46771931648254395	0.09009242057800293	electrum.blockstream.info
116928	0.31728267669677734	0.09025311470031738	electrum.blockstream.info
118944	0.31592702865600586	0.08979177474975586	electrum.blockstream.info
120960	0.3156583309173584	0.09092092514038086	electrum.blockstream.info
122976	0.31504011154174805	0.08930206298828125	electrum.blockstream.info
124992	0.31452417373657227	0.08990192413330078	electrum.blockstream.info
127008	0.3143889904022217	0.08913087844848633	electrum.blockstream.info
129024	0.3145279884338379	0.08830547332763672	electrum.blockstream.info
131040	0.3154726028442383	0.08898091316223145	electrum.blockstream.info
133056	0.3148081302642822	0.08964729309082031	electrum.blockstream.info
135072	0.31686902046203613	0.08854150772094727	electrum.blockstream.info
137088	0.315981388092041	0.08845973014831543	electrum.blockstream.info
139104	0.31534266471862793	0.08843541145324707	electrum.blockstream.info
141120	0.3160898685455322	0.0875239372253418	electrum.blockstream.info
143136	0.318007230758667	0.08769512176513672	electrum.blockstream.info
145152	0.3143799304962158	0.088592529296875	electrum.blockstream.info
147168	0.31548333168029785	0.08786201477050781	electrum.blockstream.info
149184	0.4680624008178711	0.08812141418457031	electrum.blockstream.info
151200	0.467071533203125	0.0865321159362793	electrum.blockstream.info
153216	0.46802306175231934	0.08831453323364258	electrum.blockstream.info
155232	0.46978211402893066	0.0876779556274414	electrum.blockstream.info
157248	0.31482529640197754	0.08903098106384277	electrum.blockstream.info
159264	0.31607604026794434	0.08807873725891113	electrum.blockstream.info
161280	0.315441370010376	0.08893537521362305	electrum.blockstream.info
163296	0.3161013126373291	0.08884644508361816	electrum.blockstream.info
165312	0.31616950035095215	0.08683180809020996	electrum.blockstream.info
167328	0.3177168369293213	0.08806252479553223	electrum.blockstream.info
169344	0.3193180561065674	0.08949995040893555	electrum.blockstream.info
171360	0.3182089328765869	0.08757257461547852	electrum.blockstream.info
173376	0.3178122043609619	0.08796310424804688	electrum.blockstream.info
175392	0.31826043128967285	0.0881035327911377	electrum.blockstream.info
177408	0.3164794445037842	0.08735370635986328	electrum.blockstream.info
179424	0.3141360282897949	0.08904170989990234	electrum.blockstream.info
181440	0.31481504440307617	0.08840537071228027	electrum.blockstream.info
183456	0.314985990524292	0.08855557441711426	electrum.blockstream.info
185472	0.31456708908081055	0.08776211738586426	electrum.blockstream.info
187488	0.31476664543151855	0.09069252014160156	electrum.blockstream.info
189504	0.3175394535064697	0.08778047561645508	electrum.blockstream.info
191520	0.3150634765625	0.0911402702331543	electrum.blockstream.info
193536	0.3174276351928711	0.08779788017272949	electrum.blockstream.info
195552	0.3150613307952881	0.08830809593200684	electrum.blockstream.info
197568	0.3153963088989258	0.094482421875	electrum.blockstream.info
199584	0.3146791458129883	0.08954572677612305	electrum.blockstream.info
201600	0.3141458034515381	0.08953738212585449	electrum.blockstream.info
203616	0.31505322456359863	0.08871054649353027	electrum.blockstream.info
205632	0.31543779373168945	0.0887308120727539	electrum.blockstream.info
207648	0.3145561218261719	0.08876824378967285	electrum.blockstream.info
209664	0.3144996166229248	0.08955025672912598	electrum.blockstream.info
211680	0.3148374557495117	0.08836531639099121	electrum.blockstream.info
213696	0.31607484817504883	0.08783483505249023	electrum.blockstream.info
215712	0.3150935173034668	0.08793902397155762	electrum.blockstream.info
217728	0.31564974784851074	0.08957695960998535	electrum.blockstream.info
219744	0.31613636016845703	0.08853721618652344	electrum.blockstream.info
221760	0.31688666343688965	0.0881190299987793	electrum.blockstream.info
223776	0.31841182708740234	0.08888721466064453	electrum.blockstream.info
225792	0.31813812255859375	0.08859658241271973	electrum.blockstream.info
227808	0.3179631233215332	0.08943009376525879	electrum.blockstream.info
229824	0.3171563148498535	0.08863019943237305	electrum.blockstream.info
231840	0.31777405738830566	0.08860635757446289	electrum.blockstream.info
233856	0.316234827041626	0.0884392261505127	electrum.blockstream.info
235872	0.3157644271850586	0.08934950828552246	electrum.blockstream.info
237888	0.31665563583374023	0.08879899978637695	electrum.blockstream.info
239904	0.3160691261291504	0.08915138244628906	electrum.blockstream.info
241920	0.3145637512207031	0.09082698822021484	electrum.blockstream.info
243936	0.46779942512512207	0.09107136726379395	electrum.blockstream.info
245952	0.46682024002075195	0.0899651050567627	electrum.blockstream.info
247968	0.31704139709472656	0.0908212661743164	electrum.blockstream.info
249984	0.3180696964263916	0.08958196640014648	electrum.blockstream.info
252000	0.31723642349243164	0.09038305282592773	electrum.blockstream.info
254016	0.3169243335723877	0.08980011940002441	electrum.blockstream.info
256032	0.3147597312927246	0.08940267562866211	electrum.blockstream.info
258048	0.31479644775390625	0.08909106254577637	electrum.blockstream.info
260064	0.3162508010864258	0.09142827987670898	electrum.blockstream.info
262080	0.31559324264526367	0.08991146087646484	electrum.blockstream.info
264096	0.31572794914245605	0.08990693092346191	electrum.blockstream.info
266112	0.3164031505584717	0.09093499183654785	electrum.blockstream.info
268128	0.3154628276824951	0.08956742286682129	electrum.blockstream.info
270144	0.3151388168334961	0.08911371231079102	electrum.blockstream.info
272160	0.3145902156829834	0.08894848823547363	electrum.blockstream.info
274176	0.3156123161315918	0.08933568000793457	electrum.blockstream.info
276192	0.31458282470703125	0.08909821510314941	electrum.blockstream.info
278208	0.46730613708496094	0.08953380584716797	electrum.blockstream.info
280224	0.4670846462249756	0.10236024856567383	electrum.blockstream.info
282240	0.46686577796936035	0.08912467956542969	electrum.blockstream.info
284256	0.46724367141723633	0.08756852149963379	electrum.blockstream.info
286272	0.3150477409362793	0.09004402160644531	electrum.blockstream.info
288288	0.3146364688873291	0.08967423439025879	electrum.blockstream.info
290304	0.3157060146331787	0.09041738510131836	electrum.blockstream.info
292320	0.314697265625	0.09041881561279297	electrum.blockstream.info
294336	0.31533098220825195	0.09049773216247559	electrum.blockstream.info
296352	0.3166542053222656	0.08968353271484375	electrum.blockstream.info
298368	0.3144800662994385	0.09490132331848145	electrum.blockstream.info
300384	0.31458306312561035	0.08979916572570801	electrum.blockstream.info
302400	0.3153810501098633	0.09007549285888672	electrum.blockstream.info
304416	0.31496477127075195	0.09055304527282715	electrum.blockstream.info
306432	0.31562113761901855	0.09044337272644043	electrum.blockstream.info
308448	0.3153209686279297	0.09093737602233887	electrum.blockstream.info
310464	0.3158273696899414	0.09001040458679199	electrum.blockstream.info
312480	0.31522369384765625	0.09384346008300781	electrum.blockstream.info
314496	0.31676793098449707	0.08940625190734863	electrum.blockstream.info
316512	0.31569433212280273	0.08988666534423828	electrum.blockstream.info
318528	0.3152437210083008	0.08945941925048828	electrum.blockstream.info
320544	0.3170151710510254	0.0890803337097168	electrum.blockstream.info
322560	0.3162684440612793	0.08839201927185059	electrum.blockstream.info
324576	0.31855082511901855	0.08991742134094238	electrum.blockstream.info
326592	0.3158080577850342	0.08971381187438965	electrum.blockstream.info
328608	0.31505799293518066	0.08879756927490234	electrum.blockstream.info
330624	0.3153238296508789	0.0892486572265625	electrum.blockstream.info
332640	0.3168051242828369	0.08903336524963379	electrum.blockstream.info
334656	0.3202388286590576	0.08984756469726562	electrum.blockstream.info
336672	0.3155961036682129	0.0893559455871582	electrum.blockstream.info
338688	0.31577181816101074	0.08937430381774902	electrum.blockstream.info
340704	0.3159921169281006	0.09036469459533691	electrum.blockstream.info
342720	0.31535911560058594	0.0904245376586914	electrum.blockstream.info
344736	0.3151721954345703	0.08875560760498047	electrum.blockstream.info
346752	0.3160548210144043	0.08906960487365723	electrum.blockstream.info
348768	0.3166060447692871	0.09005427360534668	electrum.blockstream.info
350784	0.31708407402038574	0.0900421142578125	electrum.blockstream.info
352800	0.3189575672149658	0.08982229232788086	electrum.blockstream.info
354816	0.3220055103302002	0.08912253379821777	electrum.blockstream.info
356832	0.31838274002075195	0.08976459503173828	electrum.blockstream.info
358848	0.4725968837738037	0.08903074264526367	electrum.blockstream.info
360864	0.46970224380493164	0.08928036689758301	electrum.blockstream.info
362880	0.4676375389099121	0.08830142021179199	electrum.blockstream.info
364896	0.3157973289489746	0.08993411064147949	electrum.blockstream.info
366912	0.3156168460845947	0.08925008773803711	electrum.blockstream.info
368928	0.31572628021240234	0.0893559455871582	electrum.blockstream.info
370944	0.31409120559692383	0.08944153785705566	electrum.blockstream.info
372960	0.31520795822143555	0.08971261978149414	electrum.blockstream.info
374976	0.31990790367126465	0.08737683296203613	electrum.blockstream.info
376992	0.3151729106903076	0.08905792236328125	electrum.blockstream.info
379008	0.31499481201171875	0.08874344825744629	electrum.blockstream.info
381024	0.314319372177124	0.08889031410217285	electrum.blockstream.info
383040	0.314420223236084	0.08835148811340332	electrum.blockstream.info
385056	0.3150064945220947	0.0888969898223877	electrum.blockstream.info
387072	0.3149378299713135	0.08852791786193848	electrum.blockstream.info
389088	0.31531476974487305	0.08854794502258301	electrum.blockstream.info
391104	0.31623196601867676	0.08995223045349121	electrum.blockstream.info
393120	0.3154768943786621	0.08889555931091309	electrum.blockstream.info
395136	0.31452298164367676	0.08727622032165527	electrum.blockstream.info
397152	0.31523680686950684	0.08882474899291992	electrum.blockstream.info
399168	0.3151857852935791	0.08718752861022949	electrum.blockstream.info
401184	0.31508898735046387	0.08690118789672852	electrum.blockstream.info
403200	0.31689023971557617	0.08926725387573242	electrum.blockstream.info
405216	0.3148665428161621	0.08822274208068848	electrum.blockstream.info
407232	0.3152182102203369	0.09453034400939941	electrum.blockstream.info
409248	0.31469273567199707	0.08858633041381836	electrum.blockstream.info
411264	0.3158249855041504	0.08848953247070312	electrum.blockstream.info
413280	0.31497859954833984	0.08953642845153809	electrum.blockstream.info
415296	0.31502842903137207	0.08839130401611328	electrum.blockstream.info
417312	0.31495141983032227	0.08768510818481445	electrum.blockstream.info
419328	0.31549906730651855	0.08806228637695312	electrum.blockstream.info
421344	0.3157370090484619	0.08822154998779297	electrum.blockstream.info
423360	0.3155956268310547	0.08857131004333496	electrum.blockstream.info
425376	0.31519460678100586	0.08851361274719238	electrum.blockstream.info
427392	0.3150472640991211	0.08892631530761719	electrum.blockstream.info
429408	0.31739163398742676	0.08852458000183105	electrum.blockstream.info
431424	0.3155696392059326	0.08852195739746094	electrum.blockstream.info
433440	0.31591320037841797	0.08894062042236328	electrum.blockstream.info
435456	0.3176240921020508	0.08808565139770508	electrum.blockstream.info
437472	0.31501221656799316	0.0887899398803711	electrum.blockstream.info
439488	0.3165466785430908	0.08867144584655762	electrum.blockstream.info
441504	0.31496644020080566	0.089691162109375	electrum.blockstream.info
443520	0.31526947021484375	0.09040260314941406	electrum.blockstream.info
445536	0.31604433059692383	0.09028315544128418	electrum.blockstream.info
447552	0.31624388694763184	0.08946895599365234	electrum.blockstream.info
449568	0.3161351680755615	0.08971047401428223	electrum.blockstream.info
451584	0.3231315612792969	0.08780837059020996	electrum.blockstream.info
453600	0.31454992294311523	0.09001922607421875	electrum.blockstream.info
455616	0.46727728843688965	0.08894562721252441	electrum.blockstream.info
457632	0.4677848815917969	0.08922886848449707	electrum.blockstream.info
459648	0.31574535369873047	0.08890295028686523	electrum.blockstream.info
461664	0.31600260734558105	0.08997368812561035	electrum.blockstream.info
463680	0.31575536727905273	0.09104704856872559	electrum.blockstream.info
465696	0.31573033332824707	0.09018659591674805	electrum.blockstream.info
467712	0.316209077835083	0.08931922912597656	electrum.blockstream.info
469728	0.31606078147888184	0.08855366706848145	electrum.blockstream.info
471744	0.31574320793151855	0.08897662162780762	electrum.blockstream.info
473760	0.4671144485473633	0.08977842330932617	electrum.blockstream.info
475776	0.46721911430358887	0.08869075775146484	electrum.blockstream.info
477792	0.46813154220581055	0.0891873836517334	electrum.blockstream.info
479808	0.4713103771209717	0.08915114402770996	electrum.blockstream.info
481824	0.46895360946655273	0.09016013145446777	electrum.blockstream.info
483840	0.46918177604675293	0.09015512466430664	electrum.blockstream.info
485856	0.46686768531799316	0.0912942886352539	electrum.blockstream.info
487872	0.3161499500274658	0.09052729606628418	electrum.blockstream.info
489888	0.3163604736328125	0.09160590171813965	electrum.blockstream.info
491904	0.31458377838134766	0.09090375900268555	electrum.blockstream.info
493920	0.3161482810974121	0.09061288833618164	electrum.blockstream.info
495936	0.31583380699157715	0.0907745361328125	electrum.blockstream.info
497952	0.31702637672424316	0.09194254875183105	electrum.blockstream.info
499968	0.3143465518951416	0.0920722484588623	electrum.blockstream.info
501984	0.3154447078704834	0.09170413017272949	electrum.blockstream.info
504000	0.3156116008758545	0.09090495109558105	electrum.blockstream.info
506016	0.3175680637359619	0.09074640274047852	electrum.blockstream.info
508032	0.31813955307006836	0.09152626991271973	electrum.blockstream.info
510048	0.3180539608001709	0.09132742881774902	electrum.blockstream.info
512064	0.31461238861083984	0.09007811546325684	electrum.blockstream.info
514080	0.31525754928588867	0.08941817283630371	electrum.blockstream.info
516096	0.31563544273376465	0.09019017219543457	electrum.blockstream.info
518112	0.31682300567626953	0.09312701225280762	electrum.blockstream.info
520128	0.31551265716552734	0.0884103775024414	electrum.blockstream.info
522144	0.31573987007141113	0.08929991722106934	electrum.blockstream.info
524160	0.31546854972839355	0.0895075798034668	electrum.blockstream.info
526176	0.3167724609375	0.08978438377380371	electrum.blockstream.info
528192	0.31708383560180664	0.0920248031616211	electrum.blockstream.info
530208	0.3162050247192383	0.09021663665771484	electrum.blockstream.info
532224	0.3161191940307617	0.09023380279541016	electrum.blockstream.info
534240	0.3155367374420166	0.08974528312683105	electrum.blockstream.info
536256	0.31589245796203613	0.0912177562713623	electrum.blockstream.info
538272	0.31534528732299805	0.09061074256896973	electrum.blockstream.info
540288	0.3152644634246826	0.09089279174804688	electrum.blockstream.info
542304	0.3155086040496826	0.09139776229858398	electrum.blockstream.info
544320	0.3164196014404297	0.09071135520935059	electrum.blockstream.info
546336	0.31472253799438477	0.08979320526123047	electrum.blockstream.info
548352	0.3144981861114502	0.09083724021911621	electrum.blockstream.info
550368	0.3148481845855713	0.09120535850524902	electrum.blockstream.info
552384	0.31595492362976074	0.09112811088562012	electrum.blockstream.info
554400	0.3150014877319336	0.09106302261352539	electrum.blockstream.info
556416	0.3154151439666748	0.09040427207946777	electrum.blockstream.info
558432	0.3159503936767578	0.08984947204589844	electrum.blockstream.info
560448	0.31580352783203125	0.09021568298339844	electrum.blockstream.info
562464	0.31433820724487305	0.09090399742126465	electrum.blockstream.info
564480	0.31536078453063965	0.08974361419677734	electrum.blockstream.info
566496	0.3163728713989258	0.08927202224731445	electrum.blockstream.info
568512	0.3155221939086914	0.08891463279724121	electrum.blockstream.info
570528	0.31474804878234863	0.08984088897705078	electrum.blockstream.info
572544	0.4707610607147217	0.08905506134033203	electrum.blockstream.info
574560	0.31623315811157227	0.08906149864196777	electrum.blockstream.info
576576	0.3155190944671631	0.08953404426574707	electrum.blockstream.info
578592	0.3145613670349121	0.08916735649108887	electrum.blockstream.info
580608	0.3155064582824707	0.08957505226135254	electrum.blockstream.info
582624	0.31630802154541016	0.08901810646057129	electrum.blockstream.info
584640	0.3173496723175049	0.08912467956542969	electrum.blockstream.info
586656	0.31563329696655273	0.09411120414733887	electrum.blockstream.info
588672	0.3154869079589844	0.08992242813110352	electrum.blockstream.info
590688	0.31489038467407227	0.0903170108795166	electrum.blockstream.info
592704	0.4685509204864502	0.08871698379516602	electrum.blockstream.info
594720	0.46755242347717285	0.08937883377075195	electrum.blockstream.info
596736	0.4664950370788574	0.0903005599975586	electrum.blockstream.info
598752	0.3161439895629883	0.09017801284790039	electrum.blockstream.info
600768	0.3149704933166504	0.09013843536376953	electrum.blockstream.info
602784	0.31482458114624023	0.08983302116394043	electrum.blockstream.info
604800	0.31450438499450684	0.09047055244445801	electrum.blockstream.info
606816	0.31514573097229004	0.09007883071899414	electrum.blockstream.info
608832	0.31717896461486816	0.08945846557617188	electrum.blockstream.info
610848	0.31455230712890625	0.08951449394226074	electrum.blockstream.info
612864	0.31595277786254883	0.09028100967407227	electrum.blockstream.info
614880	0.3155856132507324	0.08922696113586426	electrum.blockstream.info
616896	0.3146216869354248	0.08965659141540527	electrum.blockstream.info
618912	0.3141613006591797	0.08921551704406738	electrum.blockstream.info
620928	0.3147914409637451	0.08907890319824219	electrum.blockstream.info
622944	0.31604862213134766	0.08927154541015625	electrum.blockstream.info
624960	0.31475138664245605	0.08844995498657227	electrum.blockstream.info
626976	0.314525842666626	0.08889579772949219	electrum.blockstream.info
628992	0.3147547245025635	0.08896136283874512	electrum.blockstream.info
631008	0.31470322608947754	0.08923578262329102	electrum.blockstream.info
633024	0.31521034240722656	0.08893680572509766	electrum.blockstream.info
635040	0.3163588047027588	0.08937788009643555	electrum.blockstream.info
637056	0.31474924087524414	0.08919239044189453	electrum.blockstream.info
639072	0.3157534599304199	0.08953356742858887	electrum.blockstream.info
641088	0.3156008720397949	0.0889120101928711	electrum.blockstream.info
643104	0.31636810302734375	0.08957886695861816	electrum.blockstream.info
645120	0.31453490257263184	0.0890955924987793	electrum.blockstream.info
647136	0.31447935104370117	0.0897362232208252	electrum.blockstream.info
649152	0.3152029514312744	0.0895378589630127	electrum.blockstream.info
651168	0.31475067138671875	0.08852529525756836	electrum.blockstream.info
653184	0.314530611038208	0.08949756622314453	electrum.blockstream.info
655200	0.3150005340576172	0.09028911590576172	electrum.blockstream.info
657216	0.31227922439575195	0.05748915672302246	electrum.blockstream.info
