1	0.7584986686706543	0.08821535110473633	bitcoin.aranguren.org
2016	4.011362075805664	0.09161019325256348	bitcoin.aranguren.org
4032	2.7950451374053955	0.09081578254699707	bitcoin.aranguren.org
6048	3.6453511714935303	0.09084534645080566	bitcoin.aranguren.org
8064	3.341745138168335	0.0891714096069336	bitcoin.aranguren.org
10080	3.4098317623138428	0.08995819091796875	bitcoin.aranguren.org
12096	3.47503662109375	0.09031486511230469	bitcoin.aranguren.org
14112	3.436363935470581	0.09033942222595215	bitcoin.aranguren.org
16128	3.7721569538116455	0.09600138664245605	bitcoin.aranguren.org
18145	0.7317240238189697	0.09171605110168457	electrum-btc.leblancnet.us
20160	0.3681831359863281	0.09061908721923828	electrum-btc.leblancnet.us
22176	0.3710298538208008	0.09421253204345703	electrum-btc.leblancnet.us
24192	0.36946630477905273	0.0908966064453125	electrum-btc.leblancnet.us
26208	0.3744184970855713	0.09055399894714355	electrum-btc.leblancnet.us
28224	0.37116432189941406	0.09040999412536621	electrum-btc.leblancnet.us
30240	0.37151169776916504	0.09035754203796387	electrum-btc.leblancnet.us
32256	0.37633371353149414	0.09029483795166016	electrum-btc.leblancnet.us
34272	0.3738431930541992	0.09067511558532715	electrum-btc.leblancnet.us
36288	0.3743021488189697	0.0915670394897461	electrum-btc.leblancnet.us
38304	0.371950626373291	0.09093523025512695	electrum-btc.leblancnet.us
40320	0.3784611225128174	0.09071040153503418	electrum-btc.leblancnet.us
42336	0.3796093463897705	0.09015893936157227	electrum-btc.leblancnet.us
44352	0.37970805168151855	0.09048199653625488	electrum-btc.leblancnet.us
46368	0.3713219165802002	0.09189844131469727	electrum-btc.leblancnet.us
48384	0.37796783447265625	0.08989620208740234	electrum-btc.leblancnet.us
50400	0.37697362899780273	0.09040665626525879	electrum-btc.leblancnet.us
52416	0.37243223190307617	0.0899970531463623	electrum-btc.leblancnet.us
54432	0.3792994022369385	0.09112977981567383	electrum-btc.leblancnet.us
56448	0.37455105781555176	0.08942961692810059	electrum-btc.leblancnet.us
58464	0.37411069869995117	0.09163880348205566	electrum-btc.leblancnet.us
60480	0.37902259826660156	0.0914163589477539	electrum-btc.leblancnet.us
62496	0.3750038146972656	0.08955574035644531	electrum-btc.leblancnet.us
64512	0.37715578079223633	0.08939743041992188	electrum-btc.leblancnet.us
66528	0.37125587463378906	0.08981108665466309	electrum-btc.leblancnet.us
68544	0.3711400032043457	0.08910226821899414	electrum-btc.leblancnet.us
70560	0.37123870849609375	0.0888068675994873	electrum-btc.leblancnet.us
72576	0.37119436264038086	0.0910956859588623	electrum-btc.leblancnet.us
74592	0.37282681465148926	0.09057831764221191	electrum-btc.leblancnet.us
76608	0.38199472427368164	0.09001040458679199	electrum-btc.leblancnet.us
78624	0.3738291263580322	0.09099292755126953	electrum-btc.leblancnet.us
80640	0.3740816116333008	0.08989596366882324	electrum-btc.leblancnet.us
82656	0.37410950660705566	0.09092998504638672	electrum-btc.leblancnet.us
84672	0.3726530075073242	0.0913081169128418	electrum-btc.leblancnet.us
86688	0.3775899410247803	0.09064650535583496	electrum-btc.leblancnet.us
88704	0.3740570545196533	0.08989715576171875	electrum-btc.leblancnet.us
90720	0.3708786964416504	0.09161877632141113	electrum-btc.leblancnet.us
92736	0.3729250431060791	0.09044766426086426	electrum-btc.leblancnet.us
94752	0.3737671375274658	0.09074234962463379	electrum-btc.leblancnet.us
96768	0.37444543838500977	0.09111976623535156	electrum-btc.leblancnet.us
98784	0.3754599094390869	0.08985400199890137	electrum-btc.leblancnet.us
100800	0.37282419204711914	0.09013056755065918	electrum-btc.leblancnet.us
102816	0.3731851577758789	0.09002280235290527	electrum-btc.leblancnet.us
104832	0.37351250648498535	0.08930444717407227	electrum-btc.leblancnet.us
106848	0.3755056858062744	0.09013199806213379	electrum-btc.leblancnet.us
108864	0.37347888946533203	0.08940744400024414	electrum-btc.leblancnet.us
110880	0.37607789039611816	0.09012556076049805	electrum-btc.leblancnet.us
112896	0.3778822422027588	0.0918891429901123	electrum-btc.leblancnet.us
114912	0.3759942054748535	0.0918128490447998	electrum-btc.leblancnet.us
116928	0.37660765647888184	0.09197473526000977	electrum-btc.leblancnet.us
118944	0.3722572326660156	0.09151482582092285	electrum-btc.leblancnet.us
120960	0.3726630210876465	0.0937654972076416	electrum-btc.leblancnet.us
122976	0.3760242462158203	0.09257268905639648	electrum-btc.leblancnet.us
124992	0.37198615074157715	0.09162592887878418	electrum-btc.leblancnet.us
127008	0.3770172595977783	0.09086370468139648	electrum-btc.leblancnet.us
129024	0.3784654140472412	0.09106087684631348	electrum-btc.leblancnet.us
131040	0.37920546531677246	0.09031414985656738	electrum-btc.leblancnet.us
133056	0.3732717037200928	0.09024739265441895	electrum-btc.leblancnet.us
135072	0.3741154670715332	0.09106945991516113	electrum-btc.leblancnet.us
137088	0.37827014923095703	0.09134244918823242	electrum-btc.leblancnet.us
139104	0.3726999759674072	0.08991551399230957	electrum-btc.leblancnet.us
141120	0.3738374710083008	0.09147286415100098	electrum-btc.leblancnet.us
143136	0.3718118667602539	0.09035110473632812	electrum-btc.leblancnet.us
145152	0.3751709461212158	0.09081435203552246	electrum-btc.leblancnet.us
147168	0.501957893371582	0.09041881561279297	electrum-btc.leblancnet.us
149184	0.3700723648071289	0.09229445457458496	electrum-btc.leblancnet.us
151200	0.37662363052368164	0.0919332504272461	electrum-btc.leblancnet.us
153216	0.37182140350341797	0.09212255477905273	electrum-btc.leblancnet.us
155232	0.3739962577819824	0.09203743934631348	electrum-btc.leblancnet.us
157248	0.3717076778411865	0.09224295616149902	electrum-btc.leblancnet.us
159264	0.3756437301635742	0.09218645095825195	electrum-btc.leblancnet.us
161280	0.37547755241394043	0.09050512313842773	electrum-btc.leblancnet.us
163296	0.37992143630981445	0.08988356590270996	electrum-btc.leblancnet.us
165312	0.379227876663208	0.0894930362701416	electrum-btc.leblancnet.us
167328	0.37380003929138184	0.09156608581542969	electrum-btc.leblancnet.us
169344	0.3782627582550049	0.09218335151672363	electrum-btc.leblancnet.us
171360	0.3726227283477783	0.09258031845092773	electrum-btc.leblancnet.us
173376	0.3736402988433838	0.09190750122070312	electrum-btc.leblancnet.us
175392	0.3702840805053711	0.0922243595123291	electrum-btc.leblancnet.us
177408	0.3735640048980713	0.09136366844177246	electrum-btc.leblancnet.us
179424	0.37782859802246094	0.09131979942321777	electrum-btc.leblancnet.us
181440	0.37572336196899414	0.09122467041015625	electrum-btc.leblancnet.us
183456	0.3839895725250244	0.09168410301208496	electrum-btc.leblancnet.us
185472	0.37941503524780273	0.09162020683288574	electrum-btc.leblancnet.us
187488	0.3735337257385254	0.09189486503601074	electrum-btc.leblancnet.us
189504	0.37380075454711914	0.09309792518615723	electrum-btc.leblancnet.us
191520	0.3750030994415283	0.09252572059631348	electrum-btc.leblancnet.us
193536	0.37487173080444336	0.09200096130371094	electrum-btc.leblancnet.us
195552	0.3708350658416748	0.09194326400756836	electrum-btc.leblancnet.us
197568	0.377086877822876	0.09151673316955566	electrum-btc.leblancnet.us
199584	0.3731987476348877	0.09206342697143555	electrum-btc.leblancnet.us
201600	0.374652624130249	0.09217143058776855	electrum-btc.leblancnet.us
203616	0.3729889392852783	0.09178900718688965	electrum-btc.leblancnet.us
205632	0.37334609031677246	0.09104156494140625	electrum-btc.leblancnet.us
207648	0.3779256343841553	0.09025025367736816	electrum-btc.leblancnet.us
209664	0.3780965805053711	0.09086942672729492	electrum-btc.leblancnet.us
211680	0.38122057914733887	0.09245467185974121	electrum-btc.leblancnet.us
213696	0.383037805557251	0.09064722061157227	electrum-btc.leblancnet.us
215712	0.37674975395202637	0.09109830856323242	electrum-btc.leblancnet.us
217728	0.37438154220581055	0.09087395668029785	electrum-btc.leblancnet.us
219744	0.37319397926330566	0.0911870002746582	electrum-btc.leblancnet.us
221760	0.37458109855651855	0.09103608131408691	electrum-btc.leblancnet.us
223776	0.3739936351776123	0.09175777435302734	electrum-btc.leblancnet.us
225792	0.37777280807495117	0.0910024642944336	electrum-btc.leblancnet.us
227808	0.3718140125274658	0.09212398529052734	electrum-btc.leblancnet.us
229824	0.37260007858276367	0.09021544456481934	electrum-btc.leblancnet.us
231840	0.3714427947998047	0.09157800674438477	electrum-btc.leblancnet.us
233856	0.37066030502319336	0.09157085418701172	electrum-btc.leblancnet.us
235872	0.38036394119262695	0.09078836441040039	electrum-btc.leblancnet.us
237888	0.37834692001342773	0.0917353630065918	electrum-btc.leblancnet.us
239904	0.3768806457519531	0.09070396423339844	electrum-btc.leblancnet.us
241920	0.37839198112487793	0.0923762321472168	electrum-btc.leblancnet.us
243936	0.3733203411102295	0.09239506721496582	electrum-btc.leblancnet.us
245952	0.3758096694946289	0.09287428855895996	electrum-btc.leblancnet.us
247968	0.3769512176513672	0.0931844711303711	electrum-btc.leblancnet.us
249984	0.37684154510498047	0.09206533432006836	electrum-btc.leblancnet.us
252000	0.3726503849029541	0.09252214431762695	electrum-btc.leblancnet.us
254016	0.3748021125793457	0.09250712394714355	electrum-btc.leblancnet.us
256032	0.3766779899597168	0.09219765663146973	electrum-btc.leblancnet.us
258048	0.37534189224243164	0.09268665313720703	electrum-btc.leblancnet.us
260064	0.3724026679992676	0.09287500381469727	electrum-btc.leblancnet.us
262080	0.3727104663848877	0.092071533203125	electrum-btc.leblancnet.us
264096	0.3762199878692627	0.09200406074523926	electrum-btc.leblancnet.us
266112	0.37486886978149414	0.09254097938537598	electrum-btc.leblancnet.us
268128	0.3757655620574951	0.0927119255065918	electrum-btc.leblancnet.us
270144	0.3770928382873535	0.0925753116607666	electrum-btc.leblancnet.us
272160	0.37242722511291504	0.09241962432861328	electrum-btc.leblancnet.us
274176	0.3737201690673828	0.09349870681762695	electrum-btc.leblancnet.us
276192	0.3711981773376465	0.09293889999389648	electrum-btc.leblancnet.us
278208	0.3780961036682129	0.09221529960632324	electrum-btc.leblancnet.us
280224	0.3752460479736328	0.09348464012145996	electrum-btc.leblancnet.us
282240	0.3744382858276367	0.0929105281829834	electrum-btc.leblancnet.us
284256	0.3700070381164551	0.0915839672088623	electrum-btc.leblancnet.us
286272	0.37511777877807617	0.09167170524597168	electrum-btc.leblancnet.us
288288	0.3785579204559326	0.0934000015258789	electrum-btc.leblancnet.us
290304	0.37549543380737305	0.09207797050476074	electrum-btc.leblancnet.us
292320	0.37786436080932617	0.09250283241271973	electrum-btc.leblancnet.us
294336	0.3791041374206543	0.09200167655944824	electrum-btc.leblancnet.us
296352	0.37796854972839355	0.09251594543457031	electrum-btc.leblancnet.us
298368	0.3711681365966797	0.09253668785095215	electrum-btc.leblancnet.us
300384	0.3757920265197754	0.09100890159606934	electrum-btc.leblancnet.us
302400	0.3730471134185791	0.09212470054626465	electrum-btc.leblancnet.us
304416	0.3770718574523926	0.09264850616455078	electrum-btc.leblancnet.us
306432	0.37315821647644043	0.09220671653747559	electrum-btc.leblancnet.us
308448	0.37663745880126953	0.09229397773742676	electrum-btc.leblancnet.us
310464	0.374708890914917	0.09295153617858887	electrum-btc.leblancnet.us
312480	0.37134480476379395	0.09251022338867188	electrum-btc.leblancnet.us
314496	0.372880220413208	0.09306049346923828	electrum-btc.leblancnet.us
316512	0.3723771572113037	0.0924844741821289	electrum-btc.leblancnet.us
318528	0.37622642517089844	0.09241890907287598	electrum-btc.leblancnet.us
320544	0.37175965309143066	0.09331774711608887	electrum-btc.leblancnet.us
322560	0.3737478256225586	0.09342265129089355	electrum-btc.leblancnet.us
324576	0.37392234802246094	0.09330391883850098	electrum-btc.leblancnet.us
326592	0.37293291091918945	0.09297990798950195	electrum-btc.leblancnet.us
328608	0.3760249614715576	0.09229779243469238	electrum-btc.leblancnet.us
330624	0.3714773654937744	0.09237217903137207	electrum-btc.leblancnet.us
332640	0.3737616539001465	0.09198403358459473	electrum-btc.leblancnet.us
334656	0.3722555637359619	0.09293961524963379	electrum-btc.leblancnet.us
336672	0.3762807846069336	0.09212040901184082	electrum-btc.leblancnet.us
338688	0.3778553009033203	0.09270501136779785	electrum-btc.leblancnet.us
340704	0.37777018547058105	0.09276413917541504	electrum-btc.leblancnet.us
342720	0.37560224533081055	0.09216070175170898	electrum-btc.leblancnet.us
344736	0.3727726936340332	0.09261703491210938	electrum-btc.leblancnet.us
346752	0.3731269836425781	0.09273195266723633	electrum-btc.leblancnet.us
348768	0.37406492233276367	0.09257173538208008	electrum-btc.leblancnet.us
350784	0.3771812915802002	0.0926511287689209	electrum-btc.leblancnet.us
352800	0.3733389377593994	0.0930488109588623	electrum-btc.leblancnet.us
354816	0.3770327568054199	0.09252595901489258	electrum-btc.leblancnet.us
356832	0.3717782497406006	0.09271121025085449	electrum-btc.leblancnet.us
358848	0.3720686435699463	0.09221196174621582	electrum-btc.leblancnet.us
360864	0.3724205493927002	0.09143805503845215	electrum-btc.leblancnet.us
362880	0.3735671043395996	0.09144902229309082	electrum-btc.leblancnet.us
364896	0.37654876708984375	0.09248065948486328	electrum-btc.leblancnet.us
366912	0.37718868255615234	0.09171414375305176	electrum-btc.leblancnet.us
368928	0.3755526542663574	0.09373998641967773	electrum-btc.leblancnet.us
370944	0.3766911029815674	0.09288573265075684	electrum-btc.leblancnet.us
372960	0.37676548957824707	0.09270787239074707	electrum-btc.leblancnet.us
374976	0.3781414031982422	0.09146475791931152	electrum-btc.leblancnet.us
376992	0.3811037540435791	0.09288239479064941	electrum-btc.leblancnet.us
379008	0.3769984245300293	0.09316372871398926	electrum-btc.leblancnet.us
381024	0.3801453113555908	0.09283685684204102	electrum-btc.leblancnet.us
383040	0.37612080574035645	0.09233736991882324	electrum-btc.leblancnet.us
385056	0.3746318817138672	0.0929570198059082	electrum-btc.leblancnet.us
387072	0.37613558769226074	0.0938572883605957	electrum-btc.leblancnet.us
389088	0.37509727478027344	0.09232044219970703	electrum-btc.leblancnet.us
391104	0.37265801429748535	0.09335803985595703	electrum-btc.leblancnet.us
393120	0.3724498748779297	0.09326863288879395	electrum-btc.leblancnet.us
395136	0.37718796730041504	0.09202337265014648	electrum-btc.leblancnet.us
397152	0.37540435791015625	0.09199738502502441	electrum-btc.leblancnet.us
399168	0.3730282783508301	0.09288167953491211	electrum-btc.leblancnet.us
401184	0.3730947971343994	0.09291481971740723	electrum-btc.leblancnet.us
403200	0.3723576068878174	0.09209990501403809	electrum-btc.leblancnet.us
405216	0.3758368492126465	0.09212040901184082	electrum-btc.leblancnet.us
407232	0.37430453300476074	0.09205842018127441	electrum-btc.leblancnet.us
409248	0.37804722785949707	0.0917961597442627	electrum-btc.leblancnet.us
411264	0.3754281997680664	0.09230518341064453	electrum-btc.leblancnet.us
413280	0.37340307235717773	0.09249162673950195	electrum-btc.leblancnet.us
415296	0.37247753143310547	0.09208416938781738	electrum-btc.leblancnet.us
417312	0.3776276111602783	0.09434676170349121	electrum-btc.leblancnet.us
419328	0.3799123764038086	0.09345865249633789	electrum-btc.leblancnet.us
421344	0.37618231773376465	0.10267329216003418	electrum-btc.leblancnet.us
423360	0.37243127822875977	0.09209251403808594	electrum-btc.leblancnet.us
425376	0.4360847473144531	0.09258699417114258	electrum-btc.leblancnet.us
427392	0.37784314155578613	0.09363865852355957	electrum-btc.leblancnet.us
429408	0.37550926208496094	0.09264349937438965	electrum-btc.leblancnet.us
431424	0.3741912841796875	0.09258604049682617	electrum-btc.leblancnet.us
433440	0.3767869472503662	0.09215712547302246	electrum-btc.leblancnet.us
435456	0.37589073181152344	0.09281492233276367	electrum-btc.leblancnet.us
437472	0.3802347183227539	0.09380364418029785	electrum-btc.leblancnet.us
439488	0.3780708312988281	0.09324097633361816	electrum-btc.leblancnet.us
441504	0.37886643409729004	0.09311819076538086	electrum-btc.leblancnet.us
443520	0.3794064521789551	0.09402322769165039	electrum-btc.leblancnet.us
445536	0.3786015510559082	0.09368419647216797	electrum-btc.leblancnet.us
447552	0.3770785331726074	0.09236979484558105	electrum-btc.leblancnet.us
449568	0.37741637229919434	0.09288644790649414	electrum-btc.leblancnet.us
451584	0.3762476444244385	0.09325122833251953	electrum-btc.leblancnet.us
453600	0.37035632133483887	0.09158110618591309	electrum-btc.leblancnet.us
455616	0.37393903732299805	0.0922708511352539	electrum-btc.leblancnet.us
457632	0.3724958896636963	0.0924687385559082	electrum-btc.leblancnet.us
459648	0.37149810791015625	0.09249281883239746	electrum-btc.leblancnet.us
461664	0.3760719299316406	0.09325957298278809	electrum-btc.leblancnet.us
463680	0.37639737129211426	0.09271049499511719	electrum-btc.leblancnet.us
465696	0.37501049041748047	0.0920560359954834	electrum-btc.leblancnet.us
467712	0.3721613883972168	0.09286952018737793	electrum-btc.leblancnet.us
469728	0.3709871768951416	0.09145522117614746	electrum-btc.leblancnet.us
471744	0.3720252513885498	0.0927727222442627	electrum-btc.leblancnet.us
473760	0.3736593723297119	0.09244298934936523	electrum-btc.leblancnet.us
475776	0.3732774257659912	0.09184575080871582	electrum-btc.leblancnet.us
477792	0.37349891662597656	0.09412264823913574	electrum-btc.leblancnet.us
479808	0.3795316219329834	0.09271645545959473	electrum-btc.leblancnet.us
481824	0.37236714363098145	0.09337520599365234	electrum-btc.leblancnet.us
483840	0.37663817405700684	0.10039496421813965	electrum-btc.leblancnet.us
485856	0.37308382987976074	0.09529328346252441	electrum-btc.leblancnet.us
487872	0.3732736110687256	0.09454798698425293	electrum-btc.leblancnet.us
489888	0.37160158157348633	0.09456157684326172	electrum-btc.leblancnet.us
491904	0.37468743324279785	0.09363937377929688	electrum-btc.leblancnet.us
493920	0.3770878314971924	0.09397029876708984	electrum-btc.leblancnet.us
495936	0.37903380393981934	0.09390783309936523	electrum-btc.leblancnet.us
497952	0.37766385078430176	0.09449148178100586	electrum-btc.leblancnet.us
499968	0.3794827461242676	0.09333276748657227	electrum-btc.leblancnet.us
501984	0.3788173198699951	0.092681884765625	electrum-btc.leblancnet.us
504000	0.37601184844970703	0.0918421745300293	electrum-btc.leblancnet.us
506016	0.37559008598327637	0.09207653999328613	electrum-btc.leblancnet.us
508032	0.3785555362701416	0.09246397018432617	electrum-btc.leblancnet.us
510048	0.37886691093444824	0.0913851261138916	electrum-btc.leblancnet.us
512064	0.37404513359069824	0.09320902824401855	electrum-btc.leblancnet.us
514080	0.37621569633483887	0.09347319602966309	electrum-btc.leblancnet.us
516096	0.37372708320617676	0.09368777275085449	electrum-btc.leblancnet.us
518112	0.3749051094055176	0.092681884765625	electrum-btc.leblancnet.us
520128	0.3746168613433838	0.09252691268920898	electrum-btc.leblancnet.us
522144	0.37333202362060547	0.09418916702270508	electrum-btc.leblancnet.us
524160	0.3727757930755615	0.09320545196533203	electrum-btc.leblancnet.us
526176	0.37577247619628906	0.09327530860900879	electrum-btc.leblancnet.us
528192	0.37050366401672363	0.09236407279968262	electrum-btc.leblancnet.us
530208	0.3772740364074707	0.09314179420471191	electrum-btc.leblancnet.us
532224	0.3733994960784912	0.0933527946472168	electrum-btc.leblancnet.us
534240	0.3734302520751953	0.09190535545349121	electrum-btc.leblancnet.us
536256	0.3707411289215088	0.09305453300476074	electrum-btc.leblancnet.us
538272	0.37392544746398926	0.09165167808532715	electrum-btc.leblancnet.us
540288	0.3760254383087158	0.09246063232421875	electrum-btc.leblancnet.us
542304	0.37070393562316895	0.0939798355102539	electrum-btc.leblancnet.us
544320	0.3727114200592041	0.09359097480773926	electrum-btc.leblancnet.us
546336	0.37470316886901855	0.09368205070495605	electrum-btc.leblancnet.us
548352	0.3706085681915283	0.09289741516113281	electrum-btc.leblancnet.us
550368	0.3758847713470459	0.0926816463470459	electrum-btc.leblancnet.us
552384	0.37595653533935547	0.0922551155090332	electrum-btc.leblancnet.us
554400	0.3788905143737793	0.09272336959838867	electrum-btc.leblancnet.us
556416	0.3746960163116455	0.09340286254882812	electrum-btc.leblancnet.us
558432	0.3731236457824707	0.09273815155029297	electrum-btc.leblancnet.us
560448	0.3751041889190674	0.09403347969055176	electrum-btc.leblancnet.us
562464	0.37171077728271484	0.09344720840454102	electrum-btc.leblancnet.us
564480	0.375652551651001	0.09372949600219727	electrum-btc.leblancnet.us
566496	0.37642478942871094	0.0929563045501709	electrum-btc.leblancnet.us
568512	0.37282633781433105	0.09218263626098633	electrum-btc.leblancnet.us
570528	0.37279701232910156	0.09232759475708008	electrum-btc.leblancnet.us
572544	0.37641143798828125	0.09254217147827148	electrum-btc.leblancnet.us
574560	0.37666940689086914	0.09314942359924316	electrum-btc.leblancnet.us
576576	0.3741767406463623	0.09269857406616211	electrum-btc.leblancnet.us
578592	0.37511706352233887	0.0925912857055664	electrum-btc.leblancnet.us
580608	0.37549781799316406	0.0935819149017334	electrum-btc.leblancnet.us
582624	0.3740100860595703	0.0932016372680664	electrum-btc.leblancnet.us
584640	0.3768022060394287	0.0927436351776123	electrum-btc.leblancnet.us
586656	0.374950647354126	0.09385013580322266	electrum-btc.leblancnet.us
588672	0.3781616687774658	0.09309506416320801	electrum-btc.leblancnet.us
590688	0.3731701374053955	0.09302210807800293	electrum-btc.leblancnet.us
592704	0.3783111572265625	0.09341096878051758	electrum-btc.leblancnet.us
594720	0.37778806686401367	0.09360480308532715	electrum-btc.leblancnet.us
596736	0.37651801109313965	0.09478545188903809	electrum-btc.leblancnet.us
598752	0.37821364402770996	0.09350967407226562	electrum-btc.leblancnet.us
600768	0.37549781799316406	0.0943453311920166	electrum-btc.leblancnet.us
602784	0.372802734375	0.09452605247497559	electrum-btc.leblancnet.us
604800	0.3760654926300049	0.09346413612365723	electrum-btc.leblancnet.us
606816	0.37635064125061035	0.09346199035644531	electrum-btc.leblancnet.us
608832	0.37166881561279297	0.0944831371307373	electrum-btc.leblancnet.us
610848	0.3740415573120117	0.09330868721008301	electrum-btc.leblancnet.us
612864	0.3762516975402832	0.09350109100341797	electrum-btc.leblancnet.us
614880	0.37580156326293945	0.09405183792114258	electrum-btc.leblancnet.us
616896	0.37682223320007324	0.09394550323486328	electrum-btc.leblancnet.us
618912	0.37387943267822266	0.09366488456726074	electrum-btc.leblancnet.us
620928	0.375974178314209	0.09391188621520996	electrum-btc.leblancnet.us
622944	0.3709604740142822	0.09409141540527344	electrum-btc.leblancnet.us
624960	0.3763613700866699	0.0931246280670166	electrum-btc.leblancnet.us
626976	0.3740847110748291	0.09347820281982422	electrum-btc.leblancnet.us
628992	0.37925267219543457	0.09297966957092285	electrum-btc.leblancnet.us
631008	0.3772256374359131	0.09662079811096191	electrum-btc.leblancnet.us
633024	0.5929679870605469	0.09340333938598633	electrum-btc.leblancnet.us
635040	0.3724956512451172	0.09376287460327148	electrum-btc.leblancnet.us
637056	0.37903571128845215	0.09340572357177734	electrum-btc.leblancnet.us
639072	0.3771672248840332	0.0947721004486084	electrum-btc.leblancnet.us
641088	0.37613534927368164	0.0938103199005127	electrum-btc.leblancnet.us
643104	0.37575602531433105	0.09317445755004883	electrum-btc.leblancnet.us
645120	0.37433767318725586	0.09346985816955566	electrum-btc.leblancnet.us
647136	0.3709259033203125	0.09322094917297363	electrum-btc.leblancnet.us
649152	0.3792088031768799	0.09417390823364258	electrum-btc.leblancnet.us
651168	0.3722572326660156	0.09354639053344727	electrum-btc.leblancnet.us
653184	0.3737320899963379	0.09367609024047852	electrum-btc.leblancnet.us
655200	0.38907313346862793	0.0955972671508789	electrum-btc.leblancnet.us
657216	0.2932589054107666	0.058770179748535156	electrum-btc.leblancnet.us
