1	1.6534912586212158	0.0909726619720459	E-X.not.fyi
2016	0.6577174663543701	0.09129762649536133	E-X.not.fyi
4032	0.3370237350463867	0.09034419059753418	E-X.not.fyi
6048	0.3387186527252197	0.09027385711669922	E-X.not.fyi
8064	0.3455173969268799	0.09045577049255371	E-X.not.fyi
10080	0.3595092296600342	0.09093809127807617	E-X.not.fyi
12096	0.34775567054748535	0.09055829048156738	E-X.not.fyi
14112	0.3415694236755371	0.09067177772521973	E-X.not.fyi
16128	1.3185703754425049	0.1828138828277588	E-X.not.fyi
18144	0.33744335174560547	0.1370091438293457	E-X.not.fyi
20160	0.3389134407043457	0.09111738204956055	E-X.not.fyi
22176	0.3400239944458008	0.09165620803833008	E-X.not.fyi
24192	0.6796813011169434	0.09033417701721191	E-X.not.fyi
26208	0.34545278549194336	0.09257674217224121	E-X.not.fyi
28224	0.3416764736175537	0.0912632942199707	E-X.not.fyi
30240	0.3488790988922119	0.0908057689666748	E-X.not.fyi
32256	0.3407740592956543	0.09248757362365723	E-X.not.fyi
34272	0.3370490074157715	0.09183883666992188	E-X.not.fyi
36288	0.3425784111022949	0.09143257141113281	E-X.not.fyi
38304	0.34253382682800293	0.09141111373901367	E-X.not.fyi
40320	0.3395993709564209	0.09148335456848145	E-X.not.fyi
42336	0.3461143970489502	0.09123873710632324	E-X.not.fyi
44352	0.3400423526763916	0.08975386619567871	E-X.not.fyi
46368	0.34656333923339844	0.09029150009155273	E-X.not.fyi
48384	0.33679890632629395	0.09079599380493164	E-X.not.fyi
50400	0.33501267433166504	0.09144210815429688	E-X.not.fyi
52416	0.33867383003234863	0.0899803638458252	E-X.not.fyi
54432	0.6662230491638184	0.09073114395141602	E-X.not.fyi
56448	0.3453054428100586	0.09116196632385254	E-X.not.fyi
58464	0.3446629047393799	0.08985710144042969	E-X.not.fyi
60480	0.34384822845458984	0.09007430076599121	E-X.not.fyi
62496	0.3581373691558838	0.0899808406829834	E-X.not.fyi
64512	0.34332752227783203	0.09036636352539062	E-X.not.fyi
66528	0.3414430618286133	0.09085536003112793	E-X.not.fyi
68544	0.33959102630615234	0.09011983871459961	E-X.not.fyi
70560	0.34302759170532227	0.08928322792053223	E-X.not.fyi
72576	0.369964599609375	0.09069681167602539	E-X.not.fyi
74592	0.34030818939208984	0.09093737602233887	E-X.not.fyi
76608	0.3406851291656494	0.09023904800415039	E-X.not.fyi
78624	0.6811048984527588	0.09006762504577637	E-X.not.fyi
80640	0.3449993133544922	0.09212112426757812	E-X.not.fyi
82656	0.36165380477905273	0.09004974365234375	E-X.not.fyi
84672	0.7262082099914551	0.08933806419372559	E-X.not.fyi
86688	0.3371710777282715	0.08916902542114258	E-X.not.fyi
88704	0.3406703472137451	0.09037566184997559	E-X.not.fyi
90720	0.36316466331481934	0.09007668495178223	E-X.not.fyi
92736	0.6679444313049316	0.0904383659362793	E-X.not.fyi
94752	0.34331488609313965	0.09155988693237305	E-X.not.fyi
96768	0.341414213180542	0.09108710289001465	E-X.not.fyi
98784	0.34185242652893066	0.09052109718322754	E-X.not.fyi
100800	0.35437774658203125	0.08951282501220703	E-X.not.fyi
102816	0.3419177532196045	0.089599609375	E-X.not.fyi
104832	0.33618688583374023	0.08935308456420898	E-X.not.fyi
106848	0.35173869132995605	0.08953619003295898	E-X.not.fyi
108864	0.3438751697540283	0.09171772003173828	E-X.not.fyi
110880	0.3406691551208496	0.09115195274353027	E-X.not.fyi
112896	0.34147143363952637	0.09294605255126953	E-X.not.fyi
114912	0.3498060703277588	0.09093904495239258	E-X.not.fyi
116928	0.3443925380706787	0.09131979942321777	E-X.not.fyi
118944	0.341672420501709	0.09092235565185547	E-X.not.fyi
120960	0.3412933349609375	0.09142899513244629	E-X.not.fyi
122976	0.3412022590637207	0.09109807014465332	E-X.not.fyi
124992	0.3554868698120117	0.0920114517211914	E-X.not.fyi
127008	0.3356912136077881	0.09047746658325195	E-X.not.fyi
129024	0.6686253547668457	0.0898125171661377	E-X.not.fyi
131040	0.6643831729888916	0.08952593803405762	E-X.not.fyi
133056	0.6659886837005615	0.09104657173156738	E-X.not.fyi
135072	0.667961835861206	0.09152078628540039	E-X.not.fyi
137088	0.6685259342193604	0.09244370460510254	E-X.not.fyi
139104	0.9835026264190674	0.09229707717895508	E-X.not.fyi
141120	0.986875057220459	0.09196782112121582	E-X.not.fyi
143136	0.984705924987793	0.09275603294372559	E-X.not.fyi
145152	0.6650376319885254	0.09162521362304688	E-X.not.fyi
147168	0.6622309684753418	0.09174990653991699	E-X.not.fyi
149184	0.6723039150238037	0.09256553649902344	E-X.not.fyi
151200	0.6629829406738281	0.09098553657531738	E-X.not.fyi
153216	0.6715199947357178	0.09102416038513184	E-X.not.fyi
155232	0.6566753387451172	0.09101653099060059	E-X.not.fyi
157249	1.9797699451446533	0.0916588306427002	ecdsa.net
159264	1.9341762065887451	0.09031295776367188	ecdsa.net
161280	1.9679584503173828	0.09089207649230957	ecdsa.net
163296	1.9957318305969238	0.0913248062133789	ecdsa.net
165312	2.0298759937286377	0.09065771102905273	ecdsa.net
167328	2.065521478652954	0.09063363075256348	ecdsa.net
169344	2.103271007537842	0.09087347984313965	ecdsa.net
171360	2.136817693710327	0.09212040901184082	ecdsa.net
173376	2.169121265411377	0.08927392959594727	ecdsa.net
175392	2.2008867263793945	0.09131073951721191	ecdsa.net
177408	2.2358553409576416	0.09099006652832031	ecdsa.net
179424	2.5372984409332275	0.09214997291564941	ecdsa.net
181440	2.54758882522583	0.09113740921020508	ecdsa.net
183456	2.574838161468506	0.09289312362670898	ecdsa.net
185472	2.6106882095336914	0.0918114185333252	ecdsa.net
187488	2.6450581550598145	0.09137558937072754	ecdsa.net
189504	2.6773383617401123	0.0925910472869873	ecdsa.net
191520	2.713593006134033	0.09198164939880371	ecdsa.net
193536	2.7466866970062256	0.09101390838623047	ecdsa.net
195552	2.783451557159424	0.09322857856750488	ecdsa.net
197568	2.8266713619232178	0.0931863784790039	ecdsa.net
199584	2.8586061000823975	0.09320497512817383	ecdsa.net
201600	2.900817394256592	0.09184789657592773	ecdsa.net
203616	2.932739496231079	0.09225773811340332	ecdsa.net
205632	2.964245319366455	0.09190225601196289	ecdsa.net
207648	2.993990898132324	0.09256315231323242	ecdsa.net
209664	3.038240432739258	0.09294724464416504	ecdsa.net
211680	3.0805952548980713	0.0918436050415039	ecdsa.net
213696	3.1189987659454346	0.0929868221282959	ecdsa.net
215712	3.1664605140686035	0.09395241737365723	ecdsa.net
217728	3.1900112628936768	0.09321379661560059	ecdsa.net
219744	3.225118398666382	0.09206604957580566	ecdsa.net
221760	3.289949655532837	0.0899348258972168	ecdsa.net
223776	3.2766432762145996	0.09210968017578125	ecdsa.net
225792	3.311527729034424	0.09211468696594238	ecdsa.net
227808	3.341761827468872	0.08999109268188477	ecdsa.net
229824	3.3490970134735107	0.18081378936767578	ecdsa.net
231840	3.3862807750701904	0.0910196304321289	ecdsa.net
233856	3.4694221019744873	0.0908815860748291	ecdsa.net
235872	3.44954514503479	0.09140968322753906	ecdsa.net
237888	3.4769158363342285	0.09185028076171875	ecdsa.net
239904	3.501349687576294	0.09272289276123047	ecdsa.net
241920	3.5327775478363037	0.0916743278503418	ecdsa.net
243936	3.5490548610687256	0.0913846492767334	ecdsa.net
245952	3.5799362659454346	0.09129691123962402	ecdsa.net
247968	3.656947135925293	0.09339714050292969	ecdsa.net
249984	3.648831367492676	0.09217357635498047	ecdsa.net
252000	3.662856101989746	0.09231758117675781	ecdsa.net
254016	3.428173065185547	0.09279680252075195	ecdsa.net
256032	3.183469295501709	0.09253716468811035	ecdsa.net
258048	3.198925733566284	0.09160447120666504	ecdsa.net
260064	3.2279961109161377	0.09345126152038574	ecdsa.net
262080	3.2555992603302	0.09224629402160645	ecdsa.net
264096	3.2835066318511963	0.09221386909484863	ecdsa.net
266112	3.3123223781585693	0.09239482879638672	ecdsa.net
268128	3.3538386821746826	0.09380960464477539	ecdsa.net
270144	3.3705079555511475	0.09230613708496094	ecdsa.net
272160	3.401352643966675	0.09186172485351562	ecdsa.net
274176	3.4277050495147705	0.09283995628356934	ecdsa.net
276192	3.4575448036193848	0.09369277954101562	ecdsa.net
278208	3.5110862255096436	0.09244084358215332	ecdsa.net
280224	3.5163233280181885	0.09319710731506348	ecdsa.net
282240	3.5422494411468506	0.09363412857055664	ecdsa.net
284256	3.5717718601226807	0.09117364883422852	ecdsa.net
286272	3.6034390926361084	0.09348630905151367	ecdsa.net
288288	3.628645181655884	0.09170365333557129	ecdsa.net
290304	8.993185758590698	0.09297633171081543	ecdsa.net
292320	3.6878960132598877	0.09363436698913574	electrum.bitkoins.nl
294336	3.7158613204956055	0.09314393997192383	electrum.bitkoins.nl
296352	3.7432403564453125	0.09194350242614746	electrum.bitkoins.nl
298368	3.7741265296936035	0.09231162071228027	electrum.bitkoins.nl
300384	3.7985618114471436	0.09321904182434082	electrum.bitkoins.nl
302400	3.8307242393493652	0.0930185317993164	electrum.bitkoins.nl
304416	3.8571560382843018	0.09269237518310547	electrum.bitkoins.nl
306432	3.884563684463501	0.09304571151733398	electrum.bitkoins.nl
308449	1.6281907558441162	0.09263944625854492	electrum.bitkoins.nl
310464	0.2800154685974121	0.09338235855102539	electrum.bitkoins.nl
312480	0.2732963562011719	0.09421896934509277	electrum.bitkoins.nl
314496	0.2731175422668457	0.09209966659545898	electrum.bitkoins.nl
316512	0.27191758155822754	0.09420037269592285	electrum.bitkoins.nl
318528	0.2735104560852051	0.09313726425170898	electrum.bitkoins.nl
320544	0.273531436920166	0.09387087821960449	electrum.bitkoins.nl
322560	0.2726140022277832	0.09461283683776855	electrum.bitkoins.nl
324576	0.2736790180206299	0.09445786476135254	electrum.bitkoins.nl
326592	0.2718808650970459	0.09518289566040039	electrum.bitkoins.nl
328608	0.27314019203186035	0.0946660041809082	electrum.bitkoins.nl
330624	0.2703421115875244	0.09357619285583496	electrum.bitkoins.nl
332640	0.2705802917480469	0.09493231773376465	electrum.bitkoins.nl
334656	0.270078182220459	0.09575891494750977	electrum.bitkoins.nl
336672	0.28220629692077637	0.09387898445129395	electrum.bitkoins.nl
338688	0.28363800048828125	0.09472537040710449	electrum.bitkoins.nl
340704	0.2721400260925293	0.09446835517883301	electrum.bitkoins.nl
342720	0.2718687057495117	0.09273171424865723	electrum.bitkoins.nl
344736	0.27147412300109863	0.0935368537902832	electrum.bitkoins.nl
346752	0.2717931270599365	0.0946357250213623	electrum.bitkoins.nl
348768	0.2785162925720215	0.09318041801452637	electrum.bitkoins.nl
350784	0.27340173721313477	0.09359288215637207	electrum.bitkoins.nl
352800	0.2695322036743164	0.09407711029052734	electrum.bitkoins.nl
354816	0.27179384231567383	0.09406471252441406	electrum.bitkoins.nl
356832	0.27328920364379883	0.09431719779968262	electrum.bitkoins.nl
358848	0.27022743225097656	0.093658447265625	electrum.bitkoins.nl
360864	0.270282506942749	0.09323287010192871	electrum.bitkoins.nl
362880	0.269913911819458	0.09231781959533691	electrum.bitkoins.nl
364896	0.2713334560394287	0.0919351577758789	electrum.bitkoins.nl
366912	0.35319948196411133	0.0934000015258789	electrum.bitkoins.nl
368928	0.2704615592956543	0.09169387817382812	electrum.bitkoins.nl
370944	0.27069735527038574	0.09175252914428711	electrum.bitkoins.nl
372960	0.273085355758667	0.09146499633789062	electrum.bitkoins.nl
374976	0.27340006828308105	0.0922234058380127	electrum.bitkoins.nl
376992	0.270967960357666	0.09241271018981934	electrum.bitkoins.nl
379008	0.27115416526794434	0.09273266792297363	electrum.bitkoins.nl
381024	0.27362942695617676	0.09315133094787598	electrum.bitkoins.nl
383040	0.2730414867401123	0.09204506874084473	electrum.bitkoins.nl
385056	0.27321887016296387	0.09262657165527344	electrum.bitkoins.nl
387072	0.27142333984375	0.09326434135437012	electrum.bitkoins.nl
389088	0.271744966506958	0.18921852111816406	electrum.bitkoins.nl
391104	0.27197742462158203	0.1837010383605957	electrum.bitkoins.nl
393120	0.2741050720214844	0.18634033203125	electrum.bitkoins.nl
