1	0.6074156761169434	0.08495450019836426	blockstream.info
2016	0.3906705379486084	0.08568191528320312	blockstream.info
4032	0.41594505310058594	0.08556365966796875	blockstream.info
6048	0.40705442428588867	0.08705782890319824	blockstream.info
8064	0.4101896286010742	0.08652997016906738	blockstream.info
10080	0.4036905765533447	0.08556389808654785	blockstream.info
12096	0.40547990798950195	0.08788418769836426	blockstream.info
14112	0.4078390598297119	0.08636212348937988	blockstream.info
16128	0.40769314765930176	0.08620166778564453	blockstream.info
18144	0.4077320098876953	0.08716917037963867	blockstream.info
20160	0.413179874420166	0.08633637428283691	blockstream.info
22176	0.4147510528564453	0.08608031272888184	blockstream.info
24192	0.4121706485748291	0.0858149528503418	blockstream.info
26208	0.41341662406921387	0.08632922172546387	blockstream.info
28224	0.4140663146972656	0.08526015281677246	blockstream.info
30240	0.4101688861846924	0.08571910858154297	blockstream.info
32256	0.4098830223083496	0.17449665069580078	blockstream.info
34272	0.4118640422821045	0.08655309677124023	blockstream.info
36288	0.409515380859375	0.08571624755859375	blockstream.info
38304	0.40996241569519043	0.08763885498046875	blockstream.info
40320	0.4152188301086426	0.08606791496276855	blockstream.info
42336	0.6538970470428467	0.08629035949707031	blockstream.info
44352	0.40790605545043945	0.08782958984375	blockstream.info
46368	0.41016340255737305	0.08632707595825195	blockstream.info
48384	0.4066448211669922	0.08605313301086426	blockstream.info
50400	0.4119899272918701	0.0862886905670166	blockstream.info
52416	0.41254591941833496	0.08604812622070312	blockstream.info
54432	0.4095637798309326	0.08622169494628906	blockstream.info
56448	0.4107046127319336	0.08640050888061523	blockstream.info
58464	0.41264939308166504	0.0870506763458252	blockstream.info
60480	0.4157230854034424	0.08579206466674805	blockstream.info
62496	0.40973448753356934	0.08573460578918457	blockstream.info
64512	0.41005921363830566	0.08600950241088867	blockstream.info
66528	0.41184306144714355	0.08703374862670898	blockstream.info
68544	0.4085729122161865	0.08611869812011719	blockstream.info
70560	0.40595483779907227	0.08660078048706055	blockstream.info
72576	0.4065439701080322	0.08597135543823242	blockstream.info
74592	0.4101746082305908	0.0864875316619873	blockstream.info
76608	0.41333532333374023	0.08524203300476074	blockstream.info
78624	0.4094674587249756	0.08624124526977539	blockstream.info
80640	0.40664005279541016	0.08652234077453613	blockstream.info
82656	0.41421985626220703	0.08598446846008301	blockstream.info
84672	0.40727829933166504	0.08608794212341309	blockstream.info
86688	0.4107506275177002	0.0867607593536377	blockstream.info
88704	0.4094870090484619	0.08596277236938477	blockstream.info
90720	0.40708374977111816	0.08706331253051758	blockstream.info
92736	0.4100494384765625	0.08556914329528809	blockstream.info
94752	0.40694665908813477	0.08592796325683594	blockstream.info
96768	0.4059712886810303	0.08652949333190918	blockstream.info
98784	0.4066765308380127	0.08533334732055664	blockstream.info
100800	0.4076106548309326	0.08605575561523438	blockstream.info
102816	0.4103891849517822	0.08628129959106445	blockstream.info
104832	0.4138507843017578	0.0856778621673584	blockstream.info
106848	0.41180896759033203	0.08530879020690918	blockstream.info
108864	0.40961456298828125	0.08551764488220215	blockstream.info
110880	0.4136941432952881	0.0847318172454834	blockstream.info
112896	0.4205322265625	0.08830618858337402	blockstream.info
114912	0.4247245788574219	0.08659648895263672	blockstream.info
116928	0.41373252868652344	0.08642125129699707	blockstream.info
118944	0.4076516628265381	0.08821487426757812	blockstream.info
120960	0.4117269515991211	0.08787941932678223	blockstream.info
122976	0.6455340385437012	0.08905577659606934	blockstream.info
124992	0.41318345069885254	0.08786201477050781	blockstream.info
127008	0.41284990310668945	0.08774352073669434	blockstream.info
129024	0.41981005668640137	0.08755970001220703	blockstream.info
131040	0.4116370677947998	0.08754825592041016	blockstream.info
133056	0.4120903015136719	0.08672881126403809	blockstream.info
135072	0.4142138957977295	0.0875089168548584	blockstream.info
137088	0.41191768646240234	0.08702850341796875	blockstream.info
139104	0.40881919860839844	0.08637642860412598	blockstream.info
141120	0.40622568130493164	0.08750534057617188	blockstream.info
143136	0.4058661460876465	0.08633971214294434	blockstream.info
145152	0.4081735610961914	0.08659601211547852	blockstream.info
147168	0.4126555919647217	0.0865170955657959	blockstream.info
149184	0.41294288635253906	0.08682608604431152	blockstream.info
151200	0.4144434928894043	0.08620405197143555	blockstream.info
153216	0.4133777618408203	0.08656692504882812	blockstream.info
155232	0.41164445877075195	0.08704948425292969	blockstream.info
157248	0.4070553779602051	0.08614563941955566	blockstream.info
159264	0.40900373458862305	0.08704185485839844	blockstream.info
161280	0.4108121395111084	0.08718323707580566	blockstream.info
163296	0.4152212142944336	0.08675479888916016	blockstream.info
165312	0.4140591621398926	0.08617496490478516	blockstream.info
167328	0.6510653495788574	0.0871894359588623	blockstream.info
169344	0.411562442779541	0.0860755443572998	blockstream.info
171360	0.41207408905029297	0.0866091251373291	blockstream.info
173376	0.41216373443603516	0.08583974838256836	blockstream.info
175392	0.40944695472717285	0.08679461479187012	blockstream.info
177408	0.40976595878601074	0.08567690849304199	blockstream.info
179424	0.4119563102722168	0.08561372756958008	blockstream.info
181440	0.4092214107513428	0.08525395393371582	blockstream.info
183456	0.4055747985839844	0.08545923233032227	blockstream.info
185472	0.41174912452697754	0.08602142333984375	blockstream.info
187488	0.40694189071655273	0.08547163009643555	blockstream.info
189504	0.40756750106811523	0.08649730682373047	blockstream.info
191520	0.4047689437866211	0.08663702011108398	blockstream.info
193536	0.4104487895965576	0.08604955673217773	blockstream.info
195552	0.4098806381225586	0.08641409873962402	blockstream.info
197568	0.4082159996032715	0.0855104923248291	blockstream.info
199584	0.41065430641174316	0.08599615097045898	blockstream.info
201600	0.4093010425567627	0.08571457862854004	blockstream.info
203616	0.409914493560791	0.08654546737670898	blockstream.info
205632	0.41200733184814453	0.08636212348937988	blockstream.info
207648	0.40705060958862305	0.08583521842956543	blockstream.info
209664	0.41176605224609375	0.0863943099975586	blockstream.info
211680	0.41357994079589844	0.08724474906921387	blockstream.info
213696	0.6469976902008057	0.08667516708374023	blockstream.info
215712	0.4125945568084717	0.08987188339233398	blockstream.info
217728	0.41460514068603516	0.08686113357543945	blockstream.info
219744	0.4132373332977295	0.08655452728271484	blockstream.info
221760	0.41111230850219727	0.08577895164489746	blockstream.info
223776	0.4055972099304199	0.0869302749633789	blockstream.info
225792	0.40936875343322754	0.08672881126403809	blockstream.info
227808	0.405256986618042	0.08708310127258301	blockstream.info
229824	0.4104166030883789	0.08639836311340332	blockstream.info
231840	0.40450406074523926	0.08508825302124023	blockstream.info
233856	0.42744922637939453	0.08661508560180664	blockstream.info
235872	0.4063396453857422	0.08634781837463379	blockstream.info
237888	0.4126577377319336	0.08623170852661133	blockstream.info
239904	0.4120981693267822	0.08571696281433105	blockstream.info
241920	0.40953826904296875	0.08705019950866699	blockstream.info
243936	0.4107053279876709	0.08663082122802734	blockstream.info
245952	0.4094822406768799	0.0869436264038086	blockstream.info
247968	0.4123568534851074	0.08814191818237305	blockstream.info
249984	0.41138482093811035	0.08831548690795898	blockstream.info
252000	0.4093024730682373	0.08629465103149414	blockstream.info
254016	0.4068875312805176	0.08703231811523438	blockstream.info
256032	0.40863680839538574	0.08658671379089355	blockstream.info
258048	0.4066481590270996	0.08659553527832031	blockstream.info
260064	0.40724778175354004	0.08694887161254883	blockstream.info
262080	0.4100947380065918	0.08831548690795898	blockstream.info
264096	0.40982842445373535	0.08665204048156738	blockstream.info
266112	0.41251158714294434	0.08721566200256348	blockstream.info
268128	0.41382384300231934	0.08796262741088867	blockstream.info
270144	0.4084298610687256	0.08800101280212402	blockstream.info
272160	0.40967345237731934	0.08743619918823242	blockstream.info
274176	0.6545352935791016	0.08773350715637207	blockstream.info
276192	0.412583589553833	0.09969639778137207	blockstream.info
278208	0.41202402114868164	0.08776211738586426	blockstream.info
280224	0.41193461418151855	0.08864831924438477	blockstream.info
282240	0.4131779670715332	0.08826541900634766	blockstream.info
284256	0.41297101974487305	0.08876419067382812	blockstream.info
286272	0.4105498790740967	0.08774447441101074	blockstream.info
288288	0.41336917877197266	0.08727836608886719	blockstream.info
290304	0.4123361110687256	0.08763790130615234	blockstream.info
292320	0.4113655090332031	0.0897364616394043	blockstream.info
294336	0.4103066921234131	0.08942437171936035	blockstream.info
296352	0.4070713520050049	0.08917784690856934	blockstream.info
298368	0.4097771644592285	0.08820605278015137	blockstream.info
300384	0.4104759693145752	0.08908534049987793	blockstream.info
302400	0.41441941261291504	0.08792424201965332	blockstream.info
304416	0.41169166564941406	0.08785438537597656	blockstream.info
306432	0.41055822372436523	0.0880882740020752	blockstream.info
308448	0.41219186782836914	0.08668756484985352	blockstream.info
310464	0.4095289707183838	0.08802390098571777	blockstream.info
312480	0.4106466770172119	0.08843159675598145	blockstream.info
314496	0.4150252342224121	0.0884554386138916	blockstream.info
316512	0.4184854030609131	0.08777666091918945	blockstream.info
318528	0.4113647937774658	0.08948659896850586	blockstream.info
320544	0.4112520217895508	0.08807206153869629	blockstream.info
322560	0.4113178253173828	0.09032964706420898	blockstream.info
324576	0.41069912910461426	0.08850574493408203	blockstream.info
326592	0.4075906276702881	0.08878731727600098	blockstream.info
328608	0.4098336696624756	0.08939862251281738	blockstream.info
330624	0.41125941276550293	0.08848214149475098	blockstream.info
332640	0.4145946502685547	0.08871054649353027	blockstream.info
334656	0.41304516792297363	0.09048938751220703	blockstream.info
336672	0.412797212600708	0.0890805721282959	blockstream.info
338688	0.4092411994934082	0.08758926391601562	blockstream.info
340704	0.4085273742675781	0.08937692642211914	blockstream.info
342720	0.4081263542175293	0.0882573127746582	blockstream.info
344736	0.4109678268432617	0.08975005149841309	blockstream.info
346752	0.4127175807952881	0.08830547332763672	blockstream.info
348768	0.4160585403442383	0.08739089965820312	blockstream.info
350784	0.4112205505371094	0.08797788619995117	blockstream.info
352800	0.4123837947845459	0.08855009078979492	blockstream.info
354816	0.41947126388549805	0.08762145042419434	blockstream.info
356832	0.41449522972106934	0.08635377883911133	blockstream.info
358848	0.4167921543121338	0.08799910545349121	blockstream.info
360864	0.41458678245544434	0.09376811981201172	blockstream.info
362880	0.4082760810852051	0.0875701904296875	blockstream.info
364896	0.6488981246948242	0.08759212493896484	blockstream.info
366912	0.41121959686279297	0.08841109275817871	blockstream.info
368928	0.41756701469421387	0.08710098266601562	blockstream.info
370944	0.420245885848999	0.08722281455993652	blockstream.info
372960	0.4112694263458252	0.08809041976928711	blockstream.info
374976	0.4141538143157959	0.08764123916625977	blockstream.info
376992	0.42044496536254883	0.08916115760803223	blockstream.info
379008	0.4153273105621338	0.08789849281311035	blockstream.info
381024	0.41556763648986816	0.08699226379394531	blockstream.info
383040	0.4161243438720703	0.08899998664855957	blockstream.info
385056	0.4076039791107178	0.08875489234924316	blockstream.info
387072	0.4110379219055176	0.08859968185424805	blockstream.info
389088	0.4101076126098633	0.08954954147338867	blockstream.info
391104	0.40826892852783203	0.08843612670898438	blockstream.info
393120	0.40657687187194824	0.08893799781799316	blockstream.info
395136	0.4095289707183838	0.0898900032043457	blockstream.info
397152	0.41264963150024414	0.08907198905944824	blockstream.info
399168	0.40724992752075195	0.08922481536865234	blockstream.info
401184	0.4104921817779541	0.08886528015136719	blockstream.info
403200	0.4085354804992676	0.08852791786193848	blockstream.info
405216	0.4075136184692383	0.08897638320922852	blockstream.info
407232	0.40992212295532227	0.08896636962890625	blockstream.info
409248	0.4146244525909424	0.08903193473815918	blockstream.info
411264	0.41391777992248535	0.08890771865844727	blockstream.info
413280	0.4109928607940674	0.08787798881530762	blockstream.info
415296	0.41159796714782715	0.08876466751098633	blockstream.info
417312	0.41312670707702637	0.08852362632751465	blockstream.info
419328	0.41480565071105957	0.0886986255645752	blockstream.info
421344	0.65411376953125	0.08794999122619629	blockstream.info
423360	0.40782785415649414	0.08932018280029297	blockstream.info
425376	0.4108150005340576	0.08933854103088379	blockstream.info
427392	0.4125242233276367	0.08853816986083984	blockstream.info
429408	0.4097137451171875	0.08856081962585449	blockstream.info
431424	0.4110729694366455	0.0890650749206543	blockstream.info
433440	0.40749049186706543	0.08896970748901367	blockstream.info
435456	0.4119865894317627	0.0880589485168457	blockstream.info
437472	0.4077794551849365	0.08876585960388184	blockstream.info
439488	0.4073023796081543	0.08923768997192383	blockstream.info
441504	0.4096081256866455	0.08894205093383789	blockstream.info
443520	0.4059016704559326	0.08807253837585449	blockstream.info
445536	0.40870165824890137	0.0886375904083252	blockstream.info
447552	0.4103565216064453	0.08842182159423828	blockstream.info
449568	0.4114959239959717	0.08595108985900879	blockstream.info
451584	0.4081284999847412	0.08942222595214844	blockstream.info
453600	0.41168665885925293	0.08932232856750488	blockstream.info
455616	0.40543079376220703	0.0944523811340332	blockstream.info
457632	0.41136980056762695	0.08980369567871094	blockstream.info
459648	0.4124453067779541	0.08870315551757812	blockstream.info
461664	0.41405510902404785	0.08857297897338867	blockstream.info
463680	0.41101598739624023	0.08927083015441895	blockstream.info
465696	0.41162109375	0.08873295783996582	blockstream.info
467712	0.4130105972290039	0.08778691291809082	blockstream.info
469728	0.4084126949310303	0.08880448341369629	blockstream.info
471744	0.4104435443878174	0.08811378479003906	blockstream.info
473760	0.40927743911743164	0.08650016784667969	blockstream.info
475776	0.41091203689575195	0.0902101993560791	blockstream.info
477792	0.4178190231323242	0.08729696273803711	blockstream.info
479808	0.40747785568237305	0.0879514217376709	blockstream.info
481824	0.40669918060302734	0.08789277076721191	blockstream.info
483840	0.4060511589050293	0.08780050277709961	blockstream.info
485856	0.41459226608276367	0.0889279842376709	blockstream.info
487872	0.4068121910095215	0.08946967124938965	blockstream.info
489888	0.4104626178741455	0.08920526504516602	blockstream.info
491904	0.41258883476257324	0.08929204940795898	blockstream.info
493920	0.41400957107543945	0.09001874923706055	blockstream.info
495936	0.40993213653564453	0.08897686004638672	blockstream.info
497952	0.4091627597808838	0.09039688110351562	blockstream.info
499968	0.4118216037750244	0.09042906761169434	blockstream.info
501984	0.4111323356628418	0.08895039558410645	blockstream.info
504000	0.41016507148742676	0.08849239349365234	blockstream.info
506016	0.409883975982666	0.08872461318969727	blockstream.info
508032	0.41446399688720703	0.08973002433776855	blockstream.info
510048	0.41044187545776367	0.08929657936096191	blockstream.info
512064	0.41060686111450195	0.08996701240539551	blockstream.info
514080	0.6465392112731934	0.08940434455871582	blockstream.info
516096	0.41242527961730957	0.09770846366882324	blockstream.info
518112	0.41405630111694336	0.08868408203125	blockstream.info
520128	0.4128453731536865	0.08950233459472656	blockstream.info
522144	0.4151029586791992	0.08960294723510742	blockstream.info
524160	0.41132688522338867	0.08951711654663086	blockstream.info
526176	0.4114987850189209	0.08914685249328613	blockstream.info
528192	0.4128241539001465	0.08970451354980469	blockstream.info
530208	0.41492581367492676	0.0898737907409668	blockstream.info
532224	0.41359972953796387	0.08837509155273438	blockstream.info
534240	0.4107520580291748	0.08769559860229492	blockstream.info
536256	0.4076709747314453	0.08915519714355469	blockstream.info
538272	0.4089653491973877	0.08978438377380371	blockstream.info
540288	0.4096040725708008	0.08913588523864746	blockstream.info
542304	0.41118311882019043	0.08870053291320801	blockstream.info
544320	0.40723633766174316	0.08836054801940918	blockstream.info
546336	0.4064474105834961	0.08921599388122559	blockstream.info
548352	0.4125981330871582	0.08955764770507812	blockstream.info
550368	0.41156911849975586	0.0900411605834961	blockstream.info
552384	0.4139127731323242	0.08927679061889648	blockstream.info
554400	0.4115724563598633	0.0894317626953125	blockstream.info
556416	0.4102602005004883	0.08844280242919922	blockstream.info
558432	0.4125337600708008	0.08977651596069336	blockstream.info
560448	0.4104189872741699	0.08951926231384277	blockstream.info
562464	0.41330814361572266	0.09016799926757812	blockstream.info
564480	0.41384363174438477	0.08931827545166016	blockstream.info
566496	0.4112813472747803	0.08884310722351074	blockstream.info
568512	0.4102611541748047	0.08912134170532227	blockstream.info
570528	0.4105091094970703	0.08928918838500977	blockstream.info
572544	0.4078240394592285	0.08899331092834473	blockstream.info
574560	0.40619754791259766	0.08832311630249023	blockstream.info
576576	0.40514135360717773	0.08863329887390137	blockstream.info
578592	0.4124140739440918	0.0884847640991211	blockstream.info
580608	0.41114354133605957	0.08881402015686035	blockstream.info
582624	0.4116520881652832	0.0888979434967041	blockstream.info
584640	0.40805792808532715	0.08903026580810547	blockstream.info
586656	0.6478393077850342	0.08878922462463379	blockstream.info
588672	0.4066493511199951	0.08927321434020996	blockstream.info
590688	0.40686678886413574	0.0889897346496582	blockstream.info
592704	0.4103879928588867	0.08989572525024414	blockstream.info
594720	0.40989065170288086	0.08904719352722168	blockstream.info
596736	0.4138212203979492	0.08871340751647949	blockstream.info
598752	0.41181468963623047	0.08979558944702148	blockstream.info
600768	0.41208815574645996	0.09025096893310547	blockstream.info
602784	0.4091172218322754	0.0884542465209961	blockstream.info
604800	0.40749692916870117	0.08865141868591309	blockstream.info
606816	0.41159796714782715	0.08969855308532715	blockstream.info
608832	0.41121768951416016	0.09031915664672852	blockstream.info
610848	0.4113190174102783	0.0879826545715332	blockstream.info
612864	0.4163944721221924	0.08881425857543945	blockstream.info
614880	0.41153502464294434	0.08811092376708984	blockstream.info
616896	0.41088366508483887	0.08800721168518066	blockstream.info
618912	0.41368722915649414	0.09117913246154785	blockstream.info
620928	0.41388821601867676	0.08670997619628906	blockstream.info
622944	0.40765810012817383	0.0888679027557373	blockstream.info
624960	0.4080009460449219	0.08773326873779297	blockstream.info
626976	0.41248655319213867	0.08845973014831543	blockstream.info
628992	0.4112517833709717	0.08834552764892578	blockstream.info
631008	0.4096522331237793	0.08842754364013672	blockstream.info
633024	0.40770912170410156	0.08862948417663574	blockstream.info
635040	0.4098501205444336	0.0897367000579834	blockstream.info
637056	0.4066026210784912	0.08926582336425781	blockstream.info
639072	0.4105682373046875	0.08972477912902832	blockstream.info
641088	0.40621495246887207	0.08985280990600586	blockstream.info
643104	0.4125823974609375	0.08925223350524902	blockstream.info
645120	0.4118950366973877	0.08967041969299316	blockstream.info
647136	0.41349053382873535	0.08910489082336426	blockstream.info
649152	0.4141871929168701	0.08898496627807617	blockstream.info
651168	0.41173696517944336	0.08867120742797852	blockstream.info
653184	0.4134519100189209	0.0890810489654541	blockstream.info
655200	0.4142165184020996	0.08952784538269043	blockstream.info
657216	0.3225057125091553	0.057235002517700195	blockstream.info
