1	1.6413700580596924	0.08784675598144531	electrum-server.ninja
2016	0.5473377704620361	0.08983612060546875	electrum-server.ninja
4032	0.2811884880065918	0.08909988403320312	electrum-server.ninja
6048	0.27793049812316895	0.09030508995056152	electrum-server.ninja
8064	0.3796062469482422	0.0889129638671875	electrum-server.ninja
10080	0.29455113410949707	0.0885934829711914	electrum-server.ninja
12096	0.279022216796875	0.09009122848510742	electrum-server.ninja
14112	0.28037548065185547	0.08794426918029785	electrum-server.ninja
16128	0.2787003517150879	0.08756875991821289	electrum-server.ninja
18144	0.29145240783691406	0.08808040618896484	electrum-server.ninja
20160	0.29932713508605957	0.08813810348510742	electrum-server.ninja
22176	0.29185962677001953	0.08783268928527832	electrum-server.ninja
24192	0.2781391143798828	0.08751702308654785	electrum-server.ninja
26208	0.2851996421813965	0.08839178085327148	electrum-server.ninja
28224	0.2817051410675049	0.18053889274597168	electrum-server.ninja
30240	0.2865164279937744	0.17736434936523438	electrum-server.ninja
32256	0.2810978889465332	0.08889651298522949	electrum-server.ninja
34272	0.2792677879333496	0.0882115364074707	electrum-server.ninja
36288	0.2831592559814453	0.08760643005371094	electrum-server.ninja
38304	0.30632901191711426	0.0876009464263916	electrum-server.ninja
40320	0.28110504150390625	0.08700799942016602	electrum-server.ninja
42336	0.2788708209991455	0.08851456642150879	electrum-server.ninja
44352	0.28022265434265137	0.08787274360656738	electrum-server.ninja
46368	0.2795999050140381	0.08776021003723145	electrum-server.ninja
48384	0.2809462547302246	0.08894968032836914	electrum-server.ninja
50400	0.2835862636566162	0.08818960189819336	electrum-server.ninja
52416	0.27917003631591797	0.08839297294616699	electrum-server.ninja
54432	0.2798609733581543	0.08787751197814941	electrum-server.ninja
56448	0.27932071685791016	0.08723282814025879	electrum-server.ninja
58464	0.2803056240081787	0.08887839317321777	electrum-server.ninja
60480	0.27945375442504883	0.08787775039672852	electrum-server.ninja
62496	0.27924323081970215	0.08821582794189453	electrum-server.ninja
64512	0.2790486812591553	0.08879590034484863	electrum-server.ninja
66528	0.2804086208343506	0.0896296501159668	electrum-server.ninja
68544	0.3080415725708008	0.08947968482971191	electrum-server.ninja
70560	0.28587794303894043	0.08972835540771484	electrum-server.ninja
72576	0.2801249027252197	0.08932137489318848	electrum-server.ninja
74592	0.2801074981689453	0.08897948265075684	electrum-server.ninja
76608	0.2786247730255127	0.08943486213684082	electrum-server.ninja
78624	0.28188276290893555	0.08809804916381836	electrum-server.ninja
80640	0.2806384563446045	0.08811712265014648	electrum-server.ninja
82656	0.2790243625640869	0.08904767036437988	electrum-server.ninja
84672	0.27881407737731934	0.08852314949035645	electrum-server.ninja
86688	0.27904796600341797	0.08823823928833008	electrum-server.ninja
88704	0.27895069122314453	0.08816313743591309	electrum-server.ninja
90720	0.28050684928894043	0.08893418312072754	electrum-server.ninja
92736	0.28293585777282715	0.0878756046295166	electrum-server.ninja
94752	0.2786579132080078	0.08840513229370117	electrum-server.ninja
96768	0.30442070960998535	0.08962368965148926	electrum-server.ninja
98784	0.2793095111846924	0.08895182609558105	electrum-server.ninja
100800	0.2808976173400879	0.09292101860046387	electrum-server.ninja
102816	0.27835941314697266	0.08878517150878906	electrum-server.ninja
104832	0.2804713249206543	0.08842682838439941	electrum-server.ninja
106848	0.279447078704834	0.08766293525695801	electrum-server.ninja
108864	0.28392958641052246	0.08821296691894531	electrum-server.ninja
110880	0.27945756912231445	0.08898496627807617	electrum-server.ninja
112896	0.2783634662628174	0.08886337280273438	electrum-server.ninja
114912	0.2795677185058594	0.08869099617004395	electrum-server.ninja
116928	0.27867794036865234	0.08972978591918945	electrum-server.ninja
118944	0.27992725372314453	0.08909273147583008	electrum-server.ninja
120960	0.2797095775604248	0.08983969688415527	electrum-server.ninja
122976	0.2799203395843506	0.08900666236877441	electrum-server.ninja
124992	0.2790369987487793	0.08875417709350586	electrum-server.ninja
127008	0.29528212547302246	0.08804011344909668	electrum-server.ninja
129024	0.38794422149658203	0.08816647529602051	electrum-server.ninja
131040	0.28061342239379883	0.08796882629394531	electrum-server.ninja
133056	0.2784903049468994	0.08838796615600586	electrum-server.ninja
135072	0.27616333961486816	0.08946061134338379	electrum-server.ninja
137088	0.28092432022094727	0.08933544158935547	electrum-server.ninja
139104	0.28458738327026367	0.08964681625366211	electrum-server.ninja
141120	0.2789583206176758	0.08854985237121582	electrum-server.ninja
143136	0.2786216735839844	0.08916640281677246	electrum-server.ninja
145152	0.28435277938842773	0.08919143676757812	electrum-server.ninja
147168	0.2920365333557129	0.08914995193481445	electrum-server.ninja
149184	0.28445959091186523	0.0895230770111084	electrum-server.ninja
151200	0.2918281555175781	0.08886933326721191	electrum-server.ninja
153216	0.28249621391296387	0.08914637565612793	electrum-server.ninja
155232	0.2850933074951172	0.08961343765258789	electrum-server.ninja
157248	0.3011479377746582	0.08980441093444824	electrum-server.ninja
159264	0.29578089714050293	0.09014678001403809	electrum-server.ninja
161280	0.2858562469482422	0.08951902389526367	electrum-server.ninja
163296	0.2869095802307129	0.08928346633911133	electrum-server.ninja
165312	0.279726505279541	0.08929610252380371	electrum-server.ninja
167328	0.2800755500793457	0.08995723724365234	electrum-server.ninja
169344	0.2790687084197998	0.09027767181396484	electrum-server.ninja
171360	0.28075313568115234	0.08981204032897949	electrum-server.ninja
173376	0.27878284454345703	0.08926057815551758	electrum-server.ninja
175392	0.2781260013580322	0.0908200740814209	electrum-server.ninja
177408	0.2804741859436035	0.08986020088195801	electrum-server.ninja
179424	0.283433198928833	0.0893411636352539	electrum-server.ninja
181440	0.28159236907958984	0.0901482105255127	electrum-server.ninja
183456	0.27919650077819824	0.0907583236694336	electrum-server.ninja
185472	0.2785968780517578	0.09012508392333984	electrum-server.ninja
187488	0.2793281078338623	0.09008216857910156	electrum-server.ninja
189504	0.2816319465637207	0.09108376502990723	electrum-server.ninja
191520	0.28283119201660156	0.09015870094299316	electrum-server.ninja
193536	0.3439657688140869	0.09162259101867676	electrum-server.ninja
195552	0.2786979675292969	0.09075546264648438	electrum-server.ninja
197568	0.2797105312347412	0.08987855911254883	electrum-server.ninja
199584	0.2783212661743164	0.08983683586120605	electrum-server.ninja
201600	0.28151512145996094	0.09033560752868652	electrum-server.ninja
203616	0.2795388698577881	0.08950591087341309	electrum-server.ninja
205632	0.28104424476623535	0.09010648727416992	electrum-server.ninja
207648	0.278411865234375	0.08893060684204102	electrum-server.ninja
209664	0.2819352149963379	0.09017181396484375	electrum-server.ninja
211680	0.2791111469268799	0.09035134315490723	electrum-server.ninja
213696	0.2790720462799072	0.08996438980102539	electrum-server.ninja
215712	0.28054141998291016	0.09086298942565918	electrum-server.ninja
217728	0.27906250953674316	0.09027957916259766	electrum-server.ninja
219744	0.280184268951416	0.08958268165588379	electrum-server.ninja
221760	0.30260562896728516	0.08956766128540039	electrum-server.ninja
223776	0.2883009910583496	0.08881568908691406	electrum-server.ninja
225792	0.27869486808776855	0.08911561965942383	electrum-server.ninja
227808	0.2802398204803467	0.08913779258728027	electrum-server.ninja
229824	0.2797670364379883	0.08894467353820801	electrum-server.ninja
231840	0.27985215187072754	0.08957386016845703	electrum-server.ninja
233856	0.2784457206726074	0.09220719337463379	electrum-server.ninja
235872	0.27870607376098633	0.08937406539916992	electrum-server.ninja
237888	0.28092265129089355	0.08944058418273926	electrum-server.ninja
239904	0.2789785861968994	0.08939671516418457	electrum-server.ninja
241920	0.29546093940734863	0.08998537063598633	electrum-server.ninja
243936	0.27843141555786133	0.08942818641662598	electrum-server.ninja
245952	0.2846493721008301	0.08958935737609863	electrum-server.ninja
247968	0.27869176864624023	0.09027647972106934	electrum-server.ninja
249984	0.28032684326171875	0.09047842025756836	electrum-server.ninja
252000	0.2792642116546631	0.0896766185760498	electrum-server.ninja
254016	0.33470797538757324	0.08976197242736816	electrum-server.ninja
256032	0.2846498489379883	0.08956265449523926	electrum-server.ninja
258048	0.2799720764160156	0.08963513374328613	electrum-server.ninja
260064	0.2786865234375	0.08930015563964844	electrum-server.ninja
262080	0.2799808979034424	0.09049057960510254	electrum-server.ninja
264096	0.28058958053588867	0.08974647521972656	electrum-server.ninja
266112	0.2795088291168213	0.08959650993347168	electrum-server.ninja
268128	0.2815887928009033	0.0898590087890625	electrum-server.ninja
270144	0.2798595428466797	0.08993840217590332	electrum-server.ninja
272160	0.27970337867736816	0.08912396430969238	electrum-server.ninja
274176	0.27906274795532227	0.08937859535217285	electrum-server.ninja
276192	0.28127026557922363	0.08958101272583008	electrum-server.ninja
278208	0.28587913513183594	0.0898275375366211	electrum-server.ninja
280224	0.28654932975769043	0.0899958610534668	electrum-server.ninja
282240	0.28196263313293457	0.08949708938598633	electrum-server.ninja
284256	0.28937458992004395	0.09037399291992188	electrum-server.ninja
286272	0.27712154388427734	0.09612441062927246	electrum-server.ninja
288288	0.2798733711242676	0.09004521369934082	electrum-server.ninja
290304	0.2800164222717285	0.08951044082641602	electrum-server.ninja
292320	0.2770578861236572	0.09013223648071289	electrum-server.ninja
294336	0.279249906539917	0.0907435417175293	electrum-server.ninja
296352	0.278820276260376	0.09133219718933105	electrum-server.ninja
298368	0.27814388275146484	0.09037065505981445	electrum-server.ninja
300384	0.27950477600097656	0.0919194221496582	electrum-server.ninja
302400	0.27999043464660645	0.0908968448638916	electrum-server.ninja
304416	0.2799375057220459	0.09040331840515137	electrum-server.ninja
306432	0.27725696563720703	0.09032249450683594	electrum-server.ninja
308448	0.2785060405731201	0.08979558944702148	electrum-server.ninja
310464	0.2790546417236328	0.09162235260009766	electrum-server.ninja
312480	0.278231143951416	0.09047961235046387	electrum-server.ninja
314496	0.27964282035827637	0.0897064208984375	electrum-server.ninja
316512	0.278961181640625	0.09009003639221191	electrum-server.ninja
318528	0.27843356132507324	0.09063076972961426	electrum-server.ninja
320544	0.27832555770874023	0.09232974052429199	electrum-server.ninja
322560	0.27877068519592285	0.09155869483947754	electrum-server.ninja
324576	0.27886247634887695	0.09064984321594238	electrum-server.ninja
326592	0.27919650077819824	0.09151077270507812	electrum-server.ninja
328608	0.2786986827850342	0.0909574031829834	electrum-server.ninja
330624	0.2786374092102051	0.09019804000854492	electrum-server.ninja
332640	0.27941083908081055	0.09123516082763672	electrum-server.ninja
334657	1.6733310222625732	0.09074044227600098	electrum-server.ninja
336672	0.5588479042053223	0.09116482734680176	electrum-server.ninja
338688	0.3124363422393799	0.09210991859436035	electrum-server.ninja
340704	0.2868025302886963	0.0909571647644043	electrum-server.ninja
342720	0.28555798530578613	0.09063887596130371	electrum-server.ninja
344736	0.2864651679992676	0.08991885185241699	electrum-server.ninja
346752	0.28322458267211914	0.09158873558044434	electrum-server.ninja
348768	0.28479480743408203	0.0907907485961914	electrum-server.ninja
350784	0.28540802001953125	0.09012246131896973	electrum-server.ninja
352800	0.2838912010192871	0.09022641181945801	electrum-server.ninja
354816	0.2852475643157959	0.09196186065673828	electrum-server.ninja
356832	0.2852647304534912	0.09169840812683105	electrum-server.ninja
358848	0.28252720832824707	0.09106135368347168	electrum-server.ninja
360864	0.28316235542297363	0.09163427352905273	electrum-server.ninja
362880	0.28520894050598145	0.09191489219665527	electrum-server.ninja
364896	0.28272581100463867	0.09144806861877441	electrum-server.ninja
366912	0.2820308208465576	0.09152817726135254	electrum-server.ninja
368928	0.2841053009033203	0.09172821044921875	electrum-server.ninja
370944	0.28374695777893066	0.09138846397399902	electrum-server.ninja
372960	0.2859776020050049	0.09186267852783203	electrum-server.ninja
374976	0.2842705249786377	0.09202742576599121	electrum-server.ninja
376992	0.2832639217376709	0.09117722511291504	electrum-server.ninja
379008	0.2845010757446289	0.09154939651489258	electrum-server.ninja
381024	0.2834494113922119	0.0913395881652832	electrum-server.ninja
383040	0.285719633102417	0.09166765213012695	electrum-server.ninja
385056	0.2854766845703125	0.09121966361999512	electrum-server.ninja
387072	0.28368401527404785	0.09105038642883301	electrum-server.ninja
389088	0.2839229106903076	0.09119033813476562	electrum-server.ninja
391104	0.2825887203216553	0.09110426902770996	electrum-server.ninja
393120	0.2863197326660156	0.09096121788024902	electrum-server.ninja
395136	0.33563661575317383	0.09064078330993652	electrum-server.ninja
397152	0.2844071388244629	0.09047651290893555	electrum-server.ninja
399168	0.28495192527770996	0.09045529365539551	electrum-server.ninja
401184	0.28592824935913086	0.09078645706176758	electrum-server.ninja
403200	0.2862527370452881	0.09052777290344238	electrum-server.ninja
405216	0.2860877513885498	0.09103035926818848	electrum-server.ninja
407232	0.28426122665405273	0.09051132202148438	electrum-server.ninja
409248	0.2848351001739502	0.09031224250793457	electrum-server.ninja
411264	0.28456616401672363	0.09067702293395996	electrum-server.ninja
413280	0.29388880729675293	0.09018230438232422	electrum-server.ninja
415296	0.28441452980041504	0.09046292304992676	electrum-server.ninja
417312	0.28557562828063965	0.0909128189086914	electrum-server.ninja
419328	0.28334712982177734	0.0898277759552002	electrum-server.ninja
421344	0.285860538482666	0.08950042724609375	electrum-server.ninja
423360	0.30458855628967285	0.09097790718078613	electrum-server.ninja
425376	0.284656286239624	0.09001851081848145	electrum-server.ninja
427392	0.2842133045196533	0.09114646911621094	electrum-server.ninja
429408	0.28681397438049316	0.09078812599182129	electrum-server.ninja
431424	0.2819995880126953	0.09159445762634277	electrum-server.ninja
433440	0.28477931022644043	0.09053182601928711	electrum-server.ninja
435456	0.28400254249572754	0.08974218368530273	electrum-server.ninja
437472	0.28297853469848633	0.09093332290649414	electrum-server.ninja
439488	0.28606247901916504	0.08946013450622559	electrum-server.ninja
441504	0.2842519283294678	0.08995556831359863	electrum-server.ninja
443520	0.2845301628112793	0.0903623104095459	electrum-server.ninja
445536	0.28457140922546387	0.08977007865905762	electrum-server.ninja
447552	0.2853407859802246	0.08861541748046875	electrum-server.ninja
449568	0.2846183776855469	0.09137535095214844	electrum-server.ninja
451584	0.3732466697692871	0.09055781364440918	electrum-server.ninja
453600	0.28506016731262207	0.09088873863220215	electrum-server.ninja
455616	0.285111665725708	0.09023308753967285	electrum-server.ninja
457632	0.2885422706604004	0.0922548770904541	electrum-server.ninja
459648	0.28226470947265625	0.0903477668762207	electrum-server.ninja
461664	0.2860453128814697	0.09032344818115234	electrum-server.ninja
463680	0.2872467041015625	0.09177350997924805	electrum-server.ninja
465696	0.29621243476867676	0.09129977226257324	electrum-server.ninja
467712	0.28290271759033203	0.09099721908569336	electrum-server.ninja
469728	0.2851235866546631	0.09055805206298828	electrum-server.ninja
471744	0.2880880832672119	0.09183168411254883	electrum-server.ninja
473760	0.2843468189239502	0.09022378921508789	electrum-server.ninja
475776	0.28707432746887207	0.09105873107910156	electrum-server.ninja
477792	0.28315186500549316	0.09118103981018066	electrum-server.ninja
479808	0.2999603748321533	0.09874820709228516	electrum-server.ninja
481824	0.28252387046813965	0.09165334701538086	electrum-server.ninja
483840	0.2845621109008789	0.09145784378051758	electrum-server.ninja
485856	0.28392553329467773	0.09218764305114746	electrum-server.ninja
487872	0.28267383575439453	0.0938413143157959	electrum-server.ninja
489888	0.28594112396240234	0.09332919120788574	electrum-server.ninja
491904	0.2830638885498047	0.09184932708740234	electrum-server.ninja
493920	0.2850198745727539	0.0929419994354248	electrum-server.ninja
495936	0.28478384017944336	0.0918118953704834	electrum-server.ninja
497952	0.2835726737976074	0.09154105186462402	electrum-server.ninja
499968	0.2836627960205078	0.0915372371673584	electrum-server.ninja
501984	0.29093456268310547	0.09165072441101074	electrum-server.ninja
504000	0.28420162200927734	0.09091019630432129	electrum-server.ninja
506016	0.2868649959564209	0.09149694442749023	electrum-server.ninja
508032	0.32576465606689453	0.09049081802368164	electrum-server.ninja
510048	0.2847437858581543	0.09079647064208984	electrum-server.ninja
512064	0.28649425506591797	0.0909879207611084	electrum-server.ninja
514080	0.28467416763305664	0.09091901779174805	electrum-server.ninja
516096	0.28395986557006836	0.09205126762390137	electrum-server.ninja
518112	0.2851724624633789	0.0927419662475586	electrum-server.ninja
520128	0.28733205795288086	0.09190607070922852	electrum-server.ninja
522144	0.28991270065307617	0.09142279624938965	electrum-server.ninja
524160	0.28418636322021484	0.09198999404907227	electrum-server.ninja
526176	0.28446197509765625	0.09089016914367676	electrum-server.ninja
528192	0.28356385231018066	0.09374046325683594	electrum-server.ninja
530208	0.2850339412689209	0.09125375747680664	electrum-server.ninja
532224	0.2859315872192383	0.09114336967468262	electrum-server.ninja
534240	0.2844207286834717	0.09143257141113281	electrum-server.ninja
536256	0.3500077724456787	0.09039759635925293	electrum-server.ninja
538272	1.3550341129302979	0.09092092514038086	electrum-server.ninja
540288	0.38112854957580566	0.09233760833740234	electrum-server.ninja
542304	0.2844400405883789	0.09151530265808105	electrum-server.ninja
544320	0.2904698848724365	0.0916433334350586	electrum-server.ninja
546336	0.2862987518310547	0.09117722511291504	electrum-server.ninja
548352	0.2869691848754883	0.09025168418884277	electrum-server.ninja
550368	0.2841978073120117	0.09241843223571777	electrum-server.ninja
552384	0.28650689125061035	0.09013509750366211	electrum-server.ninja
554400	0.28264498710632324	0.09050917625427246	electrum-server.ninja
556416	0.2832779884338379	0.09130120277404785	electrum-server.ninja
558432	0.283602237701416	0.09047389030456543	electrum-server.ninja
560448	0.28348660469055176	0.09106111526489258	electrum-server.ninja
562464	0.2852935791015625	0.09191584587097168	electrum-server.ninja
564480	0.2824721336364746	0.09080004692077637	electrum-server.ninja
566496	0.28336238861083984	0.09083890914916992	electrum-server.ninja
568512	0.28339552879333496	0.09024858474731445	electrum-server.ninja
570528	0.28335118293762207	0.09070086479187012	electrum-server.ninja
572544	0.2842593193054199	0.09021902084350586	electrum-server.ninja
574560	0.28472232818603516	0.09098172187805176	electrum-server.ninja
576576	0.28435778617858887	0.09037351608276367	electrum-server.ninja
578592	0.28583526611328125	0.09057259559631348	electrum-server.ninja
580608	0.2844705581665039	0.09032392501831055	electrum-server.ninja
582624	0.28313732147216797	0.09347224235534668	electrum-server.ninja
584640	0.2842533588409424	0.09163928031921387	electrum-server.ninja
586656	0.28416991233825684	0.09041309356689453	electrum-server.ninja
588672	0.2837057113647461	0.09005856513977051	electrum-server.ninja
590688	0.28235507011413574	0.09018182754516602	electrum-server.ninja
592704	0.3841397762298584	0.08978080749511719	electrum-server.ninja
594720	0.28438353538513184	0.09040713310241699	electrum-server.ninja
596736	0.2842216491699219	0.09091711044311523	electrum-server.ninja
598752	0.2853994369506836	0.08994150161743164	electrum-server.ninja
600768	0.29416823387145996	0.09022140502929688	electrum-server.ninja
602784	0.2834336757659912	0.08960938453674316	electrum-server.ninja
604800	0.28592562675476074	0.08962440490722656	electrum-server.ninja
606816	0.2841484546661377	0.08952713012695312	electrum-server.ninja
608832	0.284076452255249	0.08999896049499512	electrum-server.ninja
610848	0.2857332229614258	0.0915379524230957	electrum-server.ninja
612864	0.2853724956512451	0.09115076065063477	electrum-server.ninja
614880	0.28829097747802734	0.09207415580749512	electrum-server.ninja
616896	0.28374147415161133	0.10163354873657227	electrum-server.ninja
618912	0.28334689140319824	0.08991193771362305	electrum-server.ninja
620928	0.33787035942077637	0.0900576114654541	electrum-server.ninja
622944	0.2846255302429199	0.09302783012390137	electrum-server.ninja
624960	0.2861905097961426	0.0897207260131836	electrum-server.ninja
626976	0.2873499393463135	0.09053158760070801	electrum-server.ninja
628992	0.2858469486236572	0.09294581413269043	electrum-server.ninja
631008	0.28916001319885254	0.09224987030029297	electrum-server.ninja
633024	0.2842724323272705	0.09097743034362793	electrum-server.ninja
635040	0.2844831943511963	0.09005284309387207	electrum-server.ninja
637056	0.28749990463256836	0.09181761741638184	electrum-server.ninja
639072	0.28249287605285645	0.09102606773376465	electrum-server.ninja
641088	0.2823519706726074	0.09102892875671387	electrum-server.ninja
643104	0.28225135803222656	0.09121155738830566	electrum-server.ninja
645120	0.2827491760253906	0.09040117263793945	electrum-server.ninja
647136	0.2827169895172119	0.09502148628234863	electrum-server.ninja
649152	0.36257171630859375	0.0914602279663086	electrum-server.ninja
651168	0.2825183868408203	0.09456610679626465	electrum-server.ninja
653184	0.28247833251953125	0.09108567237854004	electrum-server.ninja
655200	0.2830803394317627	0.09240913391113281	electrum-server.ninja
657216	0.2804832458496094	0.0596766471862793	electrum-server.ninja
