1	1.0935823917388916	0.08566951751708984	tardis.bauerj.eu
2016	2.019771099090576	0.08737683296203613	tardis.bauerj.eu
4032	2.1501879692077637	0.08663082122802734	tardis.bauerj.eu
6048	1.9551799297332764	0.08548116683959961	tardis.bauerj.eu
8064	2.6395182609558105	0.08738851547241211	tardis.bauerj.eu
10080	1.753556251525879	0.08499550819396973	tardis.bauerj.eu
12096	2.172738790512085	0.0850830078125	tardis.bauerj.eu
14112	1.984865427017212	0.0860147476196289	tardis.bauerj.eu
16128	2.020800828933716	0.08528685569763184	tardis.bauerj.eu
18144	2.062401056289673	0.08493781089782715	tardis.bauerj.eu
20160	3.5912492275238037	0.08588719367980957	tardis.bauerj.eu
22176	2.163839101791382	0.08544111251831055	tardis.bauerj.eu
24192	2.577425718307495	0.08718228340148926	tardis.bauerj.eu
26208	2.3220348358154297	0.08589839935302734	tardis.bauerj.eu
28224	2.5054948329925537	0.08704829216003418	tardis.bauerj.eu
30240	2.499163866043091	0.08639001846313477	tardis.bauerj.eu
32256	2.7125322818756104	0.08658528327941895	tardis.bauerj.eu
34272	2.5901057720184326	0.08627867698669434	tardis.bauerj.eu
36288	2.6397149562835693	0.08728313446044922	tardis.bauerj.eu
38304	2.6615257263183594	0.08771133422851562	tardis.bauerj.eu
40320	2.7111380100250244	0.08626604080200195	tardis.bauerj.eu
42336	2.759514808654785	0.08640599250793457	tardis.bauerj.eu
44352	2.815401554107666	0.08703207969665527	tardis.bauerj.eu
46368	3.0290157794952393	0.08605289459228516	tardis.bauerj.eu
48384	3.5512466430664062	0.08710527420043945	tardis.bauerj.eu
50400	16.175867080688477	0.08603215217590332	fortress.qtornado.com
52416	3.3564465045928955	0.08553624153137207	fortress.qtornado.com
54432	3.1184113025665283	0.08603620529174805	fortress.qtornado.com
56448	3.3456382751464844	0.08522701263427734	fortress.qtornado.com
58464	3.144641160964966	0.0868380069732666	fortress.qtornado.com
60480	3.1654725074768066	0.08645176887512207	fortress.qtornado.com
62496	3.2193572521209717	0.08672285079956055	fortress.qtornado.com
64512	3.3709959983825684	0.08705639839172363	fortress.qtornado.com
66529	2.1072490215301514	0.08666849136352539	fortress.qtornado.com
68544	2.0595614910125732	0.08714962005615234	fortress.qtornado.com
70560	2.094520092010498	0.08530712127685547	fortress.qtornado.com
72576	2.1250059604644775	0.08668112754821777	fortress.qtornado.com
74592	2.1708202362060547	0.08636999130249023	fortress.qtornado.com
76608	2.190317153930664	0.0862274169921875	fortress.qtornado.com
78624	2.2242608070373535	0.08490490913391113	fortress.qtornado.com
80640	2.2514584064483643	0.08698248863220215	fortress.qtornado.com
82656	2.3001792430877686	0.08662915229797363	fortress.qtornado.com
84672	2.337100028991699	0.08624267578125	fortress.qtornado.com
86688	2.3755784034729004	0.08823204040527344	fortress.qtornado.com
88704	2.391472101211548	0.08749794960021973	fortress.qtornado.com
90720	2.5133895874023438	0.08758664131164551	fortress.qtornado.com
92736	2.5545928478240967	0.08752655982971191	fortress.qtornado.com
94752	2.5062978267669678	0.0870656967163086	fortress.qtornado.com
96768	2.5862722396850586	0.08662557601928711	fortress.qtornado.com
98784	2.5613086223602295	0.08645272254943848	fortress.qtornado.com
100800	3.1280465126037598	0.0873258113861084	fortress.qtornado.com
102816	2.623077392578125	0.08780455589294434	fortress.qtornado.com
104832	2.6617207527160645	0.0870361328125	fortress.qtornado.com
106848	2.7603821754455566	0.08852267265319824	fortress.qtornado.com
108864	2.7667768001556396	0.08617520332336426	fortress.qtornado.com
110880	3.3160197734832764	0.0864560604095459	fortress.qtornado.com
112896	2.8481767177581787	0.08924603462219238	fortress.qtornado.com
114912	2.8752949237823486	0.08871650695800781	fortress.qtornado.com
116928	3.404526472091675	0.0882711410522461	fortress.qtornado.com
118944	2.942148447036743	0.08721303939819336	fortress.qtornado.com
120960	2.9895849227905273	0.08857536315917969	fortress.qtornado.com
122976	3.034816026687622	0.0876166820526123	fortress.qtornado.com
124992	3.062340259552002	0.08953523635864258	fortress.qtornado.com
127008	3.0962088108062744	0.0874629020690918	fortress.qtornado.com
129024	3.135219097137451	0.08700895309448242	fortress.qtornado.com
131040	3.1616148948669434	0.08600139617919922	fortress.qtornado.com
133056	3.190361261367798	0.08728766441345215	fortress.qtornado.com
135072	3.264789581298828	0.08614373207092285	fortress.qtornado.com
137088	3.2836127281188965	0.08601617813110352	fortress.qtornado.com
139104	3.315422534942627	0.08722209930419922	fortress.qtornado.com
141120	3.842156410217285	0.09121370315551758	fortress.qtornado.com
143136	3.3723490238189697	0.08743429183959961	fortress.qtornado.com
145152	3.421016216278076	0.08718419075012207	fortress.qtornado.com
147168	3.485321283340454	0.08699822425842285	fortress.qtornado.com
149184	3.484431028366089	0.0861654281616211	fortress.qtornado.com
151200	3.5088229179382324	0.08647394180297852	fortress.qtornado.com
153216	3.5300257205963135	0.08719801902770996	fortress.qtornado.com
155232	4.063313722610474	0.08643746376037598	fortress.qtornado.com
157248	3.5879557132720947	0.08702993392944336	fortress.qtornado.com
159264	3.966517210006714	0.08613204956054688	fortress.qtornado.com
161280	5.235034227371216	0.08704137802124023	fortress.qtornado.com
163296	3.6805219650268555	0.08748841285705566	fortress.qtornado.com
165312	3.7184627056121826	0.08826947212219238	fortress.qtornado.com
167328	3.733398914337158	0.08773112297058105	fortress.qtornado.com
169344	3.7540102005004883	0.08742642402648926	fortress.qtornado.com
171360	3.819089412689209	0.08765888214111328	fortress.qtornado.com
173376	3.8206024169921875	0.08770012855529785	fortress.qtornado.com
175392	3.9566547870635986	0.08711791038513184	fortress.qtornado.com
177408	3.9956648349761963	0.08734369277954102	fortress.qtornado.com
179424	3.9658193588256836	0.08736348152160645	fortress.qtornado.com
181440	3.940969467163086	0.09119725227355957	fortress.qtornado.com
183456	3.9228005409240723	0.08700013160705566	fortress.qtornado.com
185472	3.9568793773651123	0.08765435218811035	fortress.qtornado.com
187488	3.9967143535614014	0.0877070426940918	fortress.qtornado.com
189504	4.081781387329102	0.08893704414367676	fortress.qtornado.com
191520	4.0545125007629395	0.14618515968322754	fortress.qtornado.com
