1	0.7634520530700684	0.08817434310913086	electrum.hodlister.co
2016	0.31313180923461914	0.08898329734802246	electrum.hodlister.co
4032	0.25284695625305176	0.08952474594116211	electrum.hodlister.co
6048	0.24540305137634277	0.08810901641845703	electrum.hodlister.co
8064	0.24264192581176758	0.08912038803100586	electrum.hodlister.co
10080	0.2411212921142578	0.09024453163146973	electrum.hodlister.co
12096	0.24059700965881348	0.08977556228637695	electrum.hodlister.co
14112	0.240159273147583	0.08905291557312012	electrum.hodlister.co
16128	0.24018001556396484	0.08865046501159668	electrum.hodlister.co
18144	0.24066829681396484	0.0901041030883789	electrum.hodlister.co
20160	0.2402029037475586	0.0889430046081543	electrum.hodlister.co
22176	0.24216032028198242	0.08771681785583496	electrum.hodlister.co
24192	0.24085736274719238	0.0885009765625	electrum.hodlister.co
26208	0.24022603034973145	0.08838820457458496	electrum.hodlister.co
28224	0.2403264045715332	0.08940243721008301	electrum.hodlister.co
30240	0.24021244049072266	0.08902978897094727	electrum.hodlister.co
32256	0.240889310836792	0.0886528491973877	electrum.hodlister.co
34272	0.24104738235473633	0.08927583694458008	electrum.hodlister.co
36288	0.24018025398254395	0.08708977699279785	electrum.hodlister.co
38304	0.24018311500549316	0.08883333206176758	electrum.hodlister.co
40320	0.24021553993225098	0.08759498596191406	electrum.hodlister.co
42336	0.2403271198272705	0.0878605842590332	electrum.hodlister.co
44352	0.23996782302856445	0.08768701553344727	electrum.hodlister.co
46368	0.24082732200622559	0.08703875541687012	electrum.hodlister.co
48384	0.24057292938232422	0.1778545379638672	electrum.hodlister.co
50400	0.24031853675842285	0.17567062377929688	electrum.hodlister.co
52416	0.24068307876586914	0.08804678916931152	electrum.hodlister.co
54432	0.24077892303466797	0.08880281448364258	electrum.hodlister.co
56448	0.24053668975830078	0.08745837211608887	electrum.hodlister.co
58464	0.24020600318908691	0.08664512634277344	electrum.hodlister.co
60480	0.24061012268066406	0.08792901039123535	electrum.hodlister.co
62496	0.24005985260009766	0.08669543266296387	electrum.hodlister.co
64512	0.49725842475891113	0.08769750595092773	electrum.hodlister.co
66528	0.2403120994567871	0.08808422088623047	electrum.hodlister.co
68544	0.24071168899536133	0.08772039413452148	electrum.hodlister.co
70560	0.24037432670593262	0.08808255195617676	electrum.hodlister.co
72576	0.24041461944580078	0.08766317367553711	electrum.hodlister.co
74592	0.24015116691589355	0.09004664421081543	electrum.hodlister.co
76608	0.2401590347290039	0.08897757530212402	electrum.hodlister.co
78624	0.2421255111694336	0.08780384063720703	electrum.hodlister.co
80640	0.24010705947875977	0.0893714427947998	electrum.hodlister.co
82656	0.24029040336608887	0.08815574645996094	electrum.hodlister.co
84672	0.24017930030822754	0.08792662620544434	electrum.hodlister.co
86688	0.24076318740844727	0.08838152885437012	electrum.hodlister.co
88704	0.24167513847351074	0.08807897567749023	electrum.hodlister.co
90720	0.24010753631591797	0.08903908729553223	electrum.hodlister.co
92736	0.24038434028625488	0.08870744705200195	electrum.hodlister.co
94752	0.24111413955688477	0.08855295181274414	electrum.hodlister.co
96768	0.24036145210266113	0.08779096603393555	electrum.hodlister.co
98784	0.24038410186767578	0.08827805519104004	electrum.hodlister.co
100800	0.24038910865783691	0.08959770202636719	electrum.hodlister.co
102816	0.2403414249420166	0.09212493896484375	electrum.hodlister.co
104832	0.24008679389953613	0.08930850028991699	electrum.hodlister.co
106848	0.24563193321228027	0.08966732025146484	electrum.hodlister.co
108864	0.24086523056030273	0.08977150917053223	electrum.hodlister.co
110880	0.24090051651000977	0.0890665054321289	electrum.hodlister.co
112896	0.24031472206115723	0.09060549736022949	electrum.hodlister.co
114912	0.24043750762939453	0.08995294570922852	electrum.hodlister.co
116928	0.24039268493652344	0.09096121788024902	electrum.hodlister.co
118944	0.24024486541748047	0.09081315994262695	electrum.hodlister.co
120960	0.24117588996887207	0.0907890796661377	electrum.hodlister.co
122976	0.24032831192016602	0.0905447006225586	electrum.hodlister.co
124992	0.2410874366760254	0.08917021751403809	electrum.hodlister.co
127008	0.24052953720092773	0.08940362930297852	electrum.hodlister.co
129024	0.2401723861694336	0.08948421478271484	electrum.hodlister.co
131040	0.24079561233520508	0.08907318115234375	electrum.hodlister.co
133056	0.24011492729187012	0.0897676944732666	electrum.hodlister.co
135072	0.2402937412261963	0.08954524993896484	electrum.hodlister.co
137088	0.2397615909576416	0.08944249153137207	electrum.hodlister.co
139104	0.24030375480651855	0.09168314933776855	electrum.hodlister.co
141120	0.24068593978881836	0.08926033973693848	electrum.hodlister.co
143136	0.24020934104919434	0.09013772010803223	electrum.hodlister.co
145152	0.2402050495147705	0.09000778198242188	electrum.hodlister.co
147168	0.24056696891784668	0.0900874137878418	electrum.hodlister.co
149184	0.24027252197265625	0.08910059928894043	electrum.hodlister.co
151200	0.24026250839233398	0.09001398086547852	electrum.hodlister.co
153216	0.24015069007873535	0.09471774101257324	electrum.hodlister.co
155232	0.24023962020874023	0.08935809135437012	electrum.hodlister.co
157248	0.24012970924377441	0.0889577865600586	electrum.hodlister.co
159264	0.24012398719787598	0.08939361572265625	electrum.hodlister.co
161280	0.24024200439453125	0.0889899730682373	electrum.hodlister.co
163296	0.23996710777282715	0.08873820304870605	electrum.hodlister.co
165312	0.24028730392456055	0.08767914772033691	electrum.hodlister.co
167328	0.2404322624206543	0.08866524696350098	electrum.hodlister.co
169344	0.24069976806640625	0.09012675285339355	electrum.hodlister.co
171360	0.24038910865783691	0.08936738967895508	electrum.hodlister.co
173376	0.2401599884033203	0.08960843086242676	electrum.hodlister.co
175392	0.24033141136169434	0.08932352066040039	electrum.hodlister.co
177408	0.24222445487976074	0.08843708038330078	electrum.hodlister.co
179424	0.24057674407958984	0.08864331245422363	electrum.hodlister.co
181440	0.24007511138916016	0.09003186225891113	electrum.hodlister.co
183456	0.24033451080322266	0.09130549430847168	electrum.hodlister.co
185472	0.2402498722076416	0.09114718437194824	electrum.hodlister.co
187488	0.24078607559204102	0.09050822257995605	electrum.hodlister.co
189504	0.24170970916748047	0.08949422836303711	electrum.hodlister.co
191520	0.24040007591247559	0.0902712345123291	electrum.hodlister.co
193536	0.24039816856384277	0.0899820327758789	electrum.hodlister.co
195552	0.2406611442565918	0.09038925170898438	electrum.hodlister.co
197568	0.242966890335083	0.08950495719909668	electrum.hodlister.co
199584	0.24088358879089355	0.08979582786560059	electrum.hodlister.co
201600	0.24099946022033691	0.08898758888244629	electrum.hodlister.co
203616	0.24019479751586914	0.09009575843811035	electrum.hodlister.co
205632	0.24039340019226074	0.08957386016845703	electrum.hodlister.co
207648	0.24000835418701172	0.08804035186767578	electrum.hodlister.co
209664	0.24245643615722656	0.08927702903747559	electrum.hodlister.co
211680	0.2408595085144043	0.09033632278442383	electrum.hodlister.co
213696	0.2407090663909912	0.08935236930847168	electrum.hodlister.co
215712	0.24030113220214844	0.08908867835998535	electrum.hodlister.co
217728	0.24018454551696777	0.08864903450012207	electrum.hodlister.co
219744	0.24021553993225098	0.08831357955932617	electrum.hodlister.co
221760	0.2403395175933838	0.08868956565856934	electrum.hodlister.co
223776	0.24055194854736328	0.09044456481933594	electrum.hodlister.co
225792	0.24021530151367188	0.09033703804016113	electrum.hodlister.co
227808	0.24019098281860352	0.08941507339477539	electrum.hodlister.co
229824	0.2407534122467041	0.08913588523864746	electrum.hodlister.co
231840	0.24013757705688477	0.08902955055236816	electrum.hodlister.co
233856	0.24091863632202148	0.08895754814147949	electrum.hodlister.co
235872	0.24014830589294434	0.08894729614257812	electrum.hodlister.co
237888	0.2410573959350586	0.08964180946350098	electrum.hodlister.co
239904	0.24073052406311035	0.08968710899353027	electrum.hodlister.co
241920	0.24257755279541016	0.09095382690429688	electrum.hodlister.co
243936	0.24027132987976074	0.09042096138000488	electrum.hodlister.co
245952	0.24008679389953613	0.09006381034851074	electrum.hodlister.co
247968	0.2401113510131836	0.09047269821166992	electrum.hodlister.co
249984	0.24061036109924316	0.09037661552429199	electrum.hodlister.co
252000	0.2406322956085205	0.09081506729125977	electrum.hodlister.co
254016	0.2404794692993164	0.09004712104797363	electrum.hodlister.co
256032	0.24040579795837402	0.09127330780029297	electrum.hodlister.co
258048	0.24234247207641602	0.08997082710266113	electrum.hodlister.co
260064	0.24016189575195312	0.08938360214233398	electrum.hodlister.co
262080	0.2406458854675293	0.0888674259185791	electrum.hodlister.co
264096	0.2401573657989502	0.09007859230041504	electrum.hodlister.co
266112	0.24030256271362305	0.08993053436279297	electrum.hodlister.co
268128	0.24016189575195312	0.08911895751953125	electrum.hodlister.co
270144	0.24010658264160156	0.08985733985900879	electrum.hodlister.co
272160	0.24022388458251953	0.08863687515258789	electrum.hodlister.co
274176	0.24288058280944824	0.09032773971557617	electrum.hodlister.co
276192	0.24044108390808105	0.0897831916809082	electrum.hodlister.co
278208	0.2401728630065918	0.09017777442932129	electrum.hodlister.co
280224	0.24067974090576172	0.09000325202941895	electrum.hodlister.co
282240	0.24010658264160156	0.09205174446105957	electrum.hodlister.co
284256	0.24075889587402344	0.09107613563537598	electrum.hodlister.co
286272	0.24023103713989258	0.09121870994567871	electrum.hodlister.co
288288	0.24061965942382812	0.09020686149597168	electrum.hodlister.co
290304	0.24065184593200684	0.09013819694519043	electrum.hodlister.co
292320	0.24059271812438965	0.0909111499786377	electrum.hodlister.co
294336	0.24028515815734863	0.09053444862365723	electrum.hodlister.co
296352	0.24029016494750977	0.0903630256652832	electrum.hodlister.co
298368	0.24089670181274414	0.09121227264404297	electrum.hodlister.co
300384	0.24050617218017578	0.09021902084350586	electrum.hodlister.co
302400	0.24007081985473633	0.09043645858764648	electrum.hodlister.co
304416	0.2402358055114746	0.09009552001953125	electrum.hodlister.co
306432	0.2402791976928711	0.08975696563720703	electrum.hodlister.co
308448	0.2402055263519287	0.08846712112426758	electrum.hodlister.co
310464	0.24018144607543945	0.08869791030883789	electrum.hodlister.co
312480	0.24068331718444824	0.08903098106384277	electrum.hodlister.co
314496	0.24010729789733887	0.08945751190185547	electrum.hodlister.co
316512	0.24010562896728516	0.08946537971496582	electrum.hodlister.co
318528	0.24032902717590332	0.09015297889709473	electrum.hodlister.co
320544	0.2402174472808838	0.08925533294677734	electrum.hodlister.co
322560	0.24002790451049805	0.09096336364746094	electrum.hodlister.co
324576	0.24015116691589355	0.09015154838562012	electrum.hodlister.co
326592	0.24017739295959473	0.08896446228027344	electrum.hodlister.co
328608	0.2402482032775879	0.08931446075439453	electrum.hodlister.co
330624	0.24005556106567383	0.08981823921203613	electrum.hodlister.co
332640	0.23986530303955078	0.09006595611572266	electrum.hodlister.co
334656	0.24016499519348145	0.09069442749023438	electrum.hodlister.co
336672	0.2402184009552002	0.08998775482177734	electrum.hodlister.co
338688	0.23964524269104004	0.08937430381774902	electrum.hodlister.co
340704	0.24070525169372559	0.09057474136352539	electrum.hodlister.co
342720	0.24008464813232422	0.09030985832214355	electrum.hodlister.co
344736	0.24032115936279297	0.08969807624816895	electrum.hodlister.co
346752	0.24069595336914062	0.09018731117248535	electrum.hodlister.co
348768	0.2402055263519287	0.09031987190246582	electrum.hodlister.co
350784	0.2401123046875	0.08912467956542969	electrum.hodlister.co
352800	0.24021697044372559	0.09013772010803223	electrum.hodlister.co
354816	0.24026966094970703	0.09121990203857422	electrum.hodlister.co
356832	0.24020791053771973	0.09026265144348145	electrum.hodlister.co
358848	0.24069952964782715	0.09076189994812012	electrum.hodlister.co
360864	0.2402195930480957	0.09023642539978027	electrum.hodlister.co
362880	0.24074435234069824	0.09113502502441406	electrum.hodlister.co
364896	0.24056291580200195	0.09201240539550781	electrum.hodlister.co
366912	0.2400531768798828	0.08991003036499023	electrum.hodlister.co
368928	0.2400529384613037	0.09004688262939453	electrum.hodlister.co
370944	0.24006891250610352	0.09020233154296875	electrum.hodlister.co
372960	0.24007153511047363	0.09005165100097656	electrum.hodlister.co
374976	0.240098237991333	0.08972835540771484	electrum.hodlister.co
376992	0.2404460906982422	0.09176349639892578	electrum.hodlister.co
379008	0.24070358276367188	0.09012889862060547	electrum.hodlister.co
381024	0.24062728881835938	0.08927178382873535	electrum.hodlister.co
383040	0.24066758155822754	0.08943033218383789	electrum.hodlister.co
385056	0.24107861518859863	0.08957672119140625	electrum.hodlister.co
387072	0.24053096771240234	0.09069228172302246	electrum.hodlister.co
389088	0.24014568328857422	0.09127688407897949	electrum.hodlister.co
391104	0.24076271057128906	0.09058380126953125	electrum.hodlister.co
393120	0.24120593070983887	0.08983230590820312	electrum.hodlister.co
395136	0.23983240127563477	0.09068107604980469	electrum.hodlister.co
397152	0.24034571647644043	0.0909123420715332	electrum.hodlister.co
399168	0.2407379150390625	0.0894618034362793	electrum.hodlister.co
401184	0.2399899959564209	0.0907583236694336	electrum.hodlister.co
403200	0.2400529384613037	0.09033727645874023	electrum.hodlister.co
405216	0.23998093605041504	0.09042882919311523	electrum.hodlister.co
407232	0.24087238311767578	0.09075021743774414	electrum.hodlister.co
409248	0.24061203002929688	0.09014320373535156	electrum.hodlister.co
411264	0.24032163619995117	0.09047341346740723	electrum.hodlister.co
413280	0.23946857452392578	0.09069490432739258	electrum.hodlister.co
415296	0.24009442329406738	0.09078788757324219	electrum.hodlister.co
417312	0.24025869369506836	0.08974385261535645	electrum.hodlister.co
419328	0.2402029037475586	0.09107470512390137	electrum.hodlister.co
421344	0.24014973640441895	0.09134149551391602	electrum.hodlister.co
423360	0.24017763137817383	0.09027552604675293	electrum.hodlister.co
425376	0.24016547203063965	0.09053325653076172	electrum.hodlister.co
427392	0.24004459381103516	0.09018540382385254	electrum.hodlister.co
429408	0.23983502388000488	0.09050989151000977	electrum.hodlister.co
431424	0.23960351943969727	0.09108543395996094	electrum.hodlister.co
433440	0.24008655548095703	0.08982706069946289	electrum.hodlister.co
435456	0.23998427391052246	0.09183812141418457	electrum.hodlister.co
437472	0.24199819564819336	0.0903933048248291	electrum.hodlister.co
439488	0.23998069763183594	0.09144115447998047	electrum.hodlister.co
441504	0.2401442527770996	0.09066629409790039	electrum.hodlister.co
443520	0.24052739143371582	0.09120488166809082	electrum.hodlister.co
445536	0.2401289939880371	0.09136295318603516	electrum.hodlister.co
447552	0.24001216888427734	0.09048104286193848	electrum.hodlister.co
449568	0.24005651473999023	0.08957529067993164	electrum.hodlister.co
451584	0.2405548095703125	0.08984494209289551	electrum.hodlister.co
453600	0.2398827075958252	0.09050607681274414	electrum.hodlister.co
455616	0.23955321311950684	0.09053587913513184	electrum.hodlister.co
457632	0.2400801181793213	0.08955216407775879	electrum.hodlister.co
459648	0.24016427993774414	0.09091806411743164	electrum.hodlister.co
461664	0.24003839492797852	0.09127378463745117	electrum.hodlister.co
463680	0.23999786376953125	0.09045934677124023	electrum.hodlister.co
465696	0.23997998237609863	0.08995509147644043	electrum.hodlister.co
467712	0.24003076553344727	0.09066152572631836	electrum.hodlister.co
469728	0.24222898483276367	0.09002184867858887	electrum.hodlister.co
471744	0.24228882789611816	0.08969926834106445	electrum.hodlister.co
473760	0.24010252952575684	0.09096837043762207	electrum.hodlister.co
475776	0.24014019966125488	0.09048008918762207	electrum.hodlister.co
477792	0.2400801181793213	0.09082818031311035	electrum.hodlister.co
479808	0.24022507667541504	0.09110260009765625	electrum.hodlister.co
481824	0.2406449317932129	0.09053492546081543	electrum.hodlister.co
483840	0.24009490013122559	0.09040546417236328	electrum.hodlister.co
485856	0.24022364616394043	0.0913093090057373	electrum.hodlister.co
487872	0.23999595642089844	0.09210324287414551	electrum.hodlister.co
489888	0.2401137351989746	0.09168529510498047	electrum.hodlister.co
491904	0.24010443687438965	0.09254169464111328	electrum.hodlister.co
493920	0.24028372764587402	0.09138846397399902	electrum.hodlister.co
495936	0.24025583267211914	0.09180378913879395	electrum.hodlister.co
497952	0.24012017250061035	0.09223699569702148	electrum.hodlister.co
499968	0.24053621292114258	0.09267663955688477	electrum.hodlister.co
501984	0.2400832176208496	0.09276413917541504	electrum.hodlister.co
504000	0.24205255508422852	0.09217953681945801	electrum.hodlister.co
506016	0.2399442195892334	0.0917961597442627	electrum.hodlister.co
508032	0.24004054069519043	0.09113359451293945	electrum.hodlister.co
510048	0.24004912376403809	0.09151291847229004	electrum.hodlister.co
512064	0.2400341033935547	0.09219694137573242	electrum.hodlister.co
514080	0.24034452438354492	0.09188032150268555	electrum.hodlister.co
516096	0.24062395095825195	0.09149336814880371	electrum.hodlister.co
518112	0.24045586585998535	0.09204745292663574	electrum.hodlister.co
520128	0.24102139472961426	0.09206151962280273	electrum.hodlister.co
522144	0.24024558067321777	0.09100508689880371	electrum.hodlister.co
524160	0.24024605751037598	0.09093928337097168	electrum.hodlister.co
526176	0.2401108741760254	0.09199714660644531	electrum.hodlister.co
528192	0.24001574516296387	0.09184479713439941	electrum.hodlister.co
530208	0.24016523361206055	0.09148168563842773	electrum.hodlister.co
532224	0.24018621444702148	0.09041857719421387	electrum.hodlister.co
534240	0.24228644371032715	0.09096932411193848	electrum.hodlister.co
536256	0.24225425720214844	0.09173297882080078	electrum.hodlister.co
538272	0.24107861518859863	0.09232139587402344	electrum.hodlister.co
540288	0.24031424522399902	0.09146285057067871	electrum.hodlister.co
542304	0.24055814743041992	0.09145641326904297	electrum.hodlister.co
544320	0.24011659622192383	0.09425520896911621	electrum.hodlister.co
546336	0.24060463905334473	0.0902719497680664	electrum.hodlister.co
548352	0.24000167846679688	0.16643881797790527	electrum.hodlister.co
550368	0.24056720733642578	0.1678626537322998	electrum.hodlister.co
552384	0.24024200439453125	0.08977627754211426	electrum.hodlister.co
554400	0.2407386302947998	0.08986592292785645	electrum.hodlister.co
556416	0.24010920524597168	0.09048581123352051	electrum.hodlister.co
558432	0.23989391326904297	0.08928203582763672	electrum.hodlister.co
560448	0.23984336853027344	0.09069681167602539	electrum.hodlister.co
562464	0.23995327949523926	0.09012842178344727	electrum.hodlister.co
564480	0.2402660846710205	0.08870768547058105	electrum.hodlister.co
566496	0.24263620376586914	0.0895230770111084	electrum.hodlister.co
568512	0.2403244972229004	0.08879756927490234	electrum.hodlister.co
570528	0.24074888229370117	0.08997225761413574	electrum.hodlister.co
572544	0.24013566970825195	0.08908963203430176	electrum.hodlister.co
574560	0.24104094505310059	0.0902099609375	electrum.hodlister.co
576576	0.2403721809387207	0.08969736099243164	electrum.hodlister.co
578592	0.24527931213378906	0.08970427513122559	electrum.hodlister.co
580608	0.24067473411560059	0.09085917472839355	electrum.hodlister.co
582624	0.24054980278015137	0.09162163734436035	electrum.hodlister.co
584640	0.24061894416809082	0.09102368354797363	electrum.hodlister.co
586656	0.2408618927001953	0.09100127220153809	electrum.hodlister.co
588672	0.24087977409362793	0.09105706214904785	electrum.hodlister.co
590688	0.24011540412902832	0.09079813957214355	electrum.hodlister.co
592704	0.24119281768798828	0.08975863456726074	electrum.hodlister.co
594720	0.24016451835632324	0.09110569953918457	electrum.hodlister.co
596736	0.24033570289611816	0.0906212329864502	electrum.hodlister.co
598752	0.24206757545471191	0.09095430374145508	electrum.hodlister.co
600768	0.23992919921875	0.08963179588317871	electrum.hodlister.co
602784	0.2404015064239502	0.09066534042358398	electrum.hodlister.co
604800	0.24002480506896973	0.0905146598815918	electrum.hodlister.co
606816	0.24024224281311035	0.08985757827758789	electrum.hodlister.co
608832	0.2404613494873047	0.09059906005859375	electrum.hodlister.co
610848	0.23993659019470215	0.09026384353637695	electrum.hodlister.co
612864	0.24018073081970215	0.09030747413635254	electrum.hodlister.co
614880	0.2401256561279297	0.09129095077514648	electrum.hodlister.co
616896	0.23995089530944824	0.08986973762512207	electrum.hodlister.co
618912	0.24040865898132324	0.09008932113647461	electrum.hodlister.co
620928	0.2406306266784668	0.09038686752319336	electrum.hodlister.co
622944	0.2399272918701172	0.09087729454040527	electrum.hodlister.co
624960	0.2401103973388672	0.09281396865844727	electrum.hodlister.co
626976	0.24050593376159668	0.09075927734375	electrum.hodlister.co
628992	0.2399439811706543	0.09052658081054688	electrum.hodlister.co
631008	0.24057245254516602	0.09079718589782715	electrum.hodlister.co
633024	0.24210548400878906	0.09076690673828125	electrum.hodlister.co
635040	0.24209809303283691	0.09039092063903809	electrum.hodlister.co
637056	0.2405412197113037	0.09073877334594727	electrum.hodlister.co
639072	0.23987936973571777	0.09057044982910156	electrum.hodlister.co
641088	0.24003958702087402	0.09037995338439941	electrum.hodlister.co
643104	0.24006295204162598	0.09006690979003906	electrum.hodlister.co
645120	0.24001860618591309	0.09080243110656738	electrum.hodlister.co
647136	0.24119210243225098	0.09081172943115234	electrum.hodlister.co
649152	0.24022746086120605	0.09029722213745117	electrum.hodlister.co
651168	0.24002695083618164	0.09029865264892578	electrum.hodlister.co
653184	0.23994183540344238	0.0918436050415039	electrum.hodlister.co
655200	0.24011969566345215	0.09067583084106445	electrum.hodlister.co
657216	0.21367263793945312	0.05860543251037598	electrum.hodlister.co
