1	1.5876636505126953	0.08646082878112793	81-7-10-251.blue.kundencontroller.de
2016	0.7185418605804443	0.08687949180603027	81-7-10-251.blue.kundencontroller.de
4032	0.3139915466308594	0.08618402481079102	81-7-10-251.blue.kundencontroller.de
6048	0.29590296745300293	0.0850529670715332	81-7-10-251.blue.kundencontroller.de
8064	0.29938697814941406	0.08541750907897949	81-7-10-251.blue.kundencontroller.de
10080	0.32356953620910645	0.0852210521697998	81-7-10-251.blue.kundencontroller.de
12096	0.31447386741638184	0.08530879020690918	81-7-10-251.blue.kundencontroller.de
14112	0.2981712818145752	0.0844578742980957	81-7-10-251.blue.kundencontroller.de
16128	0.37208104133605957	0.08554244041442871	81-7-10-251.blue.kundencontroller.de
18144	0.2937014102935791	0.08433961868286133	81-7-10-251.blue.kundencontroller.de
20160	0.3615086078643799	0.08477067947387695	81-7-10-251.blue.kundencontroller.de
22176	0.5182907581329346	0.08531951904296875	81-7-10-251.blue.kundencontroller.de
24192	0.4845108985900879	0.17033004760742188	81-7-10-251.blue.kundencontroller.de
26208	0.5275301933288574	0.08688020706176758	81-7-10-251.blue.kundencontroller.de
28224	2.8123960494995117	0.08553552627563477	81-7-10-251.blue.kundencontroller.de
30240	0.7287392616271973	0.08581089973449707	81-7-10-251.blue.kundencontroller.de
32256	0.8382470607757568	0.08583378791809082	81-7-10-251.blue.kundencontroller.de
34272	0.8325552940368652	0.0858306884765625	81-7-10-251.blue.kundencontroller.de
36288	0.9159460067749023	0.08549785614013672	81-7-10-251.blue.kundencontroller.de
38304	0.8402137756347656	0.0866396427154541	81-7-10-251.blue.kundencontroller.de
40320	0.870250940322876	0.08592820167541504	81-7-10-251.blue.kundencontroller.de
42336	3.028014659881592	0.08604264259338379	81-7-10-251.blue.kundencontroller.de
44352	0.9303996562957764	0.08568382263183594	81-7-10-251.blue.kundencontroller.de
46368	0.9935662746429443	0.08500075340270996	81-7-10-251.blue.kundencontroller.de
48384	0.9898321628570557	0.08627581596374512	81-7-10-251.blue.kundencontroller.de
50400	1.0880484580993652	0.0861351490020752	81-7-10-251.blue.kundencontroller.de
52416	1.4977474212646484	0.08574819564819336	81-7-10-251.blue.kundencontroller.de
54432	1.4507660865783691	0.08533501625061035	81-7-10-251.blue.kundencontroller.de
56448	1.780792236328125	0.08521270751953125	81-7-10-251.blue.kundencontroller.de
58464	1.4324133396148682	0.08627486228942871	81-7-10-251.blue.kundencontroller.de
60480	1.518211841583252	0.08575057983398438	81-7-10-251.blue.kundencontroller.de
62496	1.670966386795044	0.08551764488220215	81-7-10-251.blue.kundencontroller.de
64512	1.488173246383667	0.08477234840393066	81-7-10-251.blue.kundencontroller.de
66528	1.5137765407562256	0.08630061149597168	81-7-10-251.blue.kundencontroller.de
68544	16.343875885009766	0.08655714988708496	81-7-10-251.blue.kundencontroller.de
70560	13.934514999389648	0.08522748947143555	81-7-10-251.blue.kundencontroller.de
72576	4.423719644546509	0.08675479888916016	81-7-10-251.blue.kundencontroller.de
74592	1.623535394668579	0.08787226676940918	81-7-10-251.blue.kundencontroller.de
76608	1.7436254024505615	0.08679533004760742	81-7-10-251.blue.kundencontroller.de
78624	1.6775355339050293	0.08499526977539062	81-7-10-251.blue.kundencontroller.de
80640	1.70870041847229	0.08590412139892578	81-7-10-251.blue.kundencontroller.de
82656	1.8281071186065674	0.08620214462280273	81-7-10-251.blue.kundencontroller.de
84672	1.8577508926391602	0.08677053451538086	81-7-10-251.blue.kundencontroller.de
86688	1.9401226043701172	0.0861959457397461	81-7-10-251.blue.kundencontroller.de
88704	1.8231337070465088	0.0863792896270752	81-7-10-251.blue.kundencontroller.de
90720	1.848487377166748	0.08489584922790527	81-7-10-251.blue.kundencontroller.de
92736	1.9392282962799072	0.0867917537689209	81-7-10-251.blue.kundencontroller.de
94752	2.241450309753418	0.08621907234191895	81-7-10-251.blue.kundencontroller.de
96768	2.2025842666625977	0.0855875015258789	81-7-10-251.blue.kundencontroller.de
98784	2.3180761337280273	0.08595037460327148	81-7-10-251.blue.kundencontroller.de
100800	2.5165963172912598	0.08668947219848633	81-7-10-251.blue.kundencontroller.de
102816	2.3945226669311523	0.08742380142211914	81-7-10-251.blue.kundencontroller.de
104832	2.3714332580566406	0.08631420135498047	81-7-10-251.blue.kundencontroller.de
106848	2.399355411529541	0.08710622787475586	81-7-10-251.blue.kundencontroller.de
108864	2.4671077728271484	0.08520174026489258	81-7-10-251.blue.kundencontroller.de
110880	2.6858270168304443	0.08618664741516113	81-7-10-251.blue.kundencontroller.de
112896	3.5769028663635254	0.08859467506408691	81-7-10-251.blue.kundencontroller.de
114912	3.372687578201294	0.08765602111816406	81-7-10-251.blue.kundencontroller.de
116928	9.114810943603516	0.08846592903137207	81-7-10-251.blue.kundencontroller.de
118944	14.947850942611694	0.08797192573547363	81-7-10-251.blue.kundencontroller.de
120960	11.82621693611145	0.08641386032104492	81-7-10-251.blue.kundencontroller.de
122976	8.071582317352295	0.08775568008422852	81-7-10-251.blue.kundencontroller.de
124992	4.794387102127075	0.08877110481262207	81-7-10-251.blue.kundencontroller.de
127008	2.6224348545074463	0.08935236930847168	81-7-10-251.blue.kundencontroller.de
129024	2.8007144927978516	0.08602571487426758	81-7-10-251.blue.kundencontroller.de
131040	2.946941614151001	0.08561491966247559	81-7-10-251.blue.kundencontroller.de
133056	2.9905030727386475	0.08551764488220215	81-7-10-251.blue.kundencontroller.de
135072	3.0065219402313232	0.0877840518951416	81-7-10-251.blue.kundencontroller.de
137088	3.1633079051971436	0.08793234825134277	81-7-10-251.blue.kundencontroller.de
139104	3.0736007690429688	0.08786988258361816	81-7-10-251.blue.kundencontroller.de
141120	3.090280055999756	0.08620834350585938	81-7-10-251.blue.kundencontroller.de
143136	3.1382741928100586	0.08706784248352051	81-7-10-251.blue.kundencontroller.de
145152	3.206000566482544	0.08718204498291016	81-7-10-251.blue.kundencontroller.de
147168	3.1763689517974854	0.08702826499938965	81-7-10-251.blue.kundencontroller.de
149184	3.202946424484253	0.08739972114562988	81-7-10-251.blue.kundencontroller.de
151200	3.557938814163208	0.08707284927368164	81-7-10-251.blue.kundencontroller.de
153216	3.316904306411743	0.08794999122619629	81-7-10-251.blue.kundencontroller.de
155232	3.291918992996216	0.0875086784362793	81-7-10-251.blue.kundencontroller.de
157248	3.31742525100708	0.08893227577209473	81-7-10-251.blue.kundencontroller.de
159264	3.345877170562744	0.08992266654968262	81-7-10-251.blue.kundencontroller.de
161280	3.368762493133545	0.08663654327392578	81-7-10-251.blue.kundencontroller.de
163296	3.4273808002471924	0.08701086044311523	81-7-10-251.blue.kundencontroller.de
165312	3.476133346557617	0.0866396427154541	81-7-10-251.blue.kundencontroller.de
167328	3.458763360977173	0.08707666397094727	81-7-10-251.blue.kundencontroller.de
169344	3.695435047149658	0.08758926391601562	81-7-10-251.blue.kundencontroller.de
171360	3.5095858573913574	0.08728718757629395	81-7-10-251.blue.kundencontroller.de
173376	7.023763179779053	0.08724546432495117	81-7-10-251.blue.kundencontroller.de
175392	3.5713982582092285	0.08720827102661133	81-7-10-251.blue.kundencontroller.de
177408	3.598104238510132	0.0870063304901123	81-7-10-251.blue.kundencontroller.de
179424	3.6265170574188232	0.0878763198852539	81-7-10-251.blue.kundencontroller.de
181440	3.6536712646484375	0.08707165718078613	81-7-10-251.blue.kundencontroller.de
183456	4.171615123748779	0.08673524856567383	81-7-10-251.blue.kundencontroller.de
185472	3.787764072418213	0.08766841888427734	81-7-10-251.blue.kundencontroller.de
187488	3.7416772842407227	0.08724522590637207	81-7-10-251.blue.kundencontroller.de
189504	3.7659873962402344	0.09215688705444336	81-7-10-251.blue.kundencontroller.de
191520	3.795590400695801	0.0860755443572998	81-7-10-251.blue.kundencontroller.de
193536	3.9108622074127197	0.0866236686706543	81-7-10-251.blue.kundencontroller.de
195552	3.8551461696624756	0.0869903564453125	81-7-10-251.blue.kundencontroller.de
197569	3.9256441593170166	0.08642768859863281	electrum.bitkoins.nl
199584	3.711968421936035	0.08851766586303711	electrum.bitkoins.nl
