1	2.0752711296081543	0.0868532657623291	ndnd.selfhost.eu
2016	3.5463030338287354	0.0872650146484375	ndnd.selfhost.eu
4032	3.576087713241577	0.08721637725830078	ndnd.selfhost.eu
6048	3.612255096435547	0.08713746070861816	ndnd.selfhost.eu
8064	3.648771047592163	0.08753490447998047	ndnd.selfhost.eu
10080	3.6948156356811523	0.08743572235107422	ndnd.selfhost.eu
12096	3.7204248905181885	0.08697795867919922	ndnd.selfhost.eu
14112	3.7735788822174072	0.08724188804626465	ndnd.selfhost.eu
16128	3.8055310249328613	0.08857274055480957	electrumx.erbium.eu
18144	3.82087779045105	0.08615875244140625	electrumx.erbium.eu
20160	3.8711156845092773	0.08671927452087402	electrumx.erbium.eu
22176	3.9463083744049072	0.08690810203552246	electrumx.erbium.eu
24192	3.942544460296631	0.08728742599487305	electrumx.erbium.eu
26208	3.9802262783050537	0.0870370864868164	electrumx.erbium.eu
28224	4.01971697807312	0.08796930313110352	electrumx.erbium.eu
30240	4.053025484085083	0.0877077579498291	electrumx.erbium.eu
32256	7.93238091468811	0.08823466300964355	electrumx.erbium.eu
34272	4.139318466186523	0.08914566040039062	electrumx.erbium.eu
36288	4.176918983459473	0.08746147155761719	electrumx.erbium.eu
38304	4.213120698928833	0.08837723731994629	electrumx.erbium.eu
40320	4.250082015991211	0.08748126029968262	electrumx.erbium.eu
42336	4.2863664627075195	0.08806490898132324	electrumx.erbium.eu
44352	4.816511631011963	0.08764243125915527	electrumx.erbium.eu
46368	3.619553327560425	0.08829069137573242	electrumx.erbium.eu
48384	3.449284315109253	0.08703136444091797	electrumx.erbium.eu
50401	1.3714714050292969	0.08775043487548828	ex01.axalgo.com
52416	0.5850768089294434	0.08716368675231934	ex01.axalgo.com
54432	0.37165021896362305	0.08728218078613281	ex01.axalgo.com
56448	0.35953736305236816	0.08707690238952637	ex01.axalgo.com
58464	0.36478376388549805	0.08780765533447266	ex01.axalgo.com
60480	0.3630814552307129	0.08708739280700684	ex01.axalgo.com
62496	0.35283660888671875	0.0870358943939209	ex01.axalgo.com
64512	0.3494699001312256	0.08731389045715332	ex01.axalgo.com
66528	0.35158467292785645	0.0878133773803711	ex01.axalgo.com
68544	0.34902334213256836	0.08733057975769043	ex01.axalgo.com
70560	0.3505513668060303	0.08781814575195312	ex01.axalgo.com
72576	0.353024959564209	0.08809494972229004	ex01.axalgo.com
74592	0.473919153213501	0.08913803100585938	ex01.axalgo.com
76608	0.34667038917541504	0.08601069450378418	ex01.axalgo.com
78625	1.961672067642212	0.08781552314758301	ex01.axalgo.com
80640	0.6608002185821533	0.0869898796081543	ex01.axalgo.com
82656	0.336484432220459	0.08894038200378418	ex01.axalgo.com
84672	0.34153008460998535	0.08829426765441895	ex01.axalgo.com
86688	0.34270167350769043	0.09008479118347168	ex01.axalgo.com
88704	0.36374449729919434	0.08872103691101074	ex01.axalgo.com
90720	0.4253528118133545	0.08857202529907227	ex01.axalgo.com
92736	0.34081006050109863	0.08919715881347656	ex01.axalgo.com
94752	0.34194207191467285	0.08960580825805664	ex01.axalgo.com
96768	0.3390212059020996	0.08878326416015625	ex01.axalgo.com
98784	0.3568403720855713	0.08852720260620117	ex01.axalgo.com
100800	0.3695814609527588	0.0888979434967041	ex01.axalgo.com
102816	0.34696340560913086	0.0884251594543457	ex01.axalgo.com
104832	0.668370246887207	0.0886223316192627	ex01.axalgo.com
106848	0.3395671844482422	0.08871006965637207	ex01.axalgo.com
108864	0.346538782119751	0.08768463134765625	ex01.axalgo.com
110880	0.3436617851257324	0.08773517608642578	ex01.axalgo.com
112896	2.0625123977661133	0.09080743789672852	ex01.axalgo.com
114912	0.6841945648193359	0.0882728099822998	ex01.axalgo.com
116928	0.7041692733764648	0.08907055854797363	ex01.axalgo.com
118944	0.6622025966644287	0.09321784973144531	ex01.axalgo.com
120960	0.6636755466461182	0.08942198753356934	ex01.axalgo.com
122976	0.6782248020172119	0.08831381797790527	ex01.axalgo.com
124992	0.6575913429260254	0.0895535945892334	ex01.axalgo.com
127008	0.6646115779876709	0.08938241004943848	ex01.axalgo.com
129024	0.6665968894958496	0.0885930061340332	ex01.axalgo.com
131040	0.9838013648986816	0.08833885192871094	ex01.axalgo.com
133056	0.3510856628417969	0.08831548690795898	ex01.axalgo.com
135072	0.34468913078308105	0.0883185863494873	ex01.axalgo.com
137088	0.70650315284729	0.08780646324157715	ex01.axalgo.com
139104	0.6567165851593018	0.08865499496459961	ex01.axalgo.com
141120	0.6597607135772705	0.08917093276977539	ex01.axalgo.com
143136	0.6655192375183105	0.08777356147766113	ex01.axalgo.com
145152	0.6620094776153564	0.08826470375061035	ex01.axalgo.com
147168	0.657163143157959	0.08823394775390625	ex01.axalgo.com
149184	0.6674141883850098	0.08776378631591797	ex01.axalgo.com
151200	0.3416266441345215	0.08838486671447754	ex01.axalgo.com
153216	0.34380602836608887	0.08949804306030273	ex01.axalgo.com
155232	0.6599769592285156	0.08868670463562012	ex01.axalgo.com
157248	0.7378079891204834	0.08862686157226562	ex01.axalgo.com
159264	0.6632988452911377	0.08854293823242188	ex01.axalgo.com
161280	0.6626918315887451	0.08884620666503906	ex01.axalgo.com
163296	0.66697096824646	0.08818268775939941	ex01.axalgo.com
165312	0.6621990203857422	0.08914875984191895	ex01.axalgo.com
167328	0.6631202697753906	0.08822751045227051	ex01.axalgo.com
169344	0.6784040927886963	0.08805394172668457	ex01.axalgo.com
171360	0.6587882041931152	0.08811211585998535	ex01.axalgo.com
173376	0.6633646488189697	0.08921313285827637	ex01.axalgo.com
175392	0.34654808044433594	0.08871936798095703	ex01.axalgo.com
177408	0.3774404525756836	0.08855485916137695	ex01.axalgo.com
179424	0.3409993648529053	0.08914518356323242	ex01.axalgo.com
181440	0.3625807762145996	0.0887746810913086	ex01.axalgo.com
183456	0.6813352108001709	0.0901491641998291	ex01.axalgo.com
185472	0.3402078151702881	0.08940410614013672	ex01.axalgo.com
187488	0.35546183586120605	0.08843493461608887	ex01.axalgo.com
189504	0.6631166934967041	0.08825302124023438	ex01.axalgo.com
191520	0.4221940040588379	0.08815145492553711	ex01.axalgo.com
193536	0.35413193702697754	0.08855628967285156	ex01.axalgo.com
195552	0.35823893547058105	0.08840680122375488	ex01.axalgo.com
197568	0.6673285961151123	0.08854985237121582	ex01.axalgo.com
199584	0.6613459587097168	0.08958554267883301	ex01.axalgo.com
201600	0.6671955585479736	0.0882875919342041	ex01.axalgo.com
203617	1.2981035709381104	0.08756852149963379	ex01.axalgo.com
205632	0.7054288387298584	0.08943605422973633	ex01.axalgo.com
207648	0.5822322368621826	0.08857131004333496	ex01.axalgo.com
209664	0.23392295837402344	0.08912277221679688	ex01.axalgo.com
211680	2.9818801879882812	0.08871769905090332	ex01.axalgo.com
213696	0.6079647541046143	0.0895223617553711	ex01.axalgo.com
215712	0.3152329921722412	0.08967876434326172	ex01.axalgo.com
217728	0.3624136447906494	0.08949446678161621	ex01.axalgo.com
219744	0.3824620246887207	0.08868980407714844	ex01.axalgo.com
221760	0.4143221378326416	0.08888602256774902	ex01.axalgo.com
223776	0.44202351570129395	0.08961153030395508	ex01.axalgo.com
225792	0.4718296527862549	0.08989500999450684	ex01.axalgo.com
227808	0.5111973285675049	0.08915090560913086	ex01.axalgo.com
229824	0.7517917156219482	0.0876157283782959	ex01.axalgo.com
231840	0.5652251243591309	0.08795881271362305	ex01.axalgo.com
233856	0.5893650054931641	0.08863544464111328	ex01.axalgo.com
235872	0.6235902309417725	0.08798694610595703	ex01.axalgo.com
237888	0.6511819362640381	0.08953642845153809	ex01.axalgo.com
239904	0.6772232055664062	0.08926057815551758	ex01.axalgo.com
241920	0.715904712677002	0.08859395980834961	ex01.axalgo.com
243936	0.7378818988800049	0.09047222137451172	ex01.axalgo.com
245952	0.9246022701263428	0.08906435966491699	ex01.axalgo.com
247968	1.1890873908996582	0.09033846855163574	ex01.axalgo.com
249984	1.043431282043457	0.08864235877990723	ex01.axalgo.com
252000	1.05720853805542	0.08918046951293945	ex01.axalgo.com
254016	1.195507526397705	0.09002399444580078	ex01.axalgo.com
256032	1.1967535018920898	0.08996105194091797	ex01.axalgo.com
258048	1.2581887245178223	0.09090948104858398	ex01.axalgo.com
260064	1.28316068649292	0.08977556228637695	ex01.axalgo.com
262080	1.3195178508758545	0.08846259117126465	ex01.axalgo.com
264096	1.3289248943328857	0.08888602256774902	ex01.axalgo.com
266112	1.4090399742126465	0.08801817893981934	ex01.axalgo.com
268128	1.557298183441162	0.08893132209777832	ex01.axalgo.com
270144	1.4793448448181152	0.08933210372924805	ex01.axalgo.com
272160	1.5171077251434326	0.08795642852783203	ex01.axalgo.com
274176	1.525146722793579	0.08958268165588379	ex01.axalgo.com
276192	1.580381155014038	0.08852505683898926	ex01.axalgo.com
278208	1.6084332466125488	0.08905291557312012	ex01.axalgo.com
280224	1.5945589542388916	0.0884408950805664	ex01.axalgo.com
282240	1.6223456859588623	0.0890665054321289	ex01.axalgo.com
284256	2.0101687908172607	0.08875823020935059	ex01.axalgo.com
286272	1.8270721435546875	0.08822822570800781	ex01.axalgo.com
288288	1.8505291938781738	0.08898210525512695	ex01.axalgo.com
290304	2.0656819343566895	0.08889269828796387	ex01.axalgo.com
292320	1.943011999130249	0.08974027633666992	ex01.axalgo.com
294336	2.156001091003418	0.09004569053649902	ex01.axalgo.com
296352	2.162445545196533	0.08990669250488281	ex01.axalgo.com
298368	2.194096326828003	0.08950424194335938	ex01.axalgo.com
300384	2.226013422012329	0.08948040008544922	ex01.axalgo.com
302400	2.3054428100585938	0.08916735649108887	ex01.axalgo.com
304416	2.334794044494629	0.08950424194335938	ex01.axalgo.com
306432	2.3623716831207275	0.09057307243347168	ex01.axalgo.com
308448	2.536278486251831	0.090728759765625	ex01.axalgo.com
310464	2.4419338703155518	0.0904088020324707	ex01.axalgo.com
312480	2.47169828414917	0.09038376808166504	ex01.axalgo.com
314496	2.511248826980591	0.08953022956848145	ex01.axalgo.com
316512	2.6665799617767334	0.09028792381286621	ex01.axalgo.com
318528	2.5594797134399414	0.0895988941192627	ex01.axalgo.com
320544	2.697150468826294	0.08883285522460938	ex01.axalgo.com
322560	2.8702242374420166	0.08967471122741699	ex01.axalgo.com
324576	4.5142223834991455	0.0899355411529541	ex01.axalgo.com
326592	2.670781135559082	0.08974075317382812	ex01.axalgo.com
328608	2.862959384918213	0.09035801887512207	ex01.axalgo.com
330624	2.731060743331909	0.09029078483581543	ex01.axalgo.com
332640	2.954103946685791	0.09023451805114746	ex01.axalgo.com
334656	2.856753349304199	0.09016656875610352	ex01.axalgo.com
336672	2.8247437477111816	0.09061622619628906	ex01.axalgo.com
338688	2.8403878211975098	0.08884239196777344	ex01.axalgo.com
340704	2.8703243732452393	0.09004664421081543	ex01.axalgo.com
342720	2.9408106803894043	0.09026837348937988	ex01.axalgo.com
344736	2.9275522232055664	0.08885073661804199	ex01.axalgo.com
346752	2.961108446121216	0.0880587100982666	ex01.axalgo.com
348768	6.2750914096832275	0.09062552452087402	ex01.axalgo.com
350784	3.119009017944336	0.0898747444152832	ex01.axalgo.com
352800	3.045746326446533	0.08956146240234375	ex01.axalgo.com
354816	3.1226491928100586	0.09016561508178711	ex01.axalgo.com
356832	3.1337203979492188	0.09030508995056152	ex01.axalgo.com
358848	3.132481813430786	0.08979344367980957	ex01.axalgo.com
360864	3.1549954414367676	0.182966947555542	ex01.axalgo.com
