1	0.9488115310668945	0.08591198921203613	VPS.hsmiths.com
2016	0.324307918548584	0.08763313293457031	VPS.hsmiths.com
4032	0.3216888904571533	0.0871124267578125	VPS.hsmiths.com
6048	0.32187938690185547	0.08724713325500488	VPS.hsmiths.com
8064	0.32134270668029785	0.09066367149353027	VPS.hsmiths.com
10080	0.3216395378112793	0.0883023738861084	VPS.hsmiths.com
12096	0.32263803482055664	0.08566498756408691	VPS.hsmiths.com
14112	0.3233654499053955	0.08702540397644043	VPS.hsmiths.com
16128	0.47689056396484375	0.08615779876708984	VPS.hsmiths.com
18144	0.32271575927734375	0.08659815788269043	VPS.hsmiths.com
20160	0.4782423973083496	0.08651566505432129	VPS.hsmiths.com
22176	0.32272934913635254	0.08693408966064453	VPS.hsmiths.com
24192	0.3219435214996338	0.08717036247253418	VPS.hsmiths.com
26208	0.32149600982666016	0.08636689186096191	VPS.hsmiths.com
28224	0.32456040382385254	0.08848285675048828	VPS.hsmiths.com
30240	0.3252685070037842	0.0868375301361084	VPS.hsmiths.com
32256	0.3250150680541992	0.08772039413452148	VPS.hsmiths.com
34272	0.322420597076416	0.08948874473571777	VPS.hsmiths.com
36288	0.3220806121826172	0.17773652076721191	VPS.hsmiths.com
38304	0.32125115394592285	0.08722877502441406	VPS.hsmiths.com
40320	0.3212392330169678	0.08792710304260254	VPS.hsmiths.com
42336	0.3222038745880127	0.08574938774108887	VPS.hsmiths.com
44352	0.32149767875671387	0.08555340766906738	VPS.hsmiths.com
46368	0.32077860832214355	0.08658885955810547	VPS.hsmiths.com
48384	0.3231775760650635	0.08626055717468262	VPS.hsmiths.com
50400	0.32282400131225586	0.08714151382446289	VPS.hsmiths.com
52416	0.3238799571990967	0.08595895767211914	VPS.hsmiths.com
54432	0.321530818939209	0.08588314056396484	VPS.hsmiths.com
56448	0.32353830337524414	0.08586001396179199	VPS.hsmiths.com
58464	0.32228875160217285	0.08541631698608398	VPS.hsmiths.com
60480	0.3229858875274658	0.08688616752624512	VPS.hsmiths.com
62496	0.32257509231567383	0.08585810661315918	VPS.hsmiths.com
64512	0.32154226303100586	0.0852663516998291	VPS.hsmiths.com
66528	0.3213505744934082	0.08631420135498047	VPS.hsmiths.com
68544	0.3211979866027832	0.08644556999206543	VPS.hsmiths.com
70560	0.32204771041870117	0.08674883842468262	VPS.hsmiths.com
72576	0.323594331741333	0.08629488945007324	VPS.hsmiths.com
74592	0.3224599361419678	0.08751940727233887	VPS.hsmiths.com
76608	0.32175588607788086	0.08681511878967285	VPS.hsmiths.com
78624	0.4766695499420166	0.08689141273498535	VPS.hsmiths.com
80640	0.4787778854370117	0.08601832389831543	VPS.hsmiths.com
82656	0.47678327560424805	0.0860898494720459	VPS.hsmiths.com
84672	0.4761056900024414	0.08565163612365723	VPS.hsmiths.com
86688	0.3218555450439453	0.08658313751220703	VPS.hsmiths.com
88704	0.3225376605987549	0.08640909194946289	VPS.hsmiths.com
90720	0.3222537040710449	0.08677458763122559	VPS.hsmiths.com
92736	0.32179951667785645	0.08610391616821289	VPS.hsmiths.com
94752	0.3209493160247803	0.08596420288085938	VPS.hsmiths.com
96768	0.32262563705444336	0.08716154098510742	VPS.hsmiths.com
98784	0.32251691818237305	0.08701896667480469	VPS.hsmiths.com
100800	0.3225102424621582	0.08629631996154785	VPS.hsmiths.com
102816	0.3214545249938965	0.08548593521118164	VPS.hsmiths.com
104832	0.3213045597076416	0.08609414100646973	VPS.hsmiths.com
106848	0.32353949546813965	0.08566880226135254	VPS.hsmiths.com
108864	0.32375550270080566	0.08476018905639648	VPS.hsmiths.com
110880	0.3231227397918701	0.08602046966552734	VPS.hsmiths.com
112896	0.3223083019256592	0.08745265007019043	VPS.hsmiths.com
114912	0.32320499420166016	0.08772420883178711	VPS.hsmiths.com
116928	0.3229067325592041	0.08633947372436523	VPS.hsmiths.com
118944	0.3218691349029541	0.08762097358703613	VPS.hsmiths.com
120960	0.32261085510253906	0.08812832832336426	VPS.hsmiths.com
122976	0.3234679698944092	0.08710908889770508	VPS.hsmiths.com
124992	0.3232235908508301	0.09148907661437988	VPS.hsmiths.com
127008	0.3210279941558838	0.08620667457580566	VPS.hsmiths.com
129024	0.32166051864624023	0.08602023124694824	VPS.hsmiths.com
131040	0.32259345054626465	0.08622121810913086	VPS.hsmiths.com
133056	0.4769904613494873	0.08707666397094727	VPS.hsmiths.com
135072	0.4774034023284912	0.08626675605773926	VPS.hsmiths.com
137088	0.47759461402893066	0.08531069755554199	VPS.hsmiths.com
139104	0.321887731552124	0.08602452278137207	VPS.hsmiths.com
141120	0.3231194019317627	0.08772873878479004	VPS.hsmiths.com
143136	0.3224496841430664	0.08710479736328125	VPS.hsmiths.com
145152	0.32314133644104004	0.08778548240661621	VPS.hsmiths.com
147168	0.3219025135040283	0.08695507049560547	VPS.hsmiths.com
149184	0.3216879367828369	0.0875241756439209	VPS.hsmiths.com
151200	0.3225252628326416	0.08587646484375	VPS.hsmiths.com
153216	0.3228762149810791	0.08585476875305176	VPS.hsmiths.com
155232	0.32459020614624023	0.08669662475585938	VPS.hsmiths.com
157248	0.322995662689209	0.08672809600830078	VPS.hsmiths.com
159264	0.3216993808746338	0.08747386932373047	VPS.hsmiths.com
161280	0.32110118865966797	0.08651494979858398	VPS.hsmiths.com
163296	0.3210470676422119	0.08686208724975586	VPS.hsmiths.com
165312	0.3208956718444824	0.08768773078918457	VPS.hsmiths.com
167328	0.32114338874816895	0.08707642555236816	VPS.hsmiths.com
169344	0.3217506408691406	0.08701395988464355	VPS.hsmiths.com
171360	0.3213779926300049	0.0863652229309082	VPS.hsmiths.com
173376	0.3210878372192383	0.08641505241394043	VPS.hsmiths.com
175392	0.32140517234802246	0.08647632598876953	VPS.hsmiths.com
177408	0.3215017318725586	0.0865480899810791	VPS.hsmiths.com
179424	0.3209850788116455	0.08714771270751953	VPS.hsmiths.com
181440	0.3214573860168457	0.08611822128295898	VPS.hsmiths.com
183456	0.32100439071655273	0.08663392066955566	VPS.hsmiths.com
185472	0.32109570503234863	0.0863962173461914	VPS.hsmiths.com
187488	0.32118892669677734	0.0876002311706543	VPS.hsmiths.com
189504	0.3221912384033203	0.08632183074951172	VPS.hsmiths.com
191520	0.32236337661743164	0.08775043487548828	VPS.hsmiths.com
193536	0.3227043151855469	0.0867910385131836	VPS.hsmiths.com
195552	0.3225531578063965	0.08665299415588379	VPS.hsmiths.com
197568	0.32268404960632324	0.08626270294189453	VPS.hsmiths.com
199584	0.3230137825012207	0.08567643165588379	VPS.hsmiths.com
201600	0.3223392963409424	0.0864560604095459	VPS.hsmiths.com
203616	0.3226613998413086	0.08511161804199219	VPS.hsmiths.com
205632	0.32271552085876465	0.0858466625213623	VPS.hsmiths.com
207648	0.32756638526916504	0.08618593215942383	VPS.hsmiths.com
209664	0.3224301338195801	0.08721661567687988	VPS.hsmiths.com
211680	0.32187843322753906	0.08701014518737793	VPS.hsmiths.com
213696	0.3220517635345459	0.08605122566223145	VPS.hsmiths.com
215712	0.3220503330230713	0.08590245246887207	VPS.hsmiths.com
217728	0.3227665424346924	0.08655333518981934	VPS.hsmiths.com
219744	0.3223576545715332	0.08706784248352051	VPS.hsmiths.com
221760	0.3226144313812256	0.08660483360290527	VPS.hsmiths.com
223776	0.3212614059448242	0.08631491661071777	VPS.hsmiths.com
225792	0.32317280769348145	0.08681106567382812	VPS.hsmiths.com
227808	0.3221418857574463	0.08666872978210449	VPS.hsmiths.com
229824	0.4790346622467041	0.08730053901672363	VPS.hsmiths.com
231840	0.4765591621398926	0.08676576614379883	VPS.hsmiths.com
233856	0.3242197036743164	0.08632040023803711	VPS.hsmiths.com
235872	0.3246426582336426	0.08669328689575195	VPS.hsmiths.com
237888	0.3249390125274658	0.08731222152709961	VPS.hsmiths.com
239904	0.32523202896118164	0.0863332748413086	VPS.hsmiths.com
241920	0.3235008716583252	0.08876800537109375	VPS.hsmiths.com
243936	0.3237802982330322	0.0883326530456543	VPS.hsmiths.com
245952	0.32147717475891113	0.0886542797088623	VPS.hsmiths.com
247968	0.3209812641143799	0.08754467964172363	VPS.hsmiths.com
249984	0.32108473777770996	0.08746910095214844	VPS.hsmiths.com
252000	0.32134246826171875	0.08739638328552246	VPS.hsmiths.com
254016	0.32147812843322754	0.08660244941711426	VPS.hsmiths.com
256032	0.32231664657592773	0.08708548545837402	VPS.hsmiths.com
258048	0.4781622886657715	0.08747005462646484	VPS.hsmiths.com
260064	0.4769260883331299	0.08644795417785645	VPS.hsmiths.com
262080	0.4761829376220703	0.08707165718078613	VPS.hsmiths.com
264096	0.47667527198791504	0.0853891372680664	VPS.hsmiths.com
266112	0.3215517997741699	0.08600330352783203	VPS.hsmiths.com
268128	0.32230138778686523	0.0878291130065918	VPS.hsmiths.com
270144	0.3218834400177002	0.08801603317260742	VPS.hsmiths.com
272160	0.32221031188964844	0.08796501159667969	VPS.hsmiths.com
274176	0.3227095603942871	0.08683395385742188	VPS.hsmiths.com
276192	0.322429895401001	0.08760452270507812	VPS.hsmiths.com
278208	0.32222914695739746	0.08880376815795898	VPS.hsmiths.com
280224	0.32243800163269043	0.08951258659362793	VPS.hsmiths.com
282240	0.32219910621643066	0.08882379531860352	VPS.hsmiths.com
284256	0.3224945068359375	0.0891115665435791	VPS.hsmiths.com
286272	0.32230687141418457	0.08696317672729492	VPS.hsmiths.com
288288	0.32153797149658203	0.08929896354675293	VPS.hsmiths.com
290304	0.3225209712982178	0.08831906318664551	VPS.hsmiths.com
292320	0.33121323585510254	0.08957028388977051	VPS.hsmiths.com
294336	0.3224339485168457	0.0895683765411377	VPS.hsmiths.com
296352	0.3211781978607178	0.09034991264343262	VPS.hsmiths.com
298368	0.3232841491699219	0.0888967514038086	VPS.hsmiths.com
300384	0.32109880447387695	0.08837103843688965	VPS.hsmiths.com
302400	0.3215513229370117	0.08881378173828125	VPS.hsmiths.com
304416	0.3216369152069092	0.08855700492858887	VPS.hsmiths.com
306432	0.32253170013427734	0.08738303184509277	VPS.hsmiths.com
308448	0.32368969917297363	0.08768582344055176	VPS.hsmiths.com
310464	0.32100534439086914	0.08794975280761719	VPS.hsmiths.com
312480	0.3270432949066162	0.09080719947814941	VPS.hsmiths.com
314496	0.325298547744751	0.08833980560302734	VPS.hsmiths.com
316512	0.32538294792175293	0.08863186836242676	VPS.hsmiths.com
318528	0.324357271194458	0.08781218528747559	VPS.hsmiths.com
320544	0.3223257064819336	0.08832406997680664	VPS.hsmiths.com
322560	0.3230018615722656	0.08864688873291016	VPS.hsmiths.com
324576	0.3220493793487549	0.08766412734985352	VPS.hsmiths.com
326592	0.32108092308044434	0.0886080265045166	VPS.hsmiths.com
328608	0.321091890335083	0.08865690231323242	VPS.hsmiths.com
330624	0.3208332061767578	0.08907032012939453	VPS.hsmiths.com
332640	0.32140445709228516	0.08857989311218262	VPS.hsmiths.com
334656	0.3211379051208496	0.08780074119567871	VPS.hsmiths.com
336672	0.3208765983581543	0.08816814422607422	VPS.hsmiths.com
338688	0.3212265968322754	0.08836889266967773	VPS.hsmiths.com
340704	0.32225751876831055	0.08846783638000488	VPS.hsmiths.com
342720	0.3226127624511719	0.08919596672058105	VPS.hsmiths.com
344736	0.32136988639831543	0.08818244934082031	VPS.hsmiths.com
346752	0.32114505767822266	0.0880289077758789	VPS.hsmiths.com
348768	0.3216397762298584	0.08808088302612305	VPS.hsmiths.com
350784	0.3225541114807129	0.08861446380615234	VPS.hsmiths.com
352800	0.3221309185028076	0.08873295783996582	VPS.hsmiths.com
354816	0.32109880447387695	0.08816027641296387	VPS.hsmiths.com
356832	0.47969937324523926	0.08857417106628418	VPS.hsmiths.com
358848	0.3239173889160156	0.08884787559509277	VPS.hsmiths.com
360864	0.3225855827331543	0.0875999927520752	VPS.hsmiths.com
362880	0.3234524726867676	0.08965754508972168	VPS.hsmiths.com
364896	0.3220832347869873	0.08815646171569824	VPS.hsmiths.com
366912	0.32379150390625	0.08962297439575195	VPS.hsmiths.com
368928	0.3229982852935791	0.08927083015441895	VPS.hsmiths.com
370944	0.3238413333892822	0.08853793144226074	VPS.hsmiths.com
372960	0.322831392288208	0.08810162544250488	VPS.hsmiths.com
374976	0.3218812942504883	0.08774423599243164	VPS.hsmiths.com
376992	0.32233309745788574	0.08788132667541504	VPS.hsmiths.com
379008	0.32309460639953613	0.08854079246520996	VPS.hsmiths.com
381024	0.3221423625946045	0.08763265609741211	VPS.hsmiths.com
383040	0.32311463356018066	0.08880281448364258	VPS.hsmiths.com
385056	0.3254985809326172	0.08722352981567383	VPS.hsmiths.com
387072	0.32238268852233887	0.08788585662841797	VPS.hsmiths.com
389088	0.32373785972595215	0.08918190002441406	VPS.hsmiths.com
391104	0.3225228786468506	0.08824682235717773	VPS.hsmiths.com
393120	0.47780561447143555	0.0898284912109375	VPS.hsmiths.com
395136	0.47684597969055176	0.08736419677734375	VPS.hsmiths.com
397152	0.32297348976135254	0.08747434616088867	VPS.hsmiths.com
399168	0.3222024440765381	0.088409423828125	VPS.hsmiths.com
401184	0.3250718116760254	0.0880279541015625	VPS.hsmiths.com
403200	0.3210597038269043	0.08808636665344238	VPS.hsmiths.com
405216	0.3214230537414551	0.08706831932067871	VPS.hsmiths.com
407232	0.32303547859191895	0.08740735054016113	VPS.hsmiths.com
409248	0.3227965831756592	0.08719468116760254	VPS.hsmiths.com
411264	0.32219552993774414	0.08741235733032227	VPS.hsmiths.com
413280	0.32249999046325684	0.08812475204467773	VPS.hsmiths.com
415296	0.32145142555236816	0.08733296394348145	VPS.hsmiths.com
417312	0.3242049217224121	0.08696603775024414	VPS.hsmiths.com
419328	0.3214864730834961	0.08787751197814941	VPS.hsmiths.com
421344	0.322174072265625	0.0873880386352539	VPS.hsmiths.com
423360	0.32130861282348633	0.08761167526245117	VPS.hsmiths.com
425376	0.3229086399078369	0.08691620826721191	VPS.hsmiths.com
427392	0.32270026206970215	0.0870518684387207	VPS.hsmiths.com
429408	0.32265615463256836	0.08928871154785156	VPS.hsmiths.com
431424	0.3222060203552246	0.08722186088562012	VPS.hsmiths.com
433440	0.3218874931335449	0.08688902854919434	VPS.hsmiths.com
435456	0.32259154319763184	0.08608150482177734	VPS.hsmiths.com
437472	0.32073450088500977	0.08882880210876465	VPS.hsmiths.com
439488	0.3219575881958008	0.08745622634887695	VPS.hsmiths.com
441504	0.32178616523742676	0.08603954315185547	VPS.hsmiths.com
443520	0.32355284690856934	0.08618426322937012	VPS.hsmiths.com
445536	0.321941614151001	0.08628034591674805	VPS.hsmiths.com
447552	0.32154345512390137	0.08753132820129395	VPS.hsmiths.com
449568	0.3208482265472412	0.08721327781677246	VPS.hsmiths.com
451584	0.32212090492248535	0.08667731285095215	VPS.hsmiths.com
453600	0.3233191967010498	0.08753490447998047	VPS.hsmiths.com
455616	0.321988582611084	0.08723902702331543	VPS.hsmiths.com
457632	0.3221125602722168	0.08734321594238281	VPS.hsmiths.com
459648	0.32204484939575195	0.08761262893676758	VPS.hsmiths.com
461664	0.3221309185028076	0.08803892135620117	VPS.hsmiths.com
463680	0.32238268852233887	0.08675503730773926	VPS.hsmiths.com
465696	0.32097864151000977	0.08731627464294434	VPS.hsmiths.com
467712	0.32077479362487793	0.08699607849121094	VPS.hsmiths.com
469728	0.3208432197570801	0.0855262279510498	VPS.hsmiths.com
471744	0.4767894744873047	0.08597373962402344	VPS.hsmiths.com
473760	0.47640132904052734	0.08593440055847168	VPS.hsmiths.com
475776	0.4761683940887451	0.08692002296447754	VPS.hsmiths.com
477792	0.3215973377227783	0.08679366111755371	VPS.hsmiths.com
479808	0.322908878326416	0.08668088912963867	VPS.hsmiths.com
481824	0.323289155960083	0.08703255653381348	VPS.hsmiths.com
483840	0.32361459732055664	0.08594989776611328	VPS.hsmiths.com
485856	0.3215959072113037	0.08785772323608398	VPS.hsmiths.com
487872	0.32114529609680176	0.08815550804138184	VPS.hsmiths.com
489888	0.32218194007873535	0.08772563934326172	VPS.hsmiths.com
491904	0.3209388256072998	0.08725309371948242	VPS.hsmiths.com
493920	0.32099080085754395	0.08856582641601562	VPS.hsmiths.com
495936	0.32339024543762207	0.08895277976989746	VPS.hsmiths.com
497952	0.32376837730407715	0.08921027183532715	VPS.hsmiths.com
499968	0.3250870704650879	0.08985686302185059	VPS.hsmiths.com
501984	0.32479047775268555	0.08878135681152344	VPS.hsmiths.com
504000	0.3226749897003174	0.08827900886535645	VPS.hsmiths.com
506016	0.3238224983215332	0.08706116676330566	VPS.hsmiths.com
508032	0.3231024742126465	0.0867619514465332	VPS.hsmiths.com
510048	0.32150912284851074	0.08664536476135254	VPS.hsmiths.com
512064	0.32171201705932617	0.08713173866271973	VPS.hsmiths.com
514080	0.32265520095825195	0.08767008781433105	VPS.hsmiths.com
516096	0.3225233554840088	0.08770132064819336	VPS.hsmiths.com
518112	0.32284998893737793	0.08767580986022949	VPS.hsmiths.com
520128	0.3229982852935791	0.08766388893127441	VPS.hsmiths.com
522144	0.32261180877685547	0.08910703659057617	VPS.hsmiths.com
524160	0.32358765602111816	0.08816361427307129	VPS.hsmiths.com
526176	0.32304930686950684	0.08831167221069336	VPS.hsmiths.com
528192	0.32257843017578125	0.08786296844482422	VPS.hsmiths.com
530208	0.32120180130004883	0.08828353881835938	VPS.hsmiths.com
532224	0.3206603527069092	0.08782601356506348	VPS.hsmiths.com
534240	0.3208191394805908	0.08850455284118652	VPS.hsmiths.com
536256	0.3216536045074463	0.08773398399353027	VPS.hsmiths.com
538272	0.3203303813934326	0.08825182914733887	VPS.hsmiths.com
540288	0.32123661041259766	0.08881473541259766	VPS.hsmiths.com
542304	0.3208444118499756	0.08835577964782715	VPS.hsmiths.com
544320	0.3207361698150635	0.0882863998413086	VPS.hsmiths.com
546336	0.32268714904785156	0.08676648139953613	VPS.hsmiths.com
548352	0.3238546848297119	0.08719229698181152	VPS.hsmiths.com
550368	0.3238232135772705	0.08803272247314453	VPS.hsmiths.com
552384	0.3238985538482666	0.08679461479187012	VPS.hsmiths.com
554400	0.32365894317626953	0.08745002746582031	VPS.hsmiths.com
556416	0.3214991092681885	0.08805346488952637	VPS.hsmiths.com
558432	0.3213639259338379	0.08765077590942383	VPS.hsmiths.com
560448	0.32228541374206543	0.08772659301757812	VPS.hsmiths.com
562464	0.32272791862487793	0.08739972114562988	VPS.hsmiths.com
564480	0.320568323135376	0.08661794662475586	VPS.hsmiths.com
566496	0.32077980041503906	0.08717632293701172	VPS.hsmiths.com
568512	0.4769132137298584	0.08756327629089355	VPS.hsmiths.com
570528	0.47588062286376953	0.08765935897827148	VPS.hsmiths.com
572544	0.3227531909942627	0.08894848823547363	VPS.hsmiths.com
574560	0.3218233585357666	0.08853292465209961	VPS.hsmiths.com
576576	0.32390308380126953	0.09001588821411133	VPS.hsmiths.com
578592	0.32322239875793457	0.08896255493164062	VPS.hsmiths.com
580608	0.3227252960205078	0.0879979133605957	VPS.hsmiths.com
582624	0.3229706287384033	0.08919668197631836	VPS.hsmiths.com
584640	0.32244324684143066	0.08776617050170898	VPS.hsmiths.com
586656	0.32202816009521484	0.08871603012084961	VPS.hsmiths.com
588672	0.32320380210876465	0.08949923515319824	VPS.hsmiths.com
590688	0.32242608070373535	0.08894157409667969	VPS.hsmiths.com
592704	0.3227102756500244	0.08962726593017578	VPS.hsmiths.com
594720	0.3228318691253662	0.08944058418273926	VPS.hsmiths.com
596736	0.32262182235717773	0.08984255790710449	VPS.hsmiths.com
598752	0.3232860565185547	0.08912825584411621	VPS.hsmiths.com
600768	0.32291626930236816	0.08964395523071289	VPS.hsmiths.com
602784	0.3211100101470947	0.08929109573364258	VPS.hsmiths.com
604800	0.32180356979370117	0.08907341957092285	VPS.hsmiths.com
606816	0.3220365047454834	0.08930635452270508	VPS.hsmiths.com
608832	0.3224012851715088	0.0892791748046875	VPS.hsmiths.com
610848	0.3217923641204834	0.10764384269714355	VPS.hsmiths.com
612864	0.322521448135376	0.08999752998352051	VPS.hsmiths.com
614880	0.47858572006225586	0.08924365043640137	VPS.hsmiths.com
616896	0.47654104232788086	0.08837532997131348	VPS.hsmiths.com
618912	0.3207559585571289	0.088897705078125	VPS.hsmiths.com
620928	0.3210277557373047	0.08879709243774414	VPS.hsmiths.com
622944	0.320725679397583	0.08871626853942871	VPS.hsmiths.com
624960	0.3211379051208496	0.08865833282470703	VPS.hsmiths.com
626976	0.3224201202392578	0.08902859687805176	VPS.hsmiths.com
628992	0.322054386138916	0.08922696113586426	VPS.hsmiths.com
631008	0.479372501373291	0.08791542053222656	VPS.hsmiths.com
633024	0.4786686897277832	0.08807015419006348	VPS.hsmiths.com
635040	0.4779982566833496	0.0881948471069336	VPS.hsmiths.com
637056	0.47801971435546875	0.08762526512145996	VPS.hsmiths.com
639072	0.47725677490234375	0.0877223014831543	VPS.hsmiths.com
641088	0.47667956352233887	0.0881807804107666	VPS.hsmiths.com
643104	0.32114744186401367	0.08889532089233398	VPS.hsmiths.com
645120	0.32182908058166504	0.08872270584106445	VPS.hsmiths.com
647136	0.32118988037109375	0.08828377723693848	VPS.hsmiths.com
649152	0.3217177391052246	0.0883779525756836	VPS.hsmiths.com
651168	0.32262516021728516	0.08913564682006836	VPS.hsmiths.com
653184	0.32264041900634766	0.08908677101135254	VPS.hsmiths.com
655200	0.32294201850891113	0.08796954154968262	VPS.hsmiths.com
657216	0.3203558921813965	0.05762457847595215	VPS.hsmiths.com
