1	0.9575512409210205	0.09065389633178711	electrum.blockstream.info
2016	0.32514214515686035	0.09002351760864258	electrum.blockstream.info
4032	0.32573413848876953	0.08952188491821289	electrum.blockstream.info
6048	0.32498598098754883	0.08986091613769531	electrum.blockstream.info
8064	0.32413291931152344	0.0906989574432373	electrum.blockstream.info
10080	0.32444238662719727	0.09026575088500977	electrum.blockstream.info
12096	0.48247194290161133	0.09225320816040039	electrum.blockstream.info
14112	0.32459163665771484	0.09043478965759277	electrum.blockstream.info
16128	0.32562994956970215	0.08959245681762695	electrum.blockstream.info
18144	0.32509636878967285	0.08932352066040039	electrum.blockstream.info
20160	0.3257102966308594	0.08963966369628906	electrum.blockstream.info
22176	0.3259410858154297	0.08964323997497559	electrum.blockstream.info
24192	0.32492876052856445	0.0904855728149414	electrum.blockstream.info
26208	0.3289835453033447	0.08993864059448242	electrum.blockstream.info
28224	0.3237309455871582	0.09066343307495117	electrum.blockstream.info
30240	0.3251619338989258	0.09092068672180176	electrum.blockstream.info
32256	0.4833822250366211	0.1863877773284912	electrum.blockstream.info
34272	0.3248581886291504	0.10123634338378906	electrum.blockstream.info
36288	0.32594752311706543	0.08959436416625977	electrum.blockstream.info
38304	0.32400059700012207	0.09060359001159668	electrum.blockstream.info
40320	0.32443976402282715	0.09025740623474121	electrum.blockstream.info
42336	0.32517361640930176	0.09025049209594727	electrum.blockstream.info
44352	0.32457947731018066	0.09014511108398438	electrum.blockstream.info
46368	0.32495856285095215	0.09094834327697754	electrum.blockstream.info
48384	0.32417774200439453	0.09068155288696289	electrum.blockstream.info
50400	0.32434916496276855	0.09056496620178223	electrum.blockstream.info
52416	0.3241410255432129	0.08985400199890137	electrum.blockstream.info
54432	0.32402873039245605	0.0893857479095459	electrum.blockstream.info
56448	0.32430148124694824	0.08875322341918945	electrum.blockstream.info
58464	0.32418203353881836	0.0897057056427002	electrum.blockstream.info
60480	0.32433533668518066	0.08997273445129395	electrum.blockstream.info
62496	0.3261585235595703	0.0909414291381836	electrum.blockstream.info
64512	0.32537317276000977	0.08996152877807617	electrum.blockstream.info
66528	0.32556676864624023	0.0895242691040039	electrum.blockstream.info
68544	0.32549405097961426	0.08910536766052246	electrum.blockstream.info
70560	0.3257002830505371	0.08901405334472656	electrum.blockstream.info
72576	0.32508063316345215	0.09003591537475586	electrum.blockstream.info
74592	0.32496047019958496	0.09167814254760742	electrum.blockstream.info
76608	0.32474493980407715	0.08988404273986816	electrum.blockstream.info
78624	0.32529401779174805	0.09035801887512207	electrum.blockstream.info
80640	0.324906587600708	0.0910181999206543	electrum.blockstream.info
82656	0.32562255859375	0.08919119834899902	electrum.blockstream.info
84672	0.32581019401550293	0.09033656120300293	electrum.blockstream.info
86688	0.32637739181518555	0.089385986328125	electrum.blockstream.info
88704	0.32527899742126465	0.08989191055297852	electrum.blockstream.info
90720	0.32585620880126953	0.08980536460876465	electrum.blockstream.info
92736	0.32539868354797363	0.08940768241882324	electrum.blockstream.info
94752	0.3254883289337158	0.08949565887451172	electrum.blockstream.info
96768	0.32503437995910645	0.08957338333129883	electrum.blockstream.info
98784	0.32533955574035645	0.09023427963256836	electrum.blockstream.info
100800	0.325084924697876	0.08985495567321777	electrum.blockstream.info
102816	0.32531142234802246	0.08963418006896973	electrum.blockstream.info
104832	0.3256723880767822	0.08951687812805176	electrum.blockstream.info
106848	0.3261375427246094	0.08980607986450195	electrum.blockstream.info
108864	0.3257770538330078	0.09009432792663574	electrum.blockstream.info
110880	0.3238070011138916	0.08887267112731934	electrum.blockstream.info
112896	0.3239874839782715	0.09015989303588867	electrum.blockstream.info
114912	0.32735133171081543	0.0903174877166748	electrum.blockstream.info
116928	0.3257255554199219	0.0914614200592041	electrum.blockstream.info
118944	0.3248789310455322	0.09006571769714355	electrum.blockstream.info
120960	0.32521486282348633	0.0905461311340332	electrum.blockstream.info
122976	0.32459306716918945	0.09064054489135742	electrum.blockstream.info
124992	0.32471656799316406	0.09080195426940918	electrum.blockstream.info
127008	0.32394957542419434	0.09119129180908203	electrum.blockstream.info
129024	0.324800968170166	0.08989477157592773	electrum.blockstream.info
131040	0.32798004150390625	0.09044146537780762	electrum.blockstream.info
133056	0.48137354850769043	0.0899348258972168	electrum.blockstream.info
135072	0.3252677917480469	0.09130167961120605	electrum.blockstream.info
137088	0.32531118392944336	0.09031915664672852	electrum.blockstream.info
139104	0.32524657249450684	0.09206938743591309	electrum.blockstream.info
141120	0.3245222568511963	0.0906064510345459	electrum.blockstream.info
143136	0.3248131275177002	0.09000182151794434	electrum.blockstream.info
145152	0.3251371383666992	0.09038043022155762	electrum.blockstream.info
147168	0.3238976001739502	0.09071040153503418	electrum.blockstream.info
149184	0.32394862174987793	0.09245896339416504	electrum.blockstream.info
151200	0.32378625869750977	0.09207391738891602	electrum.blockstream.info
153216	0.3239898681640625	0.09168004989624023	electrum.blockstream.info
155232	0.32444262504577637	0.09271025657653809	electrum.blockstream.info
157248	0.3249545097351074	0.09344911575317383	electrum.blockstream.info
159264	0.32379150390625	0.09254837036132812	electrum.blockstream.info
161280	0.32380151748657227	0.09288954734802246	electrum.blockstream.info
163296	0.32384181022644043	0.09238958358764648	electrum.blockstream.info
165312	0.32425427436828613	0.09221386909484863	electrum.blockstream.info
167328	0.4851222038269043	0.1610269546508789	electrum.blockstream.info
169344	0.32476019859313965	0.09233641624450684	electrum.blockstream.info
171360	0.32442569732666016	0.09161972999572754	electrum.blockstream.info
173376	0.3244497776031494	0.09156656265258789	electrum.blockstream.info
175392	0.3250744342803955	0.09070873260498047	electrum.blockstream.info
177408	0.32477855682373047	0.09088635444641113	electrum.blockstream.info
179424	0.3242495059967041	0.09143829345703125	electrum.blockstream.info
181440	0.32425522804260254	0.09192037582397461	electrum.blockstream.info
183456	0.32416868209838867	0.0897829532623291	electrum.blockstream.info
185472	0.3237338066101074	0.09048271179199219	electrum.blockstream.info
187488	0.32527804374694824	0.09100842475891113	electrum.blockstream.info
189504	0.32435059547424316	0.0916907787322998	electrum.blockstream.info
191520	0.3257756233215332	0.09030413627624512	electrum.blockstream.info
193536	0.3247973918914795	0.09062027931213379	electrum.blockstream.info
195552	0.32434701919555664	0.09135198593139648	electrum.blockstream.info
197568	0.3251762390136719	0.09216976165771484	electrum.blockstream.info
199584	0.3250892162322998	0.09234237670898438	electrum.blockstream.info
201600	0.32518625259399414	0.09124016761779785	electrum.blockstream.info
203616	0.3254106044769287	0.09140586853027344	electrum.blockstream.info
205632	0.32549524307250977	0.09125924110412598	electrum.blockstream.info
207648	0.3255157470703125	0.09083724021911621	electrum.blockstream.info
209664	0.3244500160217285	0.09063315391540527	electrum.blockstream.info
211680	0.32411718368530273	0.09206151962280273	electrum.blockstream.info
213696	0.3236849308013916	0.0903780460357666	electrum.blockstream.info
215712	0.32424139976501465	0.09082460403442383	electrum.blockstream.info
217728	0.32405900955200195	0.0913081169128418	electrum.blockstream.info
219744	0.32410264015197754	0.0908505916595459	electrum.blockstream.info
221760	0.3240182399749756	0.09102320671081543	electrum.blockstream.info
223776	0.32418012619018555	0.0910024642944336	electrum.blockstream.info
225792	0.32474684715270996	0.09181427955627441	electrum.blockstream.info
227808	0.3245384693145752	0.09102749824523926	electrum.blockstream.info
229824	0.3247802257537842	0.09017562866210938	electrum.blockstream.info
231840	0.3243861198425293	0.09093189239501953	electrum.blockstream.info
233856	0.32474398612976074	0.09004426002502441	electrum.blockstream.info
235872	0.3244595527648926	0.09057259559631348	electrum.blockstream.info
237888	0.32413291931152344	0.09040594100952148	electrum.blockstream.info
239904	0.32440614700317383	0.08949756622314453	electrum.blockstream.info
241920	0.32428669929504395	0.09129858016967773	electrum.blockstream.info
243936	0.32451868057250977	0.09007382392883301	electrum.blockstream.info
245952	0.32442545890808105	0.09076333045959473	electrum.blockstream.info
247968	0.32484984397888184	0.09057044982910156	electrum.blockstream.info
249984	0.32408976554870605	0.08971261978149414	electrum.blockstream.info
252000	0.324221134185791	0.0908513069152832	electrum.blockstream.info
254016	0.32398343086242676	0.09125113487243652	electrum.blockstream.info
256032	0.3238828182220459	0.09007453918457031	electrum.blockstream.info
258048	0.3252263069152832	0.09109187126159668	electrum.blockstream.info
260064	0.3242974281311035	0.09052348136901855	electrum.blockstream.info
262080	0.32445454597473145	0.09110617637634277	electrum.blockstream.info
264096	0.32433104515075684	0.08999776840209961	electrum.blockstream.info
266112	0.32476091384887695	0.08960556983947754	electrum.blockstream.info
268128	0.48297834396362305	0.08947324752807617	electrum.blockstream.info
270144	0.3239462375640869	0.09013199806213379	electrum.blockstream.info
272160	0.32437753677368164	0.09058284759521484	electrum.blockstream.info
274176	0.3246772289276123	0.08816981315612793	electrum.blockstream.info
276192	0.3251936435699463	0.09068608283996582	electrum.blockstream.info
278208	0.3263535499572754	0.09011983871459961	electrum.blockstream.info
280224	0.32615089416503906	0.09040212631225586	electrum.blockstream.info
282240	0.3257591724395752	0.0916903018951416	electrum.blockstream.info
284256	0.32416486740112305	0.09183526039123535	electrum.blockstream.info
286272	0.3256669044494629	0.09163045883178711	electrum.blockstream.info
288288	0.32578158378601074	0.09051823616027832	electrum.blockstream.info
290304	0.48394155502319336	0.09136581420898438	electrum.blockstream.info
292320	0.48190855979919434	0.09534120559692383	electrum.blockstream.info
294336	0.32588887214660645	0.0912015438079834	electrum.blockstream.info
296352	0.3255023956298828	0.09145855903625488	electrum.blockstream.info
298368	0.32603955268859863	0.09242033958435059	electrum.blockstream.info
300384	0.3254837989807129	0.09172773361206055	electrum.blockstream.info
302400	0.32470035552978516	0.09177947044372559	electrum.blockstream.info
304416	0.3255128860473633	0.09134125709533691	electrum.blockstream.info
306432	0.3242776393890381	0.09174823760986328	electrum.blockstream.info
308448	0.32457637786865234	0.09215378761291504	electrum.blockstream.info
310464	0.32459259033203125	0.09196662902832031	electrum.blockstream.info
312480	0.3253598213195801	0.09154963493347168	electrum.blockstream.info
314496	0.32613444328308105	0.09259176254272461	electrum.blockstream.info
316512	0.32412052154541016	0.09266877174377441	electrum.blockstream.info
318528	0.32669830322265625	0.09241509437561035	electrum.blockstream.info
320544	0.3271145820617676	0.09212827682495117	electrum.blockstream.info
322560	0.32768869400024414	0.09231734275817871	electrum.blockstream.info
324576	0.3252842426300049	0.09217190742492676	electrum.blockstream.info
326592	0.3258326053619385	0.09189844131469727	electrum.blockstream.info
328608	0.3240664005279541	0.09205007553100586	electrum.blockstream.info
330624	0.3236234188079834	0.09189963340759277	electrum.blockstream.info
332640	0.32387638092041016	0.09201240539550781	electrum.blockstream.info
334656	0.32538652420043945	0.09243273735046387	electrum.blockstream.info
336672	0.32560253143310547	0.09247112274169922	electrum.blockstream.info
338688	0.3253943920135498	0.09955906867980957	electrum.blockstream.info
340704	0.3257279396057129	0.09136962890625	electrum.blockstream.info
342720	0.32573413848876953	0.09277510643005371	electrum.blockstream.info
344736	0.32753896713256836	0.0921320915222168	electrum.blockstream.info
346752	0.3256690502166748	0.09578061103820801	electrum.blockstream.info
348768	0.32558512687683105	0.09250020980834961	electrum.blockstream.info
350784	0.3254115581512451	0.09180784225463867	electrum.blockstream.info
352800	0.32616090774536133	0.09181880950927734	electrum.blockstream.info
354816	0.3250577449798584	0.09177970886230469	electrum.blockstream.info
356832	0.3245522975921631	0.0922389030456543	electrum.blockstream.info
358848	0.32453179359436035	0.0915520191192627	electrum.blockstream.info
360864	0.3242068290710449	0.0924065113067627	electrum.blockstream.info
362880	0.3243062496185303	0.09273123741149902	electrum.blockstream.info
364896	0.3244483470916748	0.09195780754089355	electrum.blockstream.info
366912	0.3244962692260742	0.09261083602905273	electrum.blockstream.info
368928	0.32480931282043457	0.09271597862243652	electrum.blockstream.info
370944	0.32724928855895996	0.09174823760986328	electrum.blockstream.info
372960	0.32541918754577637	0.09178996086120605	electrum.blockstream.info
374976	0.3249173164367676	0.0927727222442627	electrum.blockstream.info
376992	0.32565855979919434	0.09216094017028809	electrum.blockstream.info
379008	0.32529735565185547	0.09164929389953613	electrum.blockstream.info
381024	0.3252701759338379	0.09177541732788086	electrum.blockstream.info
383040	0.32515883445739746	0.09202027320861816	electrum.blockstream.info
385056	0.3255012035369873	0.0935215950012207	electrum.blockstream.info
387072	0.32465219497680664	0.0928037166595459	electrum.blockstream.info
389088	0.4845869541168213	0.0922856330871582	electrum.blockstream.info
391104	0.3246331214904785	0.0928494930267334	electrum.blockstream.info
393120	0.326693058013916	0.09213900566101074	electrum.blockstream.info
395136	0.32614827156066895	0.09192681312561035	electrum.blockstream.info
397152	0.328019380569458	0.0922844409942627	electrum.blockstream.info
399168	0.3249084949493408	0.09163856506347656	electrum.blockstream.info
401184	0.325031042098999	0.09225702285766602	electrum.blockstream.info
403200	0.32547545433044434	0.09261012077331543	electrum.blockstream.info
405216	0.3254821300506592	0.0923318862915039	electrum.blockstream.info
407232	0.3257415294647217	0.09116029739379883	electrum.blockstream.info
409248	0.32466602325439453	0.0919952392578125	electrum.blockstream.info
411264	0.32588696479797363	0.09159183502197266	electrum.blockstream.info
413280	0.3251354694366455	0.09209895133972168	electrum.blockstream.info
415296	0.32677531242370605	0.09245967864990234	electrum.blockstream.info
417312	0.4811825752258301	0.0912618637084961	electrum.blockstream.info
419328	0.48499560356140137	0.0914621353149414	electrum.blockstream.info
421344	0.32572054862976074	0.09430146217346191	electrum.blockstream.info
423360	0.32668328285217285	0.09131050109863281	electrum.blockstream.info
425376	0.32454681396484375	0.09092044830322266	electrum.blockstream.info
427392	0.32468461990356445	0.09159970283508301	electrum.blockstream.info
429408	0.3240337371826172	0.09149003028869629	electrum.blockstream.info
431424	0.32431983947753906	0.09236860275268555	electrum.blockstream.info
433440	0.3241250514984131	0.09104108810424805	electrum.blockstream.info
435456	0.32480764389038086	0.09245753288269043	electrum.blockstream.info
437472	0.3251767158508301	0.09200763702392578	electrum.blockstream.info
439488	0.325420618057251	0.09255695343017578	electrum.blockstream.info
441504	0.32526302337646484	0.09355497360229492	electrum.blockstream.info
443520	0.32447052001953125	0.09152841567993164	electrum.blockstream.info
445536	0.3270277976989746	0.09398460388183594	electrum.blockstream.info
447552	0.326030969619751	0.09547019004821777	electrum.blockstream.info
449568	0.32649993896484375	0.0931847095489502	electrum.blockstream.info
451584	0.3263728618621826	0.09118199348449707	electrum.blockstream.info
453600	0.3241117000579834	0.09176063537597656	electrum.blockstream.info
455616	0.3242354393005371	0.09065032005310059	electrum.blockstream.info
457632	0.324199914932251	0.0919504165649414	electrum.blockstream.info
459648	0.32471585273742676	0.09172368049621582	electrum.blockstream.info
461664	0.32542967796325684	0.0923922061920166	electrum.blockstream.info
463680	0.32427072525024414	0.09175610542297363	electrum.blockstream.info
465696	0.3243088722229004	0.09132742881774902	electrum.blockstream.info
467712	0.32534098625183105	0.09197211265563965	electrum.blockstream.info
469728	0.3242628574371338	0.09168338775634766	electrum.blockstream.info
471744	0.32528042793273926	0.0918738842010498	electrum.blockstream.info
473760	0.3259439468383789	0.0923604965209961	electrum.blockstream.info
475776	0.3254396915435791	0.09208226203918457	electrum.blockstream.info
477792	0.32598304748535156	0.0932457447052002	electrum.blockstream.info
479808	0.32523393630981445	0.09276032447814941	electrum.blockstream.info
481824	0.32508373260498047	0.09324026107788086	electrum.blockstream.info
483840	0.3255620002746582	0.09215974807739258	electrum.blockstream.info
485856	0.3239588737487793	0.09323811531066895	electrum.blockstream.info
487872	0.3243274688720703	0.09470319747924805	electrum.blockstream.info
489888	0.32397985458374023	0.09356832504272461	electrum.blockstream.info
491904	0.3243257999420166	0.09322667121887207	electrum.blockstream.info
493920	0.3241612911224365	0.09340047836303711	electrum.blockstream.info
495936	0.3270683288574219	0.09344291687011719	electrum.blockstream.info
497952	0.32560014724731445	0.0934288501739502	electrum.blockstream.info
499968	0.329268217086792	0.09300637245178223	electrum.blockstream.info
501984	0.32509469985961914	0.09266829490661621	electrum.blockstream.info
504000	0.32507848739624023	0.09321784973144531	electrum.blockstream.info
506016	0.3245663642883301	0.09347176551818848	electrum.blockstream.info
508032	0.325941801071167	0.0916292667388916	electrum.blockstream.info
510048	0.32413315773010254	0.09268426895141602	electrum.blockstream.info
512064	0.32404041290283203	0.09642863273620605	electrum.blockstream.info
514080	0.32440924644470215	0.09198617935180664	electrum.blockstream.info
516096	0.32421326637268066	0.09243583679199219	electrum.blockstream.info
518112	0.3252999782562256	0.09189295768737793	electrum.blockstream.info
520128	0.4828524589538574	0.09245848655700684	electrum.blockstream.info
522144	0.3258030414581299	0.09270095825195312	electrum.blockstream.info
524160	0.3252732753753662	0.09255218505859375	electrum.blockstream.info
526176	0.32440686225891113	0.09326577186584473	electrum.blockstream.info
528192	0.3258380889892578	0.09302425384521484	electrum.blockstream.info
530208	0.3258378505706787	0.09308648109436035	electrum.blockstream.info
532224	0.3249235153198242	0.09217643737792969	electrum.blockstream.info
534240	0.3252904415130615	0.09349465370178223	electrum.blockstream.info
536256	0.3253452777862549	0.09320306777954102	electrum.blockstream.info
538272	0.3255188465118408	0.09257841110229492	electrum.blockstream.info
540288	0.3260233402252197	0.09314179420471191	electrum.blockstream.info
542304	0.32552170753479004	0.09274673461914062	electrum.blockstream.info
544320	0.32744503021240234	0.09287405014038086	electrum.blockstream.info
546336	0.3245553970336914	0.09339761734008789	electrum.blockstream.info
548352	0.3257148265838623	0.09268975257873535	electrum.blockstream.info
550368	0.32484960556030273	0.09333634376525879	electrum.blockstream.info
552384	0.48150014877319336	0.09245634078979492	electrum.blockstream.info
554400	0.3249495029449463	0.09209990501403809	electrum.blockstream.info
556416	0.3259451389312744	0.09252548217773438	electrum.blockstream.info
558432	0.3264477252960205	0.092987060546875	electrum.blockstream.info
560448	0.32763218879699707	0.09313774108886719	electrum.blockstream.info
562464	0.3260505199432373	0.09329557418823242	electrum.blockstream.info
564480	0.3250741958618164	0.09302115440368652	electrum.blockstream.info
566496	0.3262934684753418	0.09201979637145996	electrum.blockstream.info
568512	0.32461023330688477	0.09128546714782715	electrum.blockstream.info
570528	0.32442235946655273	0.09144282341003418	electrum.blockstream.info
572544	0.32724809646606445	0.0911092758178711	electrum.blockstream.info
574560	0.32463669776916504	0.09305524826049805	electrum.blockstream.info
576576	0.3256955146789551	0.09304118156433105	electrum.blockstream.info
578592	0.32503795623779297	0.0922706127166748	electrum.blockstream.info
580608	0.324568510055542	0.09168839454650879	electrum.blockstream.info
582624	0.32480287551879883	0.09206962585449219	electrum.blockstream.info
584640	0.32558321952819824	0.09212136268615723	electrum.blockstream.info
586656	0.32514262199401855	0.09311747550964355	electrum.blockstream.info
588672	0.3243296146392822	0.09287381172180176	electrum.blockstream.info
590688	0.32451510429382324	0.09359049797058105	electrum.blockstream.info
592704	0.32603955268859863	0.09372067451477051	electrum.blockstream.info
594720	0.326007604598999	0.0913689136505127	electrum.blockstream.info
596736	0.32651209831237793	0.0921332836151123	electrum.blockstream.info
598752	0.3282909393310547	0.09220719337463379	electrum.blockstream.info
600768	0.3252441883087158	0.09241724014282227	electrum.blockstream.info
602784	0.32529568672180176	0.0926351547241211	electrum.blockstream.info
604800	0.3246159553527832	0.0931239128112793	electrum.blockstream.info
606816	0.32608485221862793	0.09252715110778809	electrum.blockstream.info
608832	0.3251502513885498	0.09256196022033691	electrum.blockstream.info
610848	0.32516002655029297	0.09173893928527832	electrum.blockstream.info
612864	0.3242170810699463	0.09498119354248047	electrum.blockstream.info
614880	0.32392239570617676	0.09246683120727539	electrum.blockstream.info
616896	0.32388734817504883	0.09225225448608398	electrum.blockstream.info
618912	0.32432079315185547	0.09087657928466797	electrum.blockstream.info
620928	0.3299424648284912	0.09174442291259766	electrum.blockstream.info
622944	0.3253896236419678	0.09213876724243164	electrum.blockstream.info
624960	0.32436323165893555	0.09215426445007324	electrum.blockstream.info
626976	0.3256678581237793	0.09230804443359375	electrum.blockstream.info
628992	0.3248462677001953	0.09182024002075195	electrum.blockstream.info
631008	0.33284497261047363	0.090606689453125	electrum.blockstream.info
633024	0.3241863250732422	0.09179067611694336	electrum.blockstream.info
635040	0.32444262504577637	0.09264540672302246	electrum.blockstream.info
637056	0.3246166706085205	0.0925149917602539	electrum.blockstream.info
639072	0.32503533363342285	0.09206199645996094	electrum.blockstream.info
641088	0.32471370697021484	0.09212017059326172	electrum.blockstream.info
643104	0.32549309730529785	0.09164547920227051	electrum.blockstream.info
645120	0.32439637184143066	0.09241199493408203	electrum.blockstream.info
647136	0.4833962917327881	0.09186029434204102	electrum.blockstream.info
649152	0.4831085205078125	0.09129714965820312	electrum.blockstream.info
651168	0.32565951347351074	0.09192800521850586	electrum.blockstream.info
653184	0.3257927894592285	0.09242725372314453	electrum.blockstream.info
655200	0.3255903720855713	0.09309983253479004	electrum.blockstream.info
657216	0.3220086097717285	0.06032085418701172	electrum.blockstream.info
