1	0.7680542469024658	0.08728671073913574	fedaykin.goip.de
2016	0.30378055572509766	0.08788347244262695	fedaykin.goip.de
4032	0.25309062004089355	0.0861659049987793	fedaykin.goip.de
6048	0.2458791732788086	0.08755207061767578	fedaykin.goip.de
8064	0.24454927444458008	0.08653807640075684	fedaykin.goip.de
10080	0.24386191368103027	0.08647537231445312	fedaykin.goip.de
12096	0.24250388145446777	0.08747553825378418	fedaykin.goip.de
14112	0.24739813804626465	0.08729362487792969	fedaykin.goip.de
16128	0.24271416664123535	0.0863182544708252	fedaykin.goip.de
18144	0.24341344833374023	0.0866384506225586	fedaykin.goip.de
20160	0.24321269989013672	0.08678746223449707	fedaykin.goip.de
22176	0.243117094039917	0.08704042434692383	fedaykin.goip.de
24192	0.2430100440979004	0.08586573600769043	fedaykin.goip.de
26208	0.24279212951660156	0.0861060619354248	fedaykin.goip.de
28224	0.24292826652526855	0.0864717960357666	fedaykin.goip.de
30240	0.24435710906982422	0.08678627014160156	fedaykin.goip.de
32256	0.24282121658325195	0.08739376068115234	fedaykin.goip.de
34272	0.2427055835723877	0.08749723434448242	fedaykin.goip.de
36288	0.24270868301391602	0.08766627311706543	fedaykin.goip.de
38304	0.2437436580657959	0.08775162696838379	fedaykin.goip.de
40320	0.24289822578430176	0.0863332748413086	fedaykin.goip.de
42336	0.2431933879852295	0.08768224716186523	fedaykin.goip.de
44352	0.2429652214050293	0.08692407608032227	fedaykin.goip.de
46368	0.24277639389038086	0.08766961097717285	fedaykin.goip.de
48384	0.24280071258544922	0.17396044731140137	fedaykin.goip.de
50400	0.2429032325744629	0.09428048133850098	fedaykin.goip.de
52416	0.24258112907409668	0.08660578727722168	fedaykin.goip.de
54432	0.24262595176696777	0.08744478225708008	fedaykin.goip.de
56448	0.24359989166259766	0.08678436279296875	fedaykin.goip.de
58464	0.24352478981018066	0.08773350715637207	fedaykin.goip.de
60480	0.24261856079101562	0.08830595016479492	fedaykin.goip.de
62496	0.2430565357208252	0.08751511573791504	fedaykin.goip.de
64512	0.244124174118042	0.0869598388671875	fedaykin.goip.de
66528	0.24252009391784668	0.08731555938720703	fedaykin.goip.de
68544	0.24282407760620117	0.08666610717773438	fedaykin.goip.de
70560	0.24369001388549805	0.08689117431640625	fedaykin.goip.de
72576	0.24226617813110352	0.08840084075927734	fedaykin.goip.de
74592	0.24376606941223145	0.08881187438964844	fedaykin.goip.de
76608	0.2428300380706787	0.08745145797729492	fedaykin.goip.de
78624	0.24471402168273926	0.08690953254699707	fedaykin.goip.de
80640	0.2423844337463379	0.08632254600524902	fedaykin.goip.de
82656	0.2429487705230713	0.08649826049804688	fedaykin.goip.de
84672	0.2419719696044922	0.08621001243591309	fedaykin.goip.de
86688	0.24283719062805176	0.08733367919921875	fedaykin.goip.de
88704	0.24312043190002441	0.08658957481384277	fedaykin.goip.de
90720	0.24267816543579102	0.08680415153503418	fedaykin.goip.de
92736	0.2428128719329834	0.08717942237854004	fedaykin.goip.de
94752	0.24323058128356934	0.08739233016967773	fedaykin.goip.de
96768	0.24271035194396973	0.08733582496643066	fedaykin.goip.de
98784	0.2424623966217041	0.08645844459533691	fedaykin.goip.de
100800	0.24239611625671387	0.0869145393371582	fedaykin.goip.de
102816	0.24219250679016113	0.08806705474853516	fedaykin.goip.de
104832	0.242720365524292	0.08643674850463867	fedaykin.goip.de
106848	0.2427675724029541	0.08724737167358398	fedaykin.goip.de
108864	0.24198365211486816	0.08639931678771973	fedaykin.goip.de
110880	0.2430715560913086	0.08685851097106934	fedaykin.goip.de
112896	0.2452685832977295	0.08764505386352539	fedaykin.goip.de
114912	0.24254941940307617	0.08777904510498047	fedaykin.goip.de
116928	0.24315714836120605	0.08820581436157227	fedaykin.goip.de
118944	0.24372458457946777	0.08877348899841309	fedaykin.goip.de
120960	0.2434544563293457	0.08844447135925293	fedaykin.goip.de
122976	0.2423384189605713	0.08791279792785645	fedaykin.goip.de
124992	0.2420966625213623	0.08833694458007812	fedaykin.goip.de
127008	0.2422170639038086	0.0886533260345459	fedaykin.goip.de
129024	0.24341344833374023	0.08830857276916504	fedaykin.goip.de
131040	0.24405622482299805	0.08870577812194824	fedaykin.goip.de
133056	0.24346542358398438	0.08852767944335938	fedaykin.goip.de
135072	0.24384522438049316	0.08812093734741211	fedaykin.goip.de
137088	0.2439582347869873	0.09145021438598633	fedaykin.goip.de
139104	0.2425065040588379	0.08846521377563477	fedaykin.goip.de
141120	0.24338650703430176	0.08847212791442871	fedaykin.goip.de
143136	0.2426745891571045	0.08831334114074707	fedaykin.goip.de
145152	0.24542617797851562	0.0880427360534668	fedaykin.goip.de
147168	0.24250459671020508	0.08774638175964355	fedaykin.goip.de
149184	0.2423841953277588	0.08798551559448242	fedaykin.goip.de
151200	0.2433152198791504	0.08762884140014648	fedaykin.goip.de
153216	0.24262166023254395	0.0871574878692627	fedaykin.goip.de
155232	0.24254369735717773	0.08695745468139648	fedaykin.goip.de
157248	0.2429368495941162	0.08728861808776855	fedaykin.goip.de
159264	0.24326777458190918	0.0875387191772461	fedaykin.goip.de
161280	0.24291753768920898	0.08689117431640625	fedaykin.goip.de
163296	0.24332094192504883	0.08741188049316406	fedaykin.goip.de
165312	0.24251174926757812	0.0871438980102539	fedaykin.goip.de
167328	0.2423844337463379	0.08740663528442383	fedaykin.goip.de
169344	0.24340367317199707	0.08753347396850586	fedaykin.goip.de
171360	0.24253559112548828	0.08946800231933594	fedaykin.goip.de
173376	0.2426133155822754	0.08700227737426758	fedaykin.goip.de
175392	0.24253010749816895	0.08701419830322266	fedaykin.goip.de
177408	0.25792407989501953	0.08771824836730957	fedaykin.goip.de
179424	0.24228382110595703	0.08803057670593262	fedaykin.goip.de
181440	0.2422351837158203	0.08809351921081543	fedaykin.goip.de
183456	0.24287986755371094	0.0912482738494873	fedaykin.goip.de
185472	0.24271249771118164	0.08955979347229004	fedaykin.goip.de
187488	0.24272561073303223	0.08877944946289062	fedaykin.goip.de
189504	0.24260234832763672	0.08588385581970215	fedaykin.goip.de
191520	0.24177932739257812	0.08802652359008789	fedaykin.goip.de
193536	0.24274182319641113	0.08699369430541992	fedaykin.goip.de
195552	0.24268603324890137	0.15267515182495117	fedaykin.goip.de
197568	0.2422933578491211	0.08880782127380371	fedaykin.goip.de
199584	0.2421715259552002	0.08910012245178223	fedaykin.goip.de
201600	0.24187469482421875	0.08713078498840332	fedaykin.goip.de
203616	0.24222278594970703	0.08846259117126465	fedaykin.goip.de
205632	0.24302387237548828	0.08822870254516602	fedaykin.goip.de
207648	0.2418217658996582	0.08905935287475586	fedaykin.goip.de
209664	0.24269914627075195	0.08702397346496582	fedaykin.goip.de
211680	0.24202966690063477	0.08799958229064941	fedaykin.goip.de
213696	0.24206852912902832	0.08717489242553711	fedaykin.goip.de
215712	0.24236226081848145	0.0879361629486084	fedaykin.goip.de
217728	0.24233436584472656	0.08853816986083984	fedaykin.goip.de
219744	0.24232244491577148	0.08750557899475098	fedaykin.goip.de
221760	0.24245452880859375	0.08736205101013184	fedaykin.goip.de
223776	0.24234294891357422	0.08761453628540039	fedaykin.goip.de
225792	0.24215459823608398	0.0882117748260498	fedaykin.goip.de
227808	0.2425239086151123	0.08835005760192871	fedaykin.goip.de
229824	0.24187850952148438	0.08828115463256836	fedaykin.goip.de
231840	0.24254369735717773	0.08864521980285645	fedaykin.goip.de
233856	0.24227356910705566	0.08817052841186523	fedaykin.goip.de
235872	0.24263572692871094	0.08759760856628418	fedaykin.goip.de
237888	0.24245476722717285	0.08732295036315918	fedaykin.goip.de
239904	0.24227666854858398	0.08805394172668457	fedaykin.goip.de
241920	0.2428112030029297	0.09047126770019531	fedaykin.goip.de
243936	0.242140531539917	0.08907938003540039	fedaykin.goip.de
245952	0.2421419620513916	0.08839178085327148	fedaykin.goip.de
247968	0.24222469329833984	0.08943772315979004	fedaykin.goip.de
249984	0.24217438697814941	0.08824753761291504	fedaykin.goip.de
252000	0.24154424667358398	0.08800816535949707	fedaykin.goip.de
254016	0.2429044246673584	0.08824872970581055	fedaykin.goip.de
256032	0.24236559867858887	0.08760619163513184	fedaykin.goip.de
258048	0.2428731918334961	0.08850550651550293	fedaykin.goip.de
260064	0.24184513092041016	0.08795571327209473	fedaykin.goip.de
262080	0.24211382865905762	0.08769607543945312	fedaykin.goip.de
264096	0.24234318733215332	0.08884930610656738	fedaykin.goip.de
266112	0.2423553466796875	0.08898496627807617	fedaykin.goip.de
268128	0.24232721328735352	0.08820533752441406	fedaykin.goip.de
270144	0.2422194480895996	0.08922410011291504	fedaykin.goip.de
272160	0.24237728118896484	0.08891129493713379	fedaykin.goip.de
274176	0.24735784530639648	0.08856368064880371	fedaykin.goip.de
276192	0.2422800064086914	0.08810091018676758	fedaykin.goip.de
278208	0.24221372604370117	0.09041953086853027	fedaykin.goip.de
280224	0.24181270599365234	0.08893585205078125	fedaykin.goip.de
282240	0.24206256866455078	0.0890049934387207	fedaykin.goip.de
284256	0.24300169944763184	0.09005975723266602	fedaykin.goip.de
286272	0.24210643768310547	0.08910083770751953	fedaykin.goip.de
288288	0.24238872528076172	0.08931779861450195	fedaykin.goip.de
290304	0.24211573600769043	0.09004831314086914	fedaykin.goip.de
292320	0.2421891689300537	0.09071588516235352	fedaykin.goip.de
294336	0.24225926399230957	0.08987903594970703	fedaykin.goip.de
296352	0.24219512939453125	0.09091830253601074	fedaykin.goip.de
298368	0.24225735664367676	0.09070587158203125	fedaykin.goip.de
300384	0.24234271049499512	0.08951497077941895	fedaykin.goip.de
302400	0.24241900444030762	0.08977365493774414	fedaykin.goip.de
304416	0.24270915985107422	0.0908057689666748	fedaykin.goip.de
306432	0.24520421028137207	0.08999347686767578	fedaykin.goip.de
308448	0.24223637580871582	0.08991289138793945	fedaykin.goip.de
310464	0.2423110008239746	0.0901179313659668	fedaykin.goip.de
312480	0.24210572242736816	0.09044814109802246	fedaykin.goip.de
314496	0.24190616607666016	0.09079694747924805	fedaykin.goip.de
316512	0.24221396446228027	0.09102296829223633	fedaykin.goip.de
318528	0.24203944206237793	0.08974695205688477	fedaykin.goip.de
320544	0.24234747886657715	0.09000563621520996	fedaykin.goip.de
322560	0.24216723442077637	0.0899806022644043	fedaykin.goip.de
324576	0.24209022521972656	0.08982348442077637	fedaykin.goip.de
326592	0.24262189865112305	0.09011578559875488	fedaykin.goip.de
328608	0.24179983139038086	0.09132146835327148	fedaykin.goip.de
330624	0.24198317527770996	0.08932614326477051	fedaykin.goip.de
332640	0.242417573928833	0.09032130241394043	fedaykin.goip.de
334656	0.24253201484680176	0.09042620658874512	fedaykin.goip.de
336672	0.24234914779663086	0.09028744697570801	fedaykin.goip.de
338688	0.2436068058013916	0.09056711196899414	fedaykin.goip.de
340704	0.24224376678466797	0.08919286727905273	fedaykin.goip.de
342720	0.2420635223388672	0.0900564193725586	fedaykin.goip.de
344736	0.34975290298461914	0.08899593353271484	fedaykin.goip.de
346752	0.24206781387329102	0.08989286422729492	fedaykin.goip.de
348768	0.24254322052001953	0.0901486873626709	fedaykin.goip.de
350784	0.2420973777770996	0.09025144577026367	fedaykin.goip.de
352800	0.2420358657836914	0.08959102630615234	fedaykin.goip.de
354816	0.24226045608520508	0.08963179588317871	fedaykin.goip.de
356832	0.24190855026245117	0.09123921394348145	fedaykin.goip.de
358848	0.24173474311828613	0.0900888442993164	fedaykin.goip.de
360864	0.24191713333129883	0.08916974067687988	fedaykin.goip.de
362880	0.2424464225769043	0.09006142616271973	fedaykin.goip.de
364896	0.24171948432922363	0.08904814720153809	fedaykin.goip.de
366912	0.24271202087402344	0.08890652656555176	fedaykin.goip.de
368928	0.2420964241027832	0.08983635902404785	fedaykin.goip.de
370944	0.24665212631225586	0.08974719047546387	fedaykin.goip.de
372960	0.24386811256408691	0.09003424644470215	fedaykin.goip.de
374976	0.24210429191589355	0.09001731872558594	fedaykin.goip.de
376992	0.2418351173400879	0.08982205390930176	fedaykin.goip.de
379008	0.2426760196685791	0.08852171897888184	fedaykin.goip.de
381024	0.2429502010345459	0.0900106430053711	fedaykin.goip.de
383040	0.24255132675170898	0.08971405029296875	fedaykin.goip.de
385056	0.24286842346191406	0.08941268920898438	fedaykin.goip.de
387072	0.2428417205810547	0.08970475196838379	fedaykin.goip.de
389088	0.24291276931762695	0.08984732627868652	fedaykin.goip.de
391104	0.2427983283996582	0.09613680839538574	fedaykin.goip.de
393120	0.24225807189941406	0.08827924728393555	fedaykin.goip.de
395136	0.24244999885559082	0.0876166820526123	fedaykin.goip.de
397152	0.24285387992858887	0.08790993690490723	fedaykin.goip.de
399168	0.24225449562072754	0.08781123161315918	fedaykin.goip.de
401184	0.3495364189147949	0.08883404731750488	fedaykin.goip.de
403200	0.24456310272216797	0.08842635154724121	fedaykin.goip.de
405216	0.24425768852233887	0.08907842636108398	fedaykin.goip.de
407232	0.24344944953918457	0.08954596519470215	fedaykin.goip.de
409248	0.24193191528320312	0.08881497383117676	fedaykin.goip.de
411264	0.24233770370483398	0.08904409408569336	fedaykin.goip.de
413280	0.24199438095092773	0.08904337882995605	fedaykin.goip.de
415296	0.24219417572021484	0.08888959884643555	fedaykin.goip.de
417312	0.24236583709716797	0.08832931518554688	fedaykin.goip.de
419328	0.24344778060913086	0.08861660957336426	fedaykin.goip.de
421344	0.24193310737609863	0.08796811103820801	fedaykin.goip.de
423360	0.24280238151550293	0.08879947662353516	fedaykin.goip.de
425376	0.2420499324798584	0.08858180046081543	fedaykin.goip.de
427392	0.24234747886657715	0.08867001533508301	fedaykin.goip.de
429408	0.24242305755615234	0.09582209587097168	fedaykin.goip.de
431424	0.24242854118347168	0.08789587020874023	fedaykin.goip.de
433440	0.2422645092010498	0.08782482147216797	fedaykin.goip.de
435456	0.24455952644348145	0.08930087089538574	fedaykin.goip.de
437472	0.24431800842285156	0.08984184265136719	fedaykin.goip.de
439488	0.2434844970703125	0.08842802047729492	fedaykin.goip.de
441504	0.24242782592773438	0.08854007720947266	fedaykin.goip.de
443520	0.24222373962402344	0.08959269523620605	fedaykin.goip.de
445536	0.24317145347595215	0.08738970756530762	fedaykin.goip.de
447552	0.24221491813659668	0.08922934532165527	fedaykin.goip.de
449568	0.24240350723266602	0.09025812149047852	fedaykin.goip.de
451584	0.24226951599121094	0.09042024612426758	fedaykin.goip.de
453600	0.2419424057006836	0.09057784080505371	fedaykin.goip.de
455616	0.24280047416687012	0.08906149864196777	fedaykin.goip.de
457632	0.2430410385131836	0.08914780616760254	fedaykin.goip.de
459648	0.2425086498260498	0.0900106430053711	fedaykin.goip.de
461664	0.24216699600219727	0.08932280540466309	fedaykin.goip.de
463680	0.2422347068786621	0.08938741683959961	fedaykin.goip.de
465696	0.24634027481079102	0.08992123603820801	fedaykin.goip.de
467712	0.24462151527404785	0.08848142623901367	fedaykin.goip.de
469728	0.24241113662719727	0.08876705169677734	fedaykin.goip.de
471744	0.242293119430542	0.08870553970336914	fedaykin.goip.de
473760	0.24195218086242676	0.0881648063659668	fedaykin.goip.de
475776	0.2422013282775879	0.08859133720397949	fedaykin.goip.de
477792	0.3492622375488281	0.08893179893493652	fedaykin.goip.de
479808	0.24281620979309082	0.08892941474914551	fedaykin.goip.de
481824	0.24246644973754883	0.08848953247070312	fedaykin.goip.de
483840	0.2418363094329834	0.08839559555053711	fedaykin.goip.de
485856	0.2422637939453125	0.08998870849609375	fedaykin.goip.de
487872	0.24208807945251465	0.08954906463623047	fedaykin.goip.de
489888	0.24234342575073242	0.09020161628723145	fedaykin.goip.de
491904	0.2419278621673584	0.08968186378479004	fedaykin.goip.de
493920	0.2421278953552246	0.09040999412536621	fedaykin.goip.de
495936	0.24240922927856445	0.09003233909606934	fedaykin.goip.de
497952	0.2424006462097168	0.09032130241394043	fedaykin.goip.de
499968	0.24465417861938477	0.08971142768859863	fedaykin.goip.de
501984	0.24242472648620605	0.09072089195251465	fedaykin.goip.de
504000	0.24448108673095703	0.08949446678161621	fedaykin.goip.de
506016	0.24286246299743652	0.08891916275024414	fedaykin.goip.de
508032	0.24263381958007812	0.08880186080932617	fedaykin.goip.de
510048	0.24272418022155762	0.0887300968170166	fedaykin.goip.de
512064	0.24212908744812012	0.08942985534667969	fedaykin.goip.de
514080	0.2428734302520752	0.09018063545227051	fedaykin.goip.de
516096	0.2423238754272461	0.09008455276489258	fedaykin.goip.de
518112	0.2419435977935791	0.0894782543182373	fedaykin.goip.de
520128	0.24257373809814453	0.09116673469543457	fedaykin.goip.de
522144	0.24223685264587402	0.08929920196533203	fedaykin.goip.de
524160	0.24258804321289062	0.09015560150146484	fedaykin.goip.de
526176	0.24237442016601562	0.08927392959594727	fedaykin.goip.de
528192	0.24251961708068848	0.08904671669006348	fedaykin.goip.de
530208	0.2423703670501709	0.09117722511291504	fedaykin.goip.de
532224	0.24307942390441895	0.0902245044708252	fedaykin.goip.de
534240	0.24243545532226562	0.09021806716918945	fedaykin.goip.de
536256	0.3496384620666504	0.09030032157897949	fedaykin.goip.de
538272	0.2420039176940918	0.08968496322631836	fedaykin.goip.de
540288	0.24266815185546875	0.08995628356933594	fedaykin.goip.de
542304	0.24239158630371094	0.0897822380065918	fedaykin.goip.de
544320	0.2422175407409668	0.09180164337158203	fedaykin.goip.de
546336	0.24208283424377441	0.0897209644317627	fedaykin.goip.de
548352	0.2418837547302246	0.09100675582885742	fedaykin.goip.de
550368	0.24241161346435547	0.09036469459533691	fedaykin.goip.de
552384	0.2424917221069336	0.09047698974609375	fedaykin.goip.de
554400	0.24242067337036133	0.09161520004272461	fedaykin.goip.de
556416	0.24190807342529297	0.09103131294250488	fedaykin.goip.de
558432	0.24209880828857422	0.09296011924743652	fedaykin.goip.de
560448	0.2416689395904541	0.08971786499023438	fedaykin.goip.de
562464	0.24178695678710938	0.09208178520202637	fedaykin.goip.de
564480	0.24251198768615723	0.09101486206054688	fedaykin.goip.de
566496	0.24250483512878418	0.08960747718811035	fedaykin.goip.de
568512	0.24222087860107422	0.09021139144897461	fedaykin.goip.de
570528	0.2423994541168213	0.0915074348449707	fedaykin.goip.de
572544	0.242387056350708	0.09075808525085449	fedaykin.goip.de
574560	0.24273157119750977	0.09133052825927734	fedaykin.goip.de
576576	0.24244093894958496	0.09020423889160156	fedaykin.goip.de
578592	0.24294447898864746	0.08998942375183105	fedaykin.goip.de
580608	0.24196362495422363	0.09024524688720703	fedaykin.goip.de
582624	0.24213504791259766	0.08956336975097656	fedaykin.goip.de
584640	0.24222636222839355	0.08972692489624023	fedaykin.goip.de
586656	0.35070109367370605	0.08939743041992188	fedaykin.goip.de
588672	0.24319124221801758	0.09039092063903809	fedaykin.goip.de
590688	0.24184036254882812	0.09008383750915527	fedaykin.goip.de
592704	0.24232268333435059	0.08996987342834473	fedaykin.goip.de
594720	0.24388504028320312	0.08930826187133789	fedaykin.goip.de
596736	0.24206209182739258	0.09053158760070801	fedaykin.goip.de
598752	0.24178767204284668	0.08943295478820801	fedaykin.goip.de
600768	0.24231433868408203	0.09076094627380371	fedaykin.goip.de
602784	0.2422962188720703	0.09033203125	fedaykin.goip.de
604800	0.2426891326904297	0.08940958976745605	fedaykin.goip.de
606816	0.2422316074371338	0.08905839920043945	fedaykin.goip.de
608832	0.2433161735534668	0.0904550552368164	fedaykin.goip.de
610848	0.24255776405334473	0.08948802947998047	fedaykin.goip.de
612864	0.24226975440979004	0.09038162231445312	fedaykin.goip.de
614880	0.24239850044250488	0.09009170532226562	fedaykin.goip.de
616896	0.24237370491027832	0.09122610092163086	fedaykin.goip.de
618912	0.2422642707824707	0.0900583267211914	fedaykin.goip.de
620928	0.24280905723571777	0.09020519256591797	fedaykin.goip.de
622944	0.2416245937347412	0.09004950523376465	fedaykin.goip.de
624960	0.34926724433898926	0.0919196605682373	fedaykin.goip.de
626976	0.24552345275878906	0.09076309204101562	fedaykin.goip.de
628992	0.24177885055541992	0.09064173698425293	fedaykin.goip.de
631008	0.24260234832763672	0.09079480171203613	fedaykin.goip.de
633024	0.24201011657714844	0.09093952178955078	fedaykin.goip.de
635040	0.24237632751464844	0.09102869033813477	fedaykin.goip.de
637056	0.24215960502624512	0.09681010246276855	fedaykin.goip.de
639072	0.24219298362731934	0.09160161018371582	fedaykin.goip.de
641088	0.24248719215393066	0.09018087387084961	fedaykin.goip.de
643104	0.2422032356262207	0.09050989151000977	fedaykin.goip.de
645120	0.24218034744262695	0.09042978286743164	fedaykin.goip.de
647136	0.24238920211791992	0.08951425552368164	fedaykin.goip.de
649152	0.24262642860412598	0.09027481079101562	fedaykin.goip.de
651168	0.24236178398132324	0.09014201164245605	fedaykin.goip.de
653184	0.2422657012939453	0.0910332202911377	fedaykin.goip.de
655200	0.2422487735748291	0.08981156349182129	fedaykin.goip.de
657216	0.21580910682678223	0.05769991874694824	fedaykin.goip.de
