1	0.941760778427124	0.08585095405578613	technetium.network
2016	0.3187727928161621	0.0863494873046875	technetium.network
4032	0.16821694374084473	0.08622407913208008	technetium.network
6048	0.16715002059936523	0.08761334419250488	technetium.network
8064	0.16736149787902832	0.08524394035339355	technetium.network
10080	0.16554927825927734	0.08624982833862305	technetium.network
12096	0.16528868675231934	0.0858759880065918	technetium.network
14112	0.16484713554382324	0.08614492416381836	technetium.network
16128	0.16494059562683105	0.08531045913696289	technetium.network
18144	0.7876393795013428	0.08660197257995605	technetium.network
20160	1.0363147258758545	0.08686566352844238	technetium.network
22176	0.4757423400878906	0.08569478988647461	technetium.network
24192	0.32007312774658203	0.08658719062805176	technetium.network
26208	0.31912779808044434	0.08573770523071289	technetium.network
28224	0.3192417621612549	0.08683633804321289	technetium.network
30240	0.31922435760498047	0.08593368530273438	technetium.network
32256	0.3195028305053711	0.08762598037719727	technetium.network
34272	0.31969451904296875	0.08605027198791504	technetium.network
36288	0.31949377059936523	0.1741931438446045	technetium.network
38304	0.3191382884979248	0.08632588386535645	technetium.network
40320	0.31935548782348633	0.08664298057556152	technetium.network
42336	0.31965017318725586	0.08659529685974121	technetium.network
44352	0.32094550132751465	0.08593916893005371	technetium.network
46368	0.3211958408355713	0.08602213859558105	technetium.network
48384	0.3207101821899414	0.08580923080444336	technetium.network
50400	0.31998252868652344	0.08720970153808594	technetium.network
52416	0.3211386203765869	0.08565282821655273	technetium.network
54432	0.3207101821899414	0.08671069145202637	technetium.network
56448	0.3214716911315918	0.08583235740661621	technetium.network
58464	0.3204667568206787	0.08569455146789551	technetium.network
60480	0.3208425045013428	0.08594894409179688	technetium.network
62496	0.32054591178894043	0.08592557907104492	technetium.network
64512	0.32076478004455566	0.08656191825866699	technetium.network
66528	0.32100725173950195	0.08551406860351562	technetium.network
68544	0.3203308582305908	0.08651089668273926	technetium.network
70560	0.3204667568206787	0.08634448051452637	technetium.network
72576	0.47469234466552734	0.08826446533203125	technetium.network
74592	0.47437214851379395	0.08743953704833984	technetium.network
76608	0.4739964008331299	0.08662033081054688	technetium.network
78624	0.31981968879699707	0.0864560604095459	technetium.network
80640	0.32021069526672363	0.08564305305480957	technetium.network
82656	0.32254528999328613	0.08468198776245117	technetium.network
84672	0.31948089599609375	0.08625960350036621	technetium.network
86688	0.31946635246276855	0.08428549766540527	technetium.network
88704	0.3200066089630127	0.0864560604095459	technetium.network
90720	0.3202784061431885	0.08441662788391113	technetium.network
92736	0.31989002227783203	0.08603858947753906	technetium.network
94752	0.3197286128997803	0.08685970306396484	technetium.network
96768	0.32006359100341797	0.08475708961486816	technetium.network
98784	0.3201303482055664	0.0838921070098877	technetium.network
100800	0.31987595558166504	0.08661007881164551	technetium.network
102816	0.3205850124359131	0.08411979675292969	technetium.network
104832	0.31993699073791504	0.08562374114990234	technetium.network
106848	0.3195772171020508	0.08695435523986816	technetium.network
108864	0.32079434394836426	0.0850534439086914	technetium.network
110880	0.32002830505371094	0.08596634864807129	technetium.network
112896	0.3203740119934082	0.08742070198059082	technetium.network
114912	0.31932878494262695	0.08697104454040527	technetium.network
116928	0.3198251724243164	0.08655261993408203	technetium.network
118944	0.3202672004699707	0.08773565292358398	technetium.network
120960	0.31983113288879395	0.08767390251159668	technetium.network
122976	0.31940698623657227	0.0863044261932373	technetium.network
124992	0.3193323612213135	0.08592534065246582	technetium.network
127008	0.319378137588501	0.08668351173400879	technetium.network
129024	0.47480010986328125	0.08689308166503906	technetium.network
131040	0.47449350357055664	0.08783221244812012	technetium.network
133056	0.3191204071044922	0.08801484107971191	technetium.network
135072	0.3195927143096924	0.08742284774780273	technetium.network
137088	0.32285189628601074	0.08768010139465332	technetium.network
139104	0.31934165954589844	0.08738374710083008	technetium.network
141120	0.3193967342376709	0.08757281303405762	technetium.network
143136	0.31975674629211426	0.08726167678833008	technetium.network
145152	0.318897008895874	0.08637523651123047	technetium.network
147168	0.3196601867675781	0.0866389274597168	technetium.network
149184	0.3193032741546631	0.08921289443969727	technetium.network
151200	0.3194246292114258	0.08768582344055176	technetium.network
153216	0.3192451000213623	0.08734655380249023	technetium.network
155232	0.3190615177154541	0.0875551700592041	technetium.network
157248	0.320192813873291	0.08793973922729492	technetium.network
159264	0.31969356536865234	0.08753442764282227	technetium.network
161280	0.47612524032592773	0.08699297904968262	technetium.network
163296	0.47519516944885254	0.08861351013183594	technetium.network
165312	0.4751408100128174	0.08923888206481934	technetium.network
167328	0.47386837005615234	0.08916592597961426	technetium.network
169344	0.4758903980255127	0.08833670616149902	technetium.network
171360	0.3201456069946289	0.08873987197875977	technetium.network
173376	0.32093191146850586	0.09008574485778809	technetium.network
175392	0.31992197036743164	0.08876204490661621	technetium.network
177408	0.32070159912109375	0.08870649337768555	technetium.network
179424	0.3195767402648926	0.08806872367858887	technetium.network
181440	0.32021617889404297	0.08904385566711426	technetium.network
183456	0.3209846019744873	0.08873701095581055	technetium.network
185472	0.3228466510772705	0.08851766586303711	technetium.network
187488	0.31938743591308594	0.08844375610351562	technetium.network
189504	0.31986236572265625	0.08904600143432617	technetium.network
191520	0.32157301902770996	0.08847188949584961	technetium.network
193536	0.32157468795776367	0.08817124366760254	technetium.network
195552	0.32210803031921387	0.08881735801696777	technetium.network
197568	0.3211028575897217	0.08871865272521973	technetium.network
199584	0.3207559585571289	0.08920907974243164	technetium.network
201600	0.3208315372467041	0.08809018135070801	technetium.network
203616	0.3210103511810303	0.08797001838684082	technetium.network
205632	0.3195784091949463	0.08837628364562988	technetium.network
207648	0.319368839263916	0.08827471733093262	technetium.network
209664	0.3194618225097656	0.08828973770141602	technetium.network
211680	0.31940722465515137	0.08813357353210449	technetium.network
213696	0.31971168518066406	0.08858847618103027	technetium.network
215712	0.319319486618042	0.08833456039428711	technetium.network
217728	0.31943297386169434	0.08877706527709961	technetium.network
219744	0.3198063373565674	0.08796954154968262	technetium.network
221760	0.31983470916748047	0.08869266510009766	technetium.network
223776	0.31922411918640137	0.08881497383117676	technetium.network
225792	0.32010722160339355	0.08753108978271484	technetium.network
227808	0.319427490234375	0.08807849884033203	technetium.network
229824	0.31902527809143066	0.08846473693847656	technetium.network
231840	0.3191657066345215	0.0891261100769043	technetium.network
233856	0.3193497657775879	0.08854007720947266	technetium.network
235872	0.31901097297668457	0.08864474296569824	technetium.network
237888	0.3192455768585205	0.09034585952758789	technetium.network
239904	0.31984376907348633	0.08851242065429688	technetium.network
241920	0.3192470073699951	0.0914144515991211	technetium.network
243936	0.31934642791748047	0.09019112586975098	technetium.network
245952	0.3198380470275879	0.08997607231140137	technetium.network
247968	0.3192160129547119	0.0892326831817627	technetium.network
249984	0.32048463821411133	0.08924269676208496	technetium.network
252000	0.31992554664611816	0.08764028549194336	technetium.network
254016	0.3198397159576416	0.0876166820526123	technetium.network
256032	0.31894850730895996	0.08566546440124512	technetium.network
258048	0.3196070194244385	0.08817052841186523	technetium.network
260064	0.319566011428833	0.08768057823181152	technetium.network
262080	0.31946229934692383	0.08758807182312012	technetium.network
264096	0.47413182258605957	0.08596205711364746	technetium.network
266112	0.3201110363006592	0.08636045455932617	technetium.network
268128	0.31964111328125	0.08772444725036621	technetium.network
270144	0.47605156898498535	0.08567619323730469	technetium.network
272160	0.4757571220397949	0.08673357963562012	technetium.network
274176	0.4747920036315918	0.08574938774108887	technetium.network
276192	0.4750480651855469	0.08484435081481934	technetium.network
278208	0.47478437423706055	0.08501601219177246	technetium.network
280224	0.47405052185058594	0.08732724189758301	technetium.network
282240	0.4738016128540039	0.08538055419921875	technetium.network
284256	0.4741847515106201	0.08630108833312988	technetium.network
286272	0.3209390640258789	0.08487534523010254	technetium.network
288288	0.3203458786010742	0.08568692207336426	technetium.network
290304	0.3204784393310547	0.08571696281433105	technetium.network
292320	0.32149624824523926	0.08778262138366699	technetium.network
294336	0.321239709854126	0.08833074569702148	technetium.network
296352	0.3203165531158447	0.08741021156311035	technetium.network
298368	0.47384095191955566	0.08928298950195312	technetium.network
300384	0.3225538730621338	0.08931469917297363	technetium.network
302400	0.47394442558288574	0.08636879920959473	technetium.network
304416	0.3195791244506836	0.08733725547790527	technetium.network
306432	0.32079648971557617	0.08834123611450195	technetium.network
308448	0.320920467376709	0.08766865730285645	technetium.network
310464	0.31934642791748047	0.08537864685058594	technetium.network
312480	0.3200044631958008	0.08624482154846191	technetium.network
314496	0.31996774673461914	0.08818316459655762	technetium.network
316512	0.3196072578430176	0.09002256393432617	technetium.network
318528	0.31955456733703613	0.08888649940490723	technetium.network
320544	0.319305419921875	0.09003639221191406	technetium.network
322560	0.3191189765930176	0.0889124870300293	technetium.network
324576	0.31936144828796387	0.08913040161132812	technetium.network
326592	0.3192453384399414	0.08924174308776855	technetium.network
328608	0.31972789764404297	0.08919358253479004	technetium.network
330624	0.31915855407714844	0.08887791633605957	technetium.network
332640	0.3211631774902344	0.08820247650146484	technetium.network
334656	0.32180309295654297	0.08909296989440918	technetium.network
336672	0.3192458152770996	0.08841371536254883	technetium.network
338688	0.32013583183288574	0.08903098106384277	technetium.network
340704	0.3209960460662842	0.0898733139038086	technetium.network
342720	0.3204045295715332	0.08971571922302246	technetium.network
344736	0.3196752071380615	0.08947253227233887	technetium.network
346752	0.32026243209838867	0.08989191055297852	technetium.network
348768	0.32058286666870117	0.08999490737915039	technetium.network
350784	0.32050061225891113	0.09018874168395996	technetium.network
352800	0.32021045684814453	0.09018278121948242	technetium.network
354816	0.32169675827026367	0.09018921852111816	technetium.network
356832	0.31981492042541504	0.08968329429626465	technetium.network
358848	0.4766402244567871	0.09053635597229004	technetium.network
360864	0.4747636318206787	0.0896153450012207	technetium.network
362880	0.3211362361907959	0.0889427661895752	technetium.network
364896	0.32082462310791016	0.08941268920898438	technetium.network
366912	0.3193552494049072	0.09001541137695312	technetium.network
368928	0.3213024139404297	0.08926701545715332	technetium.network
370944	0.31963419914245605	0.08999085426330566	technetium.network
372960	0.3204352855682373	0.08958053588867188	technetium.network
374976	0.31958866119384766	0.09091353416442871	technetium.network
376992	0.3193023204803467	0.0905144214630127	technetium.network
379008	0.3192179203033447	0.08991551399230957	technetium.network
381024	0.3193850517272949	0.08888769149780273	technetium.network
383040	0.31989407539367676	0.08977079391479492	technetium.network
385056	0.32115674018859863	0.0898442268371582	technetium.network
387072	0.31923437118530273	0.08984541893005371	technetium.network
389088	0.319019079208374	0.08962726593017578	technetium.network
391104	0.3208460807800293	0.08989071846008301	technetium.network
393120	0.32153773307800293	0.09024715423583984	technetium.network
395136	0.32094764709472656	0.08967089653015137	technetium.network
397152	0.3203921318054199	0.08907794952392578	technetium.network
399168	0.3197031021118164	0.08919501304626465	technetium.network
401184	0.320645809173584	0.08941650390625	technetium.network
403200	0.32100439071655273	0.08951354026794434	technetium.network
405216	0.32003188133239746	0.08897113800048828	technetium.network
407232	0.47478151321411133	0.08930206298828125	technetium.network
409248	0.47647809982299805	0.08886361122131348	technetium.network
411264	0.3205733299255371	0.09024596214294434	technetium.network
413280	0.3206820487976074	0.08929634094238281	technetium.network
415296	0.3195192813873291	0.08760571479797363	technetium.network
417312	0.3217604160308838	0.08722758293151855	technetium.network
419328	0.32112956047058105	0.08994340896606445	technetium.network
421344	0.319934606552124	0.08797907829284668	technetium.network
423360	0.3203914165496826	0.08777213096618652	technetium.network
425376	0.4753079414367676	0.08830809593200684	technetium.network
427392	0.47455716133117676	0.0882577896118164	technetium.network
429408	0.47566914558410645	0.0884401798248291	technetium.network
431424	0.47620201110839844	0.08891725540161133	technetium.network
433440	0.47408056259155273	0.08910894393920898	technetium.network
435456	0.3208012580871582	0.08855533599853516	technetium.network
437472	0.3210744857788086	0.08837127685546875	technetium.network
439488	0.32108330726623535	0.08889007568359375	technetium.network
441504	0.31966638565063477	0.0876152515411377	technetium.network
443520	0.32004857063293457	0.08859515190124512	technetium.network
445536	0.31980466842651367	0.08949756622314453	technetium.network
447552	0.32137060165405273	0.08757567405700684	technetium.network
449568	0.3203303813934326	0.08646583557128906	technetium.network
451584	0.3200380802154541	0.08722758293151855	technetium.network
453600	0.3200533390045166	0.08622074127197266	technetium.network
455616	0.32004261016845703	0.08637380599975586	technetium.network
457632	0.32009243965148926	0.08658576011657715	technetium.network
459648	0.32536745071411133	0.08744573593139648	technetium.network
461664	0.3224172592163086	0.08720588684082031	technetium.network
463680	0.32267165184020996	0.08701157569885254	technetium.network
465696	0.32016992568969727	0.08727693557739258	technetium.network
467712	0.3201603889465332	0.09072041511535645	technetium.network
469728	0.31937146186828613	0.08767294883728027	technetium.network
471744	0.3196580410003662	0.0877389907836914	technetium.network
473760	0.3196985721588135	0.08871674537658691	technetium.network
475776	0.32019567489624023	0.0884866714477539	technetium.network
477792	0.31960630416870117	0.08806467056274414	technetium.network
479808	0.32101988792419434	0.08790254592895508	technetium.network
481824	0.3194279670715332	0.08708882331848145	technetium.network
483840	0.3195984363555908	0.08739590644836426	technetium.network
485856	0.3198361396789551	0.08788251876831055	technetium.network
487872	0.31934118270874023	0.08859682083129883	technetium.network
489888	0.3194308280944824	0.0902855396270752	technetium.network
491904	0.31996846199035645	0.08874011039733887	technetium.network
493920	0.32060718536376953	0.08983039855957031	technetium.network
495936	0.31937265396118164	0.08943653106689453	technetium.network
497952	0.3196277618408203	0.08997559547424316	technetium.network
499968	0.3192601203918457	0.0895226001739502	technetium.network
501984	0.31983327865600586	0.08951878547668457	technetium.network
504000	0.31932687759399414	0.08884406089782715	technetium.network
506016	0.31972646713256836	0.08932924270629883	technetium.network
508032	0.3198559284210205	0.08925700187683105	technetium.network
510048	0.3193044662475586	0.0888364315032959	technetium.network
512064	0.31927013397216797	0.08990120887756348	technetium.network
514080	0.3195075988769531	0.08858919143676758	technetium.network
516096	0.3194594383239746	0.08858799934387207	technetium.network
518112	0.32195043563842773	0.08916854858398438	technetium.network
520128	0.3199608325958252	0.08838105201721191	technetium.network
522144	0.47659897804260254	0.08939290046691895	technetium.network
524160	0.474398136138916	0.08884000778198242	technetium.network
526176	0.3209657669067383	0.08941006660461426	technetium.network
528192	0.32062435150146484	0.08885669708251953	technetium.network
530208	0.32109498977661133	0.08869791030883789	technetium.network
532224	0.32137298583984375	0.08852291107177734	technetium.network
534240	0.47563648223876953	0.08935713768005371	technetium.network
536256	0.4763929843902588	0.08915472030639648	technetium.network
538272	0.4762380123138428	0.08908629417419434	technetium.network
540288	0.47454237937927246	0.08925724029541016	technetium.network
542304	0.47588443756103516	0.08791613578796387	technetium.network
544320	0.476240873336792	0.08963942527770996	technetium.network
546336	0.32164883613586426	0.08940529823303223	technetium.network
548352	0.321666955947876	0.09123420715332031	technetium.network
550368	0.32085633277893066	0.08902406692504883	technetium.network
552384	0.3205540180206299	0.08950686454772949	technetium.network
554400	0.3218715190887451	0.08909845352172852	technetium.network
556416	0.3215775489807129	0.0903465747833252	technetium.network
558432	0.3209037780761719	0.08832025527954102	technetium.network
560448	0.3210158348083496	0.08883881568908691	technetium.network
562464	0.32157230377197266	0.08826375007629395	technetium.network
564480	0.3212134838104248	0.08980274200439453	technetium.network
566496	0.321108341217041	0.0901341438293457	technetium.network
568512	0.3209221363067627	0.08999752998352051	technetium.network
570528	0.32111310958862305	0.0895240306854248	technetium.network
572544	0.32064366340637207	0.08980917930603027	technetium.network
574560	0.320812463760376	0.09032797813415527	technetium.network
576576	0.32129406929016113	0.0900723934173584	technetium.network
578592	0.32012009620666504	0.0904085636138916	technetium.network
580608	0.320920467376709	0.08991765975952148	technetium.network
582624	0.3208737373352051	0.08878016471862793	technetium.network
584640	0.3208122253417969	0.08945059776306152	technetium.network
586656	0.3205697536468506	0.08943986892700195	technetium.network
588672	0.320404052734375	0.0902090072631836	technetium.network
590688	0.320542573928833	0.08964967727661133	technetium.network
592704	0.32144904136657715	0.09060287475585938	technetium.network
594720	0.3211226463317871	0.09076786041259766	electrum.aantonop.com
596736	0.32129621505737305	0.09017682075500488	electrum.aantonop.com
598752	0.32085156440734863	0.08915829658508301	electrum.aantonop.com
600768	0.3203885555267334	0.0894930362701416	electrum.aantonop.com
602784	0.3218057155609131	0.09039568901062012	electrum.aantonop.com
604800	0.32103395462036133	0.08823943138122559	electrum.aantonop.com
606816	0.32098937034606934	0.09004569053649902	electrum.aantonop.com
608832	0.3214547634124756	0.09019804000854492	electrum.aantonop.com
610848	0.32149553298950195	0.09030508995056152	electrum.aantonop.com
612864	0.3210299015045166	0.08842945098876953	electrum.aantonop.com
614880	0.3210721015930176	0.08866119384765625	electrum.aantonop.com
616896	0.32129693031311035	0.08886265754699707	electrum.aantonop.com
618912	0.3216822147369385	0.08893871307373047	electrum.aantonop.com
620928	0.32068300247192383	0.08814501762390137	electrum.aantonop.com
622944	0.3203699588775635	0.0893855094909668	electrum.aantonop.com
624960	0.3205544948577881	0.08868288993835449	electrum.aantonop.com
626976	0.3205265998840332	0.08750557899475098	electrum.aantonop.com
628992	0.4759354591369629	0.08762145042419434	electrum.aantonop.com
631008	0.4751765727996826	0.08782625198364258	electrum.aantonop.com
633024	0.32128453254699707	0.08757829666137695	electrum.aantonop.com
635040	0.32030725479125977	0.08910942077636719	electrum.aantonop.com
637056	0.32104039192199707	0.08762240409851074	electrum.aantonop.com
639072	0.32027721405029297	0.08785867691040039	electrum.aantonop.com
641088	0.32097458839416504	0.08770394325256348	electrum.aantonop.com
643104	0.3210763931274414	0.08733725547790527	electrum.aantonop.com
645120	0.3214128017425537	0.08759021759033203	electrum.aantonop.com
647136	0.32038021087646484	0.08758401870727539	electrum.aantonop.com
649152	0.32041096687316895	0.0889127254486084	electrum.aantonop.com
651168	0.32097959518432617	0.08892822265625	electrum.aantonop.com
653184	0.3212611675262451	0.08822178840637207	electrum.aantonop.com
655200	0.3205873966217041	0.08873748779296875	electrum.aantonop.com
657216	0.16379714012145996	0.05581331253051758	electrum.aantonop.com
