1	1.9678850173950195	0.08551144599914551	E-X.not.fyi
2016	0.667280912399292	0.08584809303283691	E-X.not.fyi
4032	0.3456766605377197	0.08587384223937988	E-X.not.fyi
6048	0.4593806266784668	0.08523249626159668	E-X.not.fyi
8064	0.6637873649597168	0.08623147010803223	E-X.not.fyi
10080	0.34139227867126465	0.08607673645019531	E-X.not.fyi
12096	0.34170031547546387	0.08614754676818848	E-X.not.fyi
14112	0.34555840492248535	0.08577084541320801	E-X.not.fyi
16128	0.6674149036407471	0.1738889217376709	E-X.not.fyi
18145	1.455129623413086	0.08716416358947754	electrum.emzy.de
20160	1.5696516036987305	0.08582949638366699	electrum.emzy.de
22176	1.5976881980895996	0.08615612983703613	electrum.emzy.de
24192	1.627230167388916	0.08412051200866699	electrum.emzy.de
26208	1.657271146774292	0.08893871307373047	electrum.emzy.de
28224	1.6896309852600098	0.08600950241088867	electrum.emzy.de
30240	1.7214696407318115	0.08524537086486816	electrum.emzy.de
32256	1.7564504146575928	0.08535170555114746	electrum.emzy.de
34272	1.7862372398376465	0.08528923988342285	electrum.emzy.de
36288	1.8200125694274902	0.08573508262634277	electrum.emzy.de
38304	1.8507509231567383	0.08538436889648438	electrum.emzy.de
40320	1.8839921951293945	0.08576536178588867	electrum.emzy.de
42336	1.9182045459747314	0.08665060997009277	electrum.emzy.de
44352	1.9655036926269531	0.0848245620727539	electrum.emzy.de
46368	2.2667076587677	0.0864710807800293	electrum.emzy.de
48384	2.295008897781372	0.08474278450012207	electrum.emzy.de
50400	2.365729808807373	0.08514738082885742	electrum.emzy.de
52416	2.3716015815734863	0.08725285530090332	electrum.emzy.de
54432	2.395378589630127	0.08657956123352051	electrum.emzy.de
56448	2.236246347427368	0.08658480644226074	electrum.emzy.de
58464	2.2665538787841797	0.08578085899353027	electrum.emzy.de
60480	2.299039840698242	0.086669921875	electrum.emzy.de
62496	2.3334197998046875	0.0863955020904541	electrum.emzy.de
64512	2.3656911849975586	0.08636093139648438	electrum.emzy.de
66528	2.399749755859375	0.08569622039794922	electrum.emzy.de
68544	2.433739423751831	0.09304547309875488	electrum.emzy.de
70560	2.4724481105804443	0.08775711059570312	electrum.emzy.de
72576	2.5245909690856934	0.0871880054473877	electrum.emzy.de
74592	2.54319167137146	0.08643341064453125	electrum.emzy.de
76608	2.5922389030456543	0.08652019500732422	electrum.emzy.de
78624	2.611279010772705	0.08582639694213867	electrum.emzy.de
80640	2.644231081008911	0.0877223014831543	electrum.emzy.de
82656	2.711115837097168	0.08566617965698242	electrum.emzy.de
84672	2.989736795425415	0.08608508110046387	electrum.emzy.de
86688	3.024205446243286	0.08582830429077148	electrum.emzy.de
88704	3.104785680770874	0.08678603172302246	electrum.emzy.de
90720	3.09060001373291	0.08745503425598145	electrum.emzy.de
92736	3.2010958194732666	0.08748483657836914	electrum.emzy.de
94752	3.163926839828491	0.08816194534301758	electrum.emzy.de
96768	3.1915860176086426	0.08576607704162598	electrum.emzy.de
98784	3.22221040725708	0.08771347999572754	electrum.emzy.de
100800	3.2478067874908447	0.0872199535369873	electrum.emzy.de
102816	3.283674955368042	0.08731675148010254	electrum.emzy.de
104832	3.303729295730591	0.08764100074768066	electrum.emzy.de
106848	3.332801342010498	0.08477449417114258	electrum.emzy.de
108864	3.416907548904419	0.08714437484741211	electrum.emzy.de
110880	3.973853349685669	0.0870976448059082	electrum.emzy.de
112896	3.4333486557006836	0.08827066421508789	electrum.emzy.de
114912	3.4539833068847656	0.08902287483215332	electrum.emzy.de
116928	3.4833920001983643	0.0883474349975586	electrum.emzy.de
118944	3.5158493518829346	0.09042882919311523	electrum.emzy.de
120960	3.5434677600860596	0.0894477367401123	electrum.emzy.de
122976	3.566882610321045	0.08823227882385254	electrum.emzy.de
124992	3.5953869819641113	0.0870368480682373	electrum.emzy.de
127008	3.6257688999176025	0.08984804153442383	electrum.emzy.de
129024	3.6509816646575928	0.08807110786437988	electrum.emzy.de
131040	3.6830708980560303	0.08747315406799316	electrum.emzy.de
133056	3.7303004264831543	0.08766746520996094	electrum.emzy.de
135072	3.736860990524292	0.08853340148925781	electrum.emzy.de
137088	3.767127275466919	0.08721089363098145	electrum.emzy.de
139104	3.7944729328155518	0.0874943733215332	electrum.emzy.de
141120	3.819423198699951	0.08802962303161621	electrum.emzy.de
143136	3.9308924674987793	0.08718013763427734	electrum.emzy.de
145152	3.875869035720825	0.08726143836975098	electrum.emzy.de
147168	14.902360916137695	0.08669161796569824	electrum.emzy.de
149185	1.7306878566741943	0.08967041969299316	ex.btcmp.com
151200	2.744466781616211	0.08736538887023926	ex.btcmp.com
153216	2.673417091369629	0.08826732635498047	ex.btcmp.com
155232	2.6996490955352783	0.08736896514892578	ex.btcmp.com
157248	2.874490737915039	0.08844256401062012	ex.btcmp.com
159264	2.9624390602111816	0.08704209327697754	ex.btcmp.com
161280	2.8379158973693848	0.0881505012512207	ex.btcmp.com
163296	2.5567150115966797	0.0876927375793457	ex.btcmp.com
165312	2.538058280944824	0.08963346481323242	ex.btcmp.com
167328	2.547273635864258	0.08631420135498047	ex.btcmp.com
169344	2.5874710083007812	0.087677001953125	ex.btcmp.com
171360	2.9122207164764404	0.08699822425842285	ex.btcmp.com
173376	2.6550140380859375	0.08663177490234375	ex.btcmp.com
175392	4.923264503479004	0.08687758445739746	ex.btcmp.com
177408	7.199908256530762	0.08764028549194336	ex.btcmp.com
179424	2.749253273010254	0.0875699520111084	ex.btcmp.com
181440	2.769329786300659	0.08756518363952637	ex.btcmp.com
183456	2.7571942806243896	0.08642053604125977	ex.btcmp.com
185472	2.8115956783294678	0.08740687370300293	ex.btcmp.com
187488	2.81933856010437	0.08594703674316406	ex.btcmp.com
189504	2.8580586910247803	0.08613228797912598	ex.btcmp.com
191520	2.970655679702759	0.08734488487243652	ex.btcmp.com
193536	2.959681272506714	0.08854150772094727	ex.btcmp.com
195552	3.0222666263580322	0.08710837364196777	ex.btcmp.com
197568	2.9778432846069336	0.08764505386352539	ex.btcmp.com
199584	2.994255781173706	0.08756518363952637	ex.btcmp.com
201600	3.018296003341675	0.08747982978820801	ex.btcmp.com
203616	3.2067196369171143	0.08780622482299805	ex.btcmp.com
205632	3.659688949584961	0.08883953094482422	ex.btcmp.com
207648	3.361149311065674	0.08587527275085449	ex.btcmp.com
209664	3.13291072845459	0.08777213096618652	ex.btcmp.com
