1	0.9384684562683105	0.08599662780761719	ecdsa.net
2016	2.286529064178467	0.08691167831420898	ecdsa.net
4032	2.320862293243408	0.08616876602172852	ecdsa.net
6048	2.379753589630127	0.17124080657958984	ecdsa.net
8064	2.4245119094848633	0.08597540855407715	ecdsa.net
10080	2.4580814838409424	0.0871429443359375	ecdsa.net
12096	2.507514715194702	0.08658409118652344	ecdsa.net
14112	2.5434634685516357	0.08643889427185059	ecdsa.net
16128	2.7203845977783203	0.08623099327087402	ecdsa.net
18144	2.6385433673858643	0.0865473747253418	ecdsa.net
20160	2.7175405025482178	0.08609819412231445	ecdsa.net
22176	3.4080612659454346	0.0852513313293457	ecdsa.net
24192	2.7866995334625244	0.12436485290527344	ecdsa.net
26208	2.8528993129730225	0.0859365463256836	ecdsa.net
28224	2.8813858032226562	0.08661198616027832	ecdsa.net
30240	2.9379589557647705	0.08683538436889648	ecdsa.net
32256	3.1456058025360107	0.08648872375488281	ecdsa.net
34272	3.0589258670806885	0.08843851089477539	ecdsa.net
36288	3.0703887939453125	0.08844995498657227	ecdsa.net
38304	3.130331516265869	0.08666443824768066	ecdsa.net
40320	3.1602771282196045	0.08681011199951172	ecdsa.net
42336	3.2210452556610107	0.0870976448059082	ecdsa.net
44352	12.511538982391357	0.08636331558227539	ecdsa.net
46369	1.5915160179138184	0.08622884750366211	ecdsa.net
48384	0.5448198318481445	0.08581995964050293	ecdsa.net
50400	0.3574402332305908	0.08595442771911621	ecdsa.net
52416	0.3514714241027832	0.08593392372131348	ecdsa.net
54432	0.3337855339050293	0.08667349815368652	ecdsa.net
56448	0.3516106605529785	0.08636021614074707	ecdsa.net
58464	0.35292911529541016	0.08603739738464355	ecdsa.net
60480	0.33919787406921387	0.08490681648254395	ecdsa.net
62496	0.34845852851867676	0.08616471290588379	ecdsa.net
64512	0.3531911373138428	0.0861506462097168	ecdsa.net
66528	0.3562159538269043	0.08692646026611328	ecdsa.net
68544	0.354999303817749	0.08515548706054688	ecdsa.net
70560	0.3545382022857666	0.08479428291320801	ecdsa.net
72576	0.3335268497467041	0.08611536026000977	ecdsa.net
74592	0.33429884910583496	0.0868229866027832	ecdsa.net
76608	0.3574528694152832	0.08630776405334473	ecdsa.net
78624	0.35439085960388184	0.08816671371459961	ecdsa.net
80640	0.356203556060791	0.08676958084106445	ecdsa.net
82656	0.3521864414215088	0.08585429191589355	ecdsa.net
84672	0.33254051208496094	0.08573770523071289	ecdsa.net
86688	0.35086679458618164	0.0868992805480957	ecdsa.net
88704	0.35547757148742676	0.08544611930847168	ecdsa.net
90720	0.35446977615356445	0.0862579345703125	ecdsa.net
92736	0.355790376663208	0.09327149391174316	ecdsa.net
94752	0.3370490074157715	0.08582758903503418	ecdsa.net
96768	0.35324764251708984	0.09036779403686523	ecdsa.net
98784	0.35187292098999023	0.08576607704162598	ecdsa.net
100800	0.3576467037200928	0.08720183372497559	ecdsa.net
102816	0.3687782287597656	0.08657479286193848	ecdsa.net
104832	0.3323943614959717	0.08599591255187988	ecdsa.net
106848	0.35517215728759766	0.08705854415893555	ecdsa.net
108864	0.35546445846557617	0.08643317222595215	ecdsa.net
110880	0.35038232803344727	0.08774685859680176	ecdsa.net
112896	0.3522484302520752	0.08985519409179688	ecdsa.net
114912	0.3315906524658203	0.08745288848876953	ecdsa.net
116928	0.35166501998901367	0.08768630027770996	ecdsa.net
118944	0.353010892868042	0.08700990676879883	ecdsa.net
120960	0.3571205139160156	0.08799266815185547	ecdsa.net
122976	0.3541996479034424	0.08980131149291992	ecdsa.net
124992	0.35271143913269043	0.08669471740722656	ecdsa.net
127008	0.3508119583129883	0.08578658103942871	ecdsa.net
129024	0.3374035358428955	0.08513760566711426	ecdsa.net
131040	0.3601510524749756	0.08571147918701172	ecdsa.net
133056	0.3596186637878418	0.08597898483276367	ecdsa.net
135072	0.35460638999938965	0.08578228950500488	ecdsa.net
137088	0.3503994941711426	0.08593225479125977	ecdsa.net
139104	0.3602781295776367	0.08672451972961426	ecdsa.net
141120	0.35660648345947266	0.08651876449584961	ecdsa.net
143136	0.3563365936279297	0.08733081817626953	ecdsa.net
145153	2.3309755325317383	0.08707165718078613	electrumx.erbium.eu
147168	0.6744499206542969	0.08741497993469238	electrumx.erbium.eu
149184	0.3409769535064697	0.08695244789123535	electrumx.erbium.eu
151200	0.3429086208343506	0.08672523498535156	electrumx.erbium.eu
153216	0.34511446952819824	0.08735275268554688	electrumx.erbium.eu
155232	0.3653903007507324	0.08732199668884277	electrumx.erbium.eu
157248	0.3392970561981201	0.08670592308044434	electrumx.erbium.eu
159264	0.3485231399536133	0.08732056617736816	electrumx.erbium.eu
161280	0.34067296981811523	0.08741545677185059	electrumx.erbium.eu
163296	0.4843158721923828	0.08775997161865234	electrumx.erbium.eu
165312	0.3397071361541748	0.08918356895446777	electrumx.erbium.eu
167329	4.327326536178589	0.08709192276000977	electrumx.erbium.eu
169344	4.4489216804504395	0.08663225173950195	electrumx.erbium.eu
171360	4.476145029067993	0.08600497245788574	electrumx.erbium.eu
173376	4.50766921043396	0.08761382102966309	electrumx.erbium.eu
175393	4.9232213497161865	0.08847379684448242	electrumx.erbium.eu
177408	2.4677658081054688	0.08710312843322754	electrumx.erbium.eu
179424	1.7644248008728027	0.08776021003723145	electrumx.erbium.eu
181440	1.8061785697937012	0.08820891380310059	electrumx.erbium.eu
183456	3.856685161590576	0.0882422924041748	electrumx.erbium.eu
185472	0.9746561050415039	0.08780837059020996	electrumx.erbium.eu
187488	0.7410678863525391	0.0882868766784668	electrumx.erbium.eu
189504	0.8664860725402832	0.08792352676391602	electrumx.erbium.eu
191520	0.8680393695831299	0.08782052993774414	electrumx.erbium.eu
193536	3.0986201763153076	0.08810114860534668	electrumx.erbium.eu
195552	5.6213109493255615	0.08800077438354492	electrumx.erbium.eu
197568	2.8999640941619873	0.08681368827819824	electrumx.erbium.eu
199584	1.492753267288208	0.08850765228271484	electrumx.erbium.eu
201600	1.3778786659240723	0.0867757797241211	electrumx.erbium.eu
203616	1.8771238327026367	0.08792662620544434	electrumx.erbium.eu
205632	1.4654228687286377	0.08878183364868164	electrumx.erbium.eu
207648	0.6310176849365234	0.0877387523651123	electrumx.erbium.eu
209664	0.7347948551177979	0.08811712265014648	electrumx.erbium.eu
211680	0.8932561874389648	0.08809232711791992	electrumx.erbium.eu
213696	0.7156529426574707	0.0881657600402832	electrumx.erbium.eu
215712	0.9656796455383301	0.08837342262268066	electrumx.erbium.eu
217728	0.8075549602508545	0.08886981010437012	electrumx.erbium.eu
219744	0.8189723491668701	0.0882265567779541	electrumx.erbium.eu
221760	2.350971221923828	0.08702921867370605	electrumx.erbium.eu
223776	1.0860860347747803	0.08720254898071289	electrumx.erbium.eu
225792	0.791393518447876	0.08805990219116211	electrumx.erbium.eu
227808	0.8865811824798584	0.09246182441711426	electrumx.erbium.eu
229824	0.7873892784118652	0.08801651000976562	electrumx.erbium.eu
231840	0.767693281173706	0.08826160430908203	electrumx.erbium.eu
233856	1.8297834396362305	0.08701682090759277	electrumx.erbium.eu
235872	0.7357938289642334	0.0871126651763916	electrumx.erbium.eu
237888	0.7343571186065674	0.08721613883972168	electrumx.erbium.eu
239904	0.898134708404541	0.0872342586517334	electrumx.erbium.eu
241920	0.7147290706634521	0.08938312530517578	electrumx.erbium.eu
243936	0.695875883102417	0.0890800952911377	electrumx.erbium.eu
245952	0.9793508052825928	0.08934235572814941	electrumx.erbium.eu
247968	0.8692917823791504	0.09036397933959961	electrumx.erbium.eu
249984	0.914055585861206	0.08710718154907227	electrumx.erbium.eu
252000	0.8995616436004639	0.08865070343017578	electrumx.erbium.eu
254016	0.8876082897186279	0.08767461776733398	electrumx.erbium.eu
256032	0.8138647079467773	0.08926701545715332	electrumx.erbium.eu
258048	0.8346354961395264	0.08720517158508301	electrumx.erbium.eu
260064	0.7245674133300781	0.08745718002319336	electrumx.erbium.eu
262080	0.8564097881317139	0.08781003952026367	electrumx.erbium.eu
264096	0.8297853469848633	0.08807921409606934	electrumx.erbium.eu
266112	0.8201093673706055	0.08813834190368652	electrumx.erbium.eu
268128	0.784998893737793	0.08691573143005371	electrumx.erbium.eu
270144	3.341826915740967	0.088226318359375	electrumx.erbium.eu
272160	0.8635208606719971	0.08725261688232422	electrumx.erbium.eu
274176	0.7325835227966309	0.08809018135070801	electrumx.erbium.eu
276192	0.8259267807006836	0.08751869201660156	electrumx.erbium.eu
278208	0.3560924530029297	0.08777451515197754	electrumx.erbium.eu
280224	0.3590867519378662	0.08731770515441895	electrumx.erbium.eu
282240	0.3616502285003662	0.08862781524658203	electrumx.erbium.eu
284256	0.36138296127319336	0.08740496635437012	electrumx.erbium.eu
286272	0.3502781391143799	0.08795642852783203	electrumx.erbium.eu
288288	0.3527350425720215	0.08799910545349121	electrumx.erbium.eu
290304	0.35921335220336914	0.08774304389953613	electrumx.erbium.eu
292320	1.624201774597168	0.08822274208068848	electrumx.erbium.eu
294336	0.7573838233947754	0.08867001533508301	electrumx.erbium.eu
296352	0.7794315814971924	0.08791899681091309	electrumx.erbium.eu
298368	0.8799219131469727	0.08857917785644531	electrumx.erbium.eu
300384	0.8665511608123779	0.08855795860290527	electrumx.erbium.eu
302400	0.781768798828125	0.08878922462463379	electrumx.erbium.eu
304416	0.8086645603179932	0.08725214004516602	electrumx.erbium.eu
306432	2.3856983184814453	0.08800625801086426	electrumx.erbium.eu
308448	1.6616203784942627	0.08906960487365723	electrumx.erbium.eu
310464	1.5096526145935059	0.08812904357910156	electrumx.erbium.eu
312480	0.778862714767456	0.08865070343017578	electrumx.erbium.eu
314496	0.8525214195251465	0.0889892578125	electrumx.erbium.eu
316512	0.37424135208129883	0.0886528491973877	electrumx.erbium.eu
318528	0.9465172290802002	0.08980655670166016	electrumx.erbium.eu
320544	0.5864200592041016	0.0899360179901123	electrumx.erbium.eu
322560	1.335660457611084	0.08924221992492676	electrumx.erbium.eu
324576	0.8914391994476318	0.08855104446411133	electrumx.erbium.eu
326592	0.8344752788543701	0.08862447738647461	electrumx.erbium.eu
328608	0.8799996376037598	0.08881831169128418	electrumx.erbium.eu
330624	0.8170292377471924	0.09066939353942871	electrumx.erbium.eu
332640	0.7973523139953613	0.08903741836547852	electrumx.erbium.eu
334656	0.8148972988128662	0.08833074569702148	electrumx.erbium.eu
336672	0.8972980976104736	0.08947157859802246	electrumx.erbium.eu
338688	2.3958499431610107	0.08830022811889648	electrumx.erbium.eu
340704	1.5134332180023193	0.08964943885803223	electrumx.erbium.eu
342720	0.35426926612854004	0.08816814422607422	electrumx.erbium.eu
344736	0.9033043384552002	0.08880305290222168	electrumx.erbium.eu
346752	0.8355526924133301	0.08935761451721191	electrumx.erbium.eu
348768	0.8033201694488525	0.08930325508117676	electrumx.erbium.eu
350784	0.751788854598999	0.08849811553955078	electrumx.erbium.eu
352800	0.3513343334197998	0.08815574645996094	electrumx.erbium.eu
354816	0.35805702209472656	0.0885305404663086	electrumx.erbium.eu
356832	0.8911583423614502	0.08792495727539062	electrumx.erbium.eu
358848	1.0438952445983887	0.08875155448913574	electrumx.erbium.eu
360864	0.7865009307861328	0.08890366554260254	electrumx.erbium.eu
362880	0.7796189785003662	0.08901429176330566	electrumx.erbium.eu
364896	0.8149228096008301	0.08856987953186035	electrumx.erbium.eu
366912	0.8555805683135986	0.08965754508972168	electrumx.erbium.eu
368928	0.7619545459747314	0.08946061134338379	electrumx.erbium.eu
370944	2.28037166595459	0.08794832229614258	electrumx.erbium.eu
372960	1.4981811046600342	0.0884084701538086	electrumx.erbium.eu
374976	0.36925649642944336	0.08977913856506348	electrumx.erbium.eu
376992	0.9102239608764648	0.08865499496459961	electrumx.erbium.eu
379008	0.7071092128753662	0.08975076675415039	electrumx.erbium.eu
381024	0.7957828044891357	0.08828210830688477	electrumx.erbium.eu
383040	0.8320167064666748	0.08911776542663574	electrumx.erbium.eu
385056	1.0999789237976074	0.0892951488494873	electrumx.erbium.eu
387072	0.34917640686035156	0.0895838737487793	electrumx.erbium.eu
389088	1.0762126445770264	0.08915925025939941	electrumx.erbium.eu
391104	0.7695550918579102	0.08906936645507812	electrumx.erbium.eu
393120	0.7510101795196533	0.08920836448669434	electrumx.erbium.eu
395136	0.7937610149383545	0.08931446075439453	electrumx.erbium.eu
397152	0.8585634231567383	0.08881783485412598	electrumx.erbium.eu
399168	0.8219661712646484	0.08809947967529297	electrumx.erbium.eu
401184	2.826934337615967	0.09037232398986816	electrumx.erbium.eu
403200	0.7914996147155762	0.08884382247924805	electrumx.erbium.eu
405216	0.8191831111907959	0.08914518356323242	electrumx.erbium.eu
407232	0.722482442855835	0.0881495475769043	electrumx.erbium.eu
409248	0.9036262035369873	0.08926534652709961	electrumx.erbium.eu
411264	0.7685809135437012	0.08887672424316406	electrumx.erbium.eu
413280	0.7112641334533691	0.08925366401672363	electrumx.erbium.eu
415296	0.358687162399292	0.08937621116638184	electrumx.erbium.eu
417312	0.35524845123291016	0.08867263793945312	electrumx.erbium.eu
419328	1.5787608623504639	0.08902168273925781	electrumx.erbium.eu
421344	0.424699068069458	0.0886833667755127	electrumx.erbium.eu
423360	1.0384275913238525	0.08710002899169922	electrumx.erbium.eu
425376	0.8432247638702393	0.08836483955383301	electrumx.erbium.eu
427392	0.8774111270904541	0.08789443969726562	electrumx.erbium.eu
429408	0.804969310760498	0.08887815475463867	electrumx.erbium.eu
431424	0.8027987480163574	0.08659720420837402	electrumx.erbium.eu
433440	0.8100121021270752	0.08761072158813477	electrumx.erbium.eu
435456	2.4205844402313232	0.08914947509765625	electrumx.erbium.eu
437472	1.0751891136169434	0.1767106056213379	electrumx.erbium.eu
439488	0.7412586212158203	0.17579436302185059	electrumx.erbium.eu
