1	1.6660678386688232	0.08424925804138184	fortress.qtornado.com
2016	0.5666449069976807	0.0842440128326416	fortress.qtornado.com
4032	0.2883617877960205	0.08542370796203613	fortress.qtornado.com
6048	0.2887299060821533	0.08571171760559082	fortress.qtornado.com
8065	1.7718122005462646	0.08578872680664062	fortress.qtornado.com
10080	0.6013526916503906	0.0858469009399414	fortress.qtornado.com
12096	0.3012678623199463	0.17604398727416992	fortress.qtornado.com
14112	0.29982781410217285	0.11346626281738281	fortress.qtornado.com
16128	0.29915475845336914	0.08582425117492676	fortress.qtornado.com
18144	0.29924488067626953	0.08571362495422363	fortress.qtornado.com
20160	0.29926371574401855	0.08556962013244629	fortress.qtornado.com
22176	0.3011763095855713	0.08609867095947266	fortress.qtornado.com
24192	0.2995429039001465	0.08585524559020996	fortress.qtornado.com
26208	0.2998518943786621	0.08595156669616699	fortress.qtornado.com
28224	0.29982829093933105	0.08532834053039551	fortress.qtornado.com
30241	1.967653751373291	0.0863487720489502	fortress.qtornado.com
32256	0.5686731338500977	0.08672666549682617	fortress.qtornado.com
34272	0.30226874351501465	0.08676624298095703	fortress.qtornado.com
36288	0.28861141204833984	0.09010148048400879	fortress.qtornado.com
38304	0.286745548248291	0.08673095703125	fortress.qtornado.com
40320	0.2879626750946045	0.08481454849243164	fortress.qtornado.com
42336	0.28684091567993164	0.08545565605163574	fortress.qtornado.com
44352	0.2896003723144531	0.08587503433227539	fortress.qtornado.com
46368	0.28786563873291016	0.08584427833557129	fortress.qtornado.com
48384	0.2876877784729004	0.08559393882751465	fortress.qtornado.com
50400	0.2907874584197998	0.08442330360412598	fortress.qtornado.com
52416	0.2872762680053711	0.09865570068359375	fortress.qtornado.com
54432	0.28748536109924316	0.08481788635253906	fortress.qtornado.com
56448	0.28769540786743164	0.0849924087524414	fortress.qtornado.com
58464	0.28781867027282715	0.0851752758026123	fortress.qtornado.com
60480	0.28682541847229004	0.08427691459655762	fortress.qtornado.com
62496	0.2869231700897217	0.08436298370361328	fortress.qtornado.com
64512	0.28753042221069336	0.08778691291809082	fortress.qtornado.com
66528	0.28697943687438965	0.08542728424072266	fortress.qtornado.com
68544	0.2871856689453125	0.08519172668457031	fortress.qtornado.com
70560	0.28702473640441895	0.08481764793395996	fortress.qtornado.com
72576	0.2868037223815918	0.08587002754211426	fortress.qtornado.com
74592	0.2875804901123047	0.08769750595092773	fortress.qtornado.com
76608	0.2869880199432373	0.08584380149841309	fortress.qtornado.com
78624	0.28696727752685547	0.09054183959960938	fortress.qtornado.com
80640	0.28673601150512695	0.0861363410949707	fortress.qtornado.com
82656	0.287656307220459	0.08557510375976562	fortress.qtornado.com
84672	0.28733396530151367	0.08571100234985352	fortress.qtornado.com
86688	0.2869713306427002	0.0854499340057373	fortress.qtornado.com
88704	0.28675150871276855	0.08549094200134277	fortress.qtornado.com
90720	0.28685784339904785	0.08412003517150879	fortress.qtornado.com
92736	0.2870001792907715	0.08475804328918457	fortress.qtornado.com
94752	0.2876899242401123	0.08476829528808594	fortress.qtornado.com
96768	0.2868661880493164	0.08662533760070801	fortress.qtornado.com
98784	0.2867763042449951	0.08557462692260742	fortress.qtornado.com
100800	0.2871518135070801	0.08673977851867676	fortress.qtornado.com
102816	0.2874314785003662	0.08623313903808594	fortress.qtornado.com
104832	0.28766536712646484	0.08623981475830078	fortress.qtornado.com
106848	0.28684139251708984	0.0849003791809082	fortress.qtornado.com
108864	0.2880516052246094	0.08543920516967773	fortress.qtornado.com
110880	0.2915022373199463	0.11857366561889648	fortress.qtornado.com
112896	0.28719544410705566	0.08678889274597168	fortress.qtornado.com
114912	0.2876129150390625	0.08635330200195312	fortress.qtornado.com
116928	0.2867417335510254	0.08634400367736816	fortress.qtornado.com
118944	0.2868168354034424	0.0874631404876709	fortress.qtornado.com
120960	0.2868232727050781	0.08739805221557617	fortress.qtornado.com
122976	0.28696370124816895	0.0864560604095459	fortress.qtornado.com
124992	0.2878551483154297	0.08672428131103516	fortress.qtornado.com
127008	0.2887873649597168	0.08562994003295898	fortress.qtornado.com
129024	0.2870447635650635	0.08570647239685059	fortress.qtornado.com
131040	0.28905582427978516	0.08478260040283203	fortress.qtornado.com
133056	0.2892765998840332	0.0859832763671875	fortress.qtornado.com
135072	0.2874565124511719	0.08497047424316406	fortress.qtornado.com
137088	0.2991952896118164	0.08533096313476562	fortress.qtornado.com
139104	0.28777551651000977	0.08549332618713379	fortress.qtornado.com
141120	0.3229653835296631	0.08636951446533203	fortress.qtornado.com
143136	0.28711509704589844	0.08618617057800293	fortress.qtornado.com
145152	0.28778719902038574	0.08523058891296387	fortress.qtornado.com
147168	0.28745079040527344	0.08551955223083496	fortress.qtornado.com
149184	0.28674769401550293	0.08719730377197266	fortress.qtornado.com
151200	0.28717589378356934	0.08652997016906738	fortress.qtornado.com
153216	0.287076473236084	0.08629727363586426	fortress.qtornado.com
155232	0.2877168655395508	0.08553934097290039	fortress.qtornado.com
157248	0.28713274002075195	0.08520078659057617	fortress.qtornado.com
159264	0.2875664234161377	0.08492708206176758	fortress.qtornado.com
161280	0.2868926525115967	0.08640670776367188	fortress.qtornado.com
163296	0.28724074363708496	0.08530569076538086	fortress.qtornado.com
165312	0.2890963554382324	0.0857079029083252	fortress.qtornado.com
167328	0.28818321228027344	0.0855402946472168	fortress.qtornado.com
169344	0.2870199680328369	0.08592057228088379	fortress.qtornado.com
171360	0.28681278228759766	0.08568310737609863	fortress.qtornado.com
173376	0.2882399559020996	0.08613085746765137	fortress.qtornado.com
175392	0.289182186126709	0.08574891090393066	fortress.qtornado.com
177408	0.3037605285644531	0.0852668285369873	fortress.qtornado.com
179424	0.2868351936340332	0.0858011245727539	fortress.qtornado.com
181440	0.28964853286743164	0.08604717254638672	fortress.qtornado.com
183456	0.2891502380371094	0.0863640308380127	fortress.qtornado.com
185472	0.28879523277282715	0.08621835708618164	fortress.qtornado.com
187488	0.2897813320159912	0.0863032341003418	fortress.qtornado.com
189504	0.28836488723754883	0.08601880073547363	fortress.qtornado.com
191520	0.28925323486328125	0.08491110801696777	fortress.qtornado.com
193536	0.28767895698547363	0.08730578422546387	fortress.qtornado.com
195552	0.2886371612548828	0.08657431602478027	fortress.qtornado.com
197568	0.29549241065979004	0.08547186851501465	fortress.qtornado.com
199584	0.35280847549438477	0.08560943603515625	fortress.qtornado.com
201600	0.3214733600616455	0.08552908897399902	fortress.qtornado.com
203616	0.28789281845092773	0.08619880676269531	fortress.qtornado.com
205632	0.2875220775604248	0.08575987815856934	fortress.qtornado.com
207648	0.2883157730102539	0.0848989486694336	fortress.qtornado.com
209664	0.2889385223388672	0.08560466766357422	fortress.qtornado.com
211680	0.2892167568206787	0.08494687080383301	fortress.qtornado.com
213696	0.28992128372192383	0.08526992797851562	fortress.qtornado.com
215712	0.2889997959136963	0.08497309684753418	fortress.qtornado.com
217728	0.287905216217041	0.0851902961730957	fortress.qtornado.com
219744	0.2899603843688965	0.08482480049133301	fortress.qtornado.com
221760	0.2884232997894287	0.08594775199890137	fortress.qtornado.com
223776	0.28952980041503906	0.08602190017700195	fortress.qtornado.com
225792	0.2864675521850586	0.08564949035644531	fortress.qtornado.com
227808	0.2872276306152344	0.08556675910949707	fortress.qtornado.com
229824	0.2874109745025635	0.08618998527526855	fortress.qtornado.com
231840	0.28849291801452637	0.08541131019592285	fortress.qtornado.com
233856	0.2899439334869385	0.08541059494018555	fortress.qtornado.com
235872	0.28810834884643555	0.08530282974243164	fortress.qtornado.com
237888	0.28864312171936035	0.08554983139038086	fortress.qtornado.com
239904	0.29024505615234375	0.08505868911743164	fortress.qtornado.com
241920	0.289093017578125	0.0861821174621582	fortress.qtornado.com
243936	0.28923845291137695	0.08578109741210938	fortress.qtornado.com
245952	0.2882266044616699	0.08632516860961914	fortress.qtornado.com
247968	0.28902316093444824	0.08593201637268066	fortress.qtornado.com
249984	0.29254746437072754	0.08558034896850586	fortress.qtornado.com
252000	0.2886509895324707	0.08602476119995117	fortress.qtornado.com
254016	0.2878119945526123	0.08617258071899414	fortress.qtornado.com
256032	0.2890164852142334	0.08464264869689941	fortress.qtornado.com
258048	0.28798580169677734	0.08703207969665527	fortress.qtornado.com
260064	0.28826117515563965	0.08588314056396484	fortress.qtornado.com
262080	0.30811238288879395	0.08593487739562988	fortress.qtornado.com
264096	0.2909994125366211	0.08554792404174805	fortress.qtornado.com
266112	0.288771390914917	0.08580470085144043	fortress.qtornado.com
268128	0.2891271114349365	0.08642935752868652	fortress.qtornado.com
270144	0.2897529602050781	0.08537530899047852	fortress.qtornado.com
272160	0.2891855239868164	0.08565330505371094	fortress.qtornado.com
274176	0.2884540557861328	0.08497881889343262	fortress.qtornado.com
276192	0.2866380214691162	0.08499550819396973	fortress.qtornado.com
278208	0.2884664535522461	0.08526134490966797	fortress.qtornado.com
280224	0.2944064140319824	0.0872652530670166	fortress.qtornado.com
282240	0.28853845596313477	0.08639264106750488	fortress.qtornado.com
284256	0.2884838581085205	0.08533477783203125	fortress.qtornado.com
286272	0.2898721694946289	0.08512639999389648	fortress.qtornado.com
288288	0.28933286666870117	0.08595085144042969	fortress.qtornado.com
290304	0.29245495796203613	0.08650803565979004	fortress.qtornado.com
292320	0.3035087585449219	0.08730053901672363	fortress.qtornado.com
294336	0.28849077224731445	0.08671808242797852	fortress.qtornado.com
296352	0.2891256809234619	0.08707809448242188	fortress.qtornado.com
298368	0.28859877586364746	0.08702325820922852	fortress.qtornado.com
300384	0.2916126251220703	0.08660602569580078	fortress.qtornado.com
302400	0.28876829147338867	0.08622455596923828	fortress.qtornado.com
304416	0.28978872299194336	0.08796143531799316	fortress.qtornado.com
306432	0.2888312339782715	0.08694911003112793	fortress.qtornado.com
308448	0.28638482093811035	0.0874176025390625	fortress.qtornado.com
310464	0.2892928123474121	0.08620500564575195	fortress.qtornado.com
312480	0.28861355781555176	0.08741092681884766	fortress.qtornado.com
314496	0.29912567138671875	0.086517333984375	fortress.qtornado.com
316512	0.2872300148010254	0.08713865280151367	fortress.qtornado.com
318528	0.2877504825592041	0.08716869354248047	fortress.qtornado.com
320544	0.28784918785095215	0.08750414848327637	fortress.qtornado.com
322560	0.2889885902404785	0.08650350570678711	fortress.qtornado.com
324576	0.2890458106994629	0.08699345588684082	fortress.qtornado.com
326592	0.2895965576171875	0.08763289451599121	fortress.qtornado.com
328608	0.2874767780303955	0.08637118339538574	fortress.qtornado.com
330624	0.2891378402709961	0.08740401268005371	fortress.qtornado.com
332640	0.2879781723022461	0.08794426918029785	fortress.qtornado.com
334656	0.2892110347747803	0.0877835750579834	fortress.qtornado.com
336672	0.2996976375579834	0.08684134483337402	fortress.qtornado.com
338688	0.28953003883361816	0.08658027648925781	fortress.qtornado.com
340704	0.2895066738128662	0.08817362785339355	fortress.qtornado.com
342720	0.2876169681549072	0.08663773536682129	fortress.qtornado.com
344736	0.2913391590118408	0.08956480026245117	fortress.qtornado.com
346752	0.28749513626098633	0.08855628967285156	fortress.qtornado.com
348768	0.2871720790863037	0.08791089057922363	fortress.qtornado.com
350784	0.2884955406188965	0.08733034133911133	fortress.qtornado.com
352800	0.28829240798950195	0.0875558853149414	fortress.qtornado.com
354816	0.28809022903442383	0.0872950553894043	fortress.qtornado.com
356832	0.28983426094055176	0.08720254898071289	fortress.qtornado.com
358848	0.28907346725463867	0.08691596984863281	fortress.qtornado.com
360864	0.29003453254699707	0.08671379089355469	fortress.qtornado.com
362880	0.29046058654785156	0.08713698387145996	fortress.qtornado.com
364896	0.2899339199066162	0.08654379844665527	fortress.qtornado.com
366912	0.28801488876342773	0.08678412437438965	fortress.qtornado.com
368928	0.2884347438812256	0.09315013885498047	fortress.qtornado.com
370944	0.2894904613494873	0.08629131317138672	fortress.qtornado.com
372960	0.2988002300262451	0.08679533004760742	fortress.qtornado.com
374976	0.2882215976715088	0.08687639236450195	fortress.qtornado.com
376992	0.2866337299346924	0.08696556091308594	fortress.qtornado.com
379008	0.28743743896484375	0.08692407608032227	fortress.qtornado.com
381024	0.28712010383605957	0.08741450309753418	fortress.qtornado.com
383040	1.3539237976074219	0.08702969551086426	fortress.qtornado.com
385056	0.29055261611938477	0.08694672584533691	fortress.qtornado.com
387072	0.2894136905670166	0.08751988410949707	fortress.qtornado.com
389088	0.28942036628723145	0.08635854721069336	fortress.qtornado.com
391104	0.28940653800964355	0.08656620979309082	fortress.qtornado.com
393120	0.2909047603607178	0.08796024322509766	fortress.qtornado.com
395136	0.2879815101623535	0.08635425567626953	fortress.qtornado.com
397152	0.28675103187561035	0.08651471138000488	fortress.qtornado.com
399168	0.28812694549560547	0.08719134330749512	fortress.qtornado.com
401184	0.2896296977996826	0.08627080917358398	fortress.qtornado.com
403200	0.2892649173736572	0.08717751502990723	fortress.qtornado.com
405216	0.29062628746032715	0.08659601211547852	fortress.qtornado.com
407232	0.2915995121002197	0.08631777763366699	fortress.qtornado.com
409248	0.2872443199157715	0.0865938663482666	fortress.qtornado.com
411264	0.28849244117736816	0.08655619621276855	fortress.qtornado.com
413280	0.2892487049102783	0.08554840087890625	fortress.qtornado.com
415296	0.2894015312194824	0.08652043342590332	fortress.qtornado.com
417312	0.2884962558746338	0.08648419380187988	fortress.qtornado.com
419328	0.28908395767211914	0.08691573143005371	fortress.qtornado.com
421344	0.28954529762268066	0.0867164134979248	fortress.qtornado.com
423360	0.28960084915161133	0.08737683296203613	fortress.qtornado.com
425376	0.2878990173339844	0.08684039115905762	fortress.qtornado.com
427392	0.3009016513824463	0.08650541305541992	fortress.qtornado.com
429408	0.28882288932800293	0.08625912666320801	fortress.qtornado.com
431424	0.3027689456939697	0.08702898025512695	fortress.qtornado.com
433440	0.2896285057067871	0.08609223365783691	fortress.qtornado.com
435456	0.2874124050140381	0.08617043495178223	fortress.qtornado.com
437472	0.2892587184906006	0.08587050437927246	fortress.qtornado.com
439488	0.34363532066345215	0.08923459053039551	fortress.qtornado.com
441504	0.28803157806396484	0.08664870262145996	fortress.qtornado.com
443520	0.2887547016143799	0.08886957168579102	fortress.qtornado.com
445536	0.2918517589569092	0.08690810203552246	fortress.qtornado.com
447552	0.2867422103881836	0.08792638778686523	fortress.qtornado.com
449568	0.28794050216674805	0.08684682846069336	fortress.qtornado.com
451584	0.2909355163574219	0.08660101890563965	fortress.qtornado.com
453600	0.29083967208862305	0.08659005165100098	fortress.qtornado.com
455616	0.2908935546875	0.08878636360168457	fortress.qtornado.com
457632	0.28797125816345215	0.08878159523010254	fortress.qtornado.com
459648	0.29017138481140137	0.08689260482788086	fortress.qtornado.com
461664	0.2866337299346924	0.08723711967468262	fortress.qtornado.com
463680	0.2888760566711426	0.08782243728637695	fortress.qtornado.com
465696	0.28795695304870605	0.08801031112670898	fortress.qtornado.com
467712	0.2867755889892578	0.08731222152709961	fortress.qtornado.com
469728	0.2880723476409912	0.0870065689086914	fortress.qtornado.com
471744	0.2989630699157715	0.08658528327941895	fortress.qtornado.com
473760	0.28870582580566406	0.08822488784790039	fortress.qtornado.com
475776	0.2866840362548828	0.08675622940063477	fortress.qtornado.com
477792	0.2876124382019043	0.08674979209899902	fortress.qtornado.com
479808	0.28768348693847656	0.08636236190795898	fortress.qtornado.com
481824	0.2873504161834717	0.08641886711120605	fortress.qtornado.com
483840	0.2888643741607666	0.08704257011413574	fortress.qtornado.com
485856	0.29010891914367676	0.08923220634460449	fortress.qtornado.com
487872	0.29030919075012207	0.08752703666687012	fortress.qtornado.com
489888	0.29028940200805664	0.08786678314208984	fortress.qtornado.com
491904	0.28989315032958984	0.08858013153076172	fortress.qtornado.com
493920	0.2902674674987793	0.08839702606201172	fortress.qtornado.com
495936	0.2865626811981201	0.08780264854431152	fortress.qtornado.com
497952	0.2873404026031494	0.08889365196228027	fortress.qtornado.com
499968	0.2892944812774658	0.08831214904785156	fortress.qtornado.com
501984	0.28875732421875	0.08698177337646484	fortress.qtornado.com
504000	0.28780484199523926	0.08700037002563477	fortress.qtornado.com
506016	0.2879159450531006	0.08698058128356934	fortress.qtornado.com
508032	0.2879965305328369	0.08725500106811523	fortress.qtornado.com
510048	0.2878735065460205	0.08725118637084961	fortress.qtornado.com
512064	0.2884695529937744	0.08715605735778809	fortress.qtornado.com
514080	0.29038429260253906	0.08706283569335938	fortress.qtornado.com
516096	0.2909839153289795	0.08677434921264648	fortress.qtornado.com
518112	0.2894012928009033	0.08681988716125488	fortress.qtornado.com
520128	0.28838086128234863	0.08734536170959473	fortress.qtornado.com
522144	0.2957897186279297	0.0883786678314209	fortress.qtornado.com
524160	0.2888801097869873	0.08753585815429688	fortress.qtornado.com
526176	0.35547947883605957	0.08802008628845215	fortress.qtornado.com
528192	0.2891359329223633	0.08704018592834473	fortress.qtornado.com
530208	0.289975643157959	0.0876619815826416	fortress.qtornado.com
532224	0.2889268398284912	0.08767175674438477	fortress.qtornado.com
534240	0.2906162738800049	0.08690953254699707	fortress.qtornado.com
536256	0.2890133857727051	0.08756589889526367	fortress.qtornado.com
538272	0.2923922538757324	0.08650064468383789	fortress.qtornado.com
540288	0.28700733184814453	0.08766555786132812	fortress.qtornado.com
542304	0.2911808490753174	0.08678245544433594	fortress.qtornado.com
544320	0.2907297611236572	0.08848428726196289	fortress.qtornado.com
546336	0.28890442848205566	0.08828616142272949	fortress.qtornado.com
548352	0.2902076244354248	0.08816266059875488	fortress.qtornado.com
550368	0.28803515434265137	0.08817696571350098	fortress.qtornado.com
552384	0.2907857894897461	0.08748626708984375	fortress.qtornado.com
554400	0.2884037494659424	0.08782815933227539	fortress.qtornado.com
556416	0.3706347942352295	0.08786892890930176	fortress.qtornado.com
558432	0.287567138671875	0.09075522422790527	fortress.qtornado.com
560448	0.288038969039917	0.08728480339050293	fortress.qtornado.com
562464	0.2880384922027588	0.08809757232666016	fortress.qtornado.com
564480	0.29176950454711914	0.08758115768432617	fortress.qtornado.com
566496	0.30136966705322266	0.0870966911315918	fortress.qtornado.com
568512	0.28755664825439453	0.08689522743225098	fortress.qtornado.com
570528	0.28698015213012695	0.08700776100158691	fortress.qtornado.com
572544	0.29517316818237305	0.08839821815490723	fortress.qtornado.com
574560	0.2892262935638428	0.08758664131164551	fortress.qtornado.com
576576	0.2876088619232178	0.08809971809387207	fortress.qtornado.com
578592	0.29392147064208984	0.08796429634094238	fortress.qtornado.com
580608	0.2878689765930176	0.08751487731933594	fortress.qtornado.com
582624	0.28897809982299805	0.08775520324707031	fortress.qtornado.com
584640	0.4124031066894531	0.08752894401550293	fortress.qtornado.com
586656	0.28699636459350586	0.08730292320251465	fortress.qtornado.com
588672	0.2867465019226074	0.08815550804138184	fortress.qtornado.com
590688	0.2882821559906006	0.08770227432250977	fortress.qtornado.com
592704	0.29172587394714355	0.08799529075622559	fortress.qtornado.com
594720	0.2920365333557129	0.08876895904541016	fortress.qtornado.com
596736	0.29203104972839355	0.0872807502746582	fortress.qtornado.com
598752	0.28792381286621094	0.08806037902832031	fortress.qtornado.com
600768	0.28910326957702637	0.08819699287414551	fortress.qtornado.com
602784	0.2900352478027344	0.08829069137573242	fortress.qtornado.com
604800	0.2899336814880371	0.08821320533752441	fortress.qtornado.com
606816	0.28887343406677246	0.08808732032775879	fortress.qtornado.com
608832	0.28690290451049805	0.08872151374816895	fortress.qtornado.com
610848	0.28898167610168457	0.08780097961425781	fortress.qtornado.com
612864	0.2897450923919678	0.0876169204711914	fortress.qtornado.com
614880	0.2887232303619385	0.08757448196411133	fortress.qtornado.com
616896	0.29163694381713867	0.08814501762390137	fortress.qtornado.com
618912	0.29008054733276367	0.0885322093963623	fortress.qtornado.com
620928	0.29017210006713867	0.0877695083618164	fortress.qtornado.com
622944	0.2971608638763428	0.08787727355957031	fortress.qtornado.com
624960	0.2874627113342285	0.08771896362304688	fortress.qtornado.com
626976	0.2877516746520996	0.0869300365447998	fortress.qtornado.com
628992	0.2893049716949463	0.08839845657348633	fortress.qtornado.com
631008	0.287111759185791	0.08704423904418945	fortress.qtornado.com
633024	0.2890009880065918	0.08837652206420898	fortress.qtornado.com
635040	0.29738521575927734	0.0876011848449707	fortress.qtornado.com
637056	0.28919100761413574	0.08807659149169922	fortress.qtornado.com
639072	0.2935962677001953	0.08742260932922363	fortress.qtornado.com
641088	0.28859496116638184	0.08913850784301758	fortress.qtornado.com
643104	0.38623738288879395	0.08802437782287598	fortress.qtornado.com
645120	0.34648752212524414	0.08872032165527344	fortress.qtornado.com
647136	0.28950071334838867	0.08850574493408203	fortress.qtornado.com
649152	0.2900843620300293	0.08916568756103516	fortress.qtornado.com
651168	0.2895934581756592	0.08826971054077148	fortress.qtornado.com
653184	0.28975701332092285	0.08873772621154785	fortress.qtornado.com
655200	0.2882401943206787	0.08836722373962402	fortress.qtornado.com
657216	0.2863495349884033	0.05655860900878906	fortress.qtornado.com
