1	0.9222946166992188	0.08772897720336914	ulrichard.ch
2016	0.3137776851654053	0.08838295936584473	ulrichard.ch
4032	0.31463098526000977	0.08635735511779785	ulrichard.ch
6048	0.3140380382537842	0.08748579025268555	ulrichard.ch
8064	0.3126235008239746	0.08732223510742188	ulrichard.ch
10080	0.31463098526000977	0.08756208419799805	ulrichard.ch
12096	0.3148355484008789	0.08923077583312988	ulrichard.ch
14112	0.4637465476989746	0.08594727516174316	ulrichard.ch
16128	0.3158295154571533	0.08682489395141602	ulrichard.ch
18144	0.31598687171936035	0.0890805721282959	ulrichard.ch
20160	0.4677693843841553	0.08708024024963379	ulrichard.ch
22176	0.46889567375183105	0.0880732536315918	ulrichard.ch
24192	0.31655430793762207	0.08835268020629883	ulrichard.ch
26208	0.3159909248352051	0.08814001083374023	ulrichard.ch
28224	0.31626057624816895	0.09033060073852539	ulrichard.ch
30240	0.31564855575561523	0.08812546730041504	ulrichard.ch
32256	0.3142714500427246	0.17537665367126465	ulrichard.ch
34272	0.31590843200683594	0.1789841651916504	ulrichard.ch
36288	0.31364989280700684	0.08742165565490723	ulrichard.ch
38304	0.3136301040649414	0.0879507064819336	ulrichard.ch
40320	0.31365227699279785	0.08626723289489746	ulrichard.ch
42336	0.3135254383087158	0.08538222312927246	ulrichard.ch
44352	0.31627321243286133	0.0877079963684082	ulrichard.ch
46368	0.3141617774963379	0.08642816543579102	ulrichard.ch
48384	0.31374073028564453	0.08548355102539062	ulrichard.ch
50400	0.31350111961364746	0.0859212875366211	ulrichard.ch
52416	0.3148641586303711	0.08626890182495117	ulrichard.ch
54432	0.3122272491455078	0.08666467666625977	ulrichard.ch
56448	0.31282520294189453	0.08717513084411621	ulrichard.ch
58464	0.31210875511169434	0.08673834800720215	ulrichard.ch
60480	0.3147273063659668	0.08732938766479492	ulrichard.ch
62496	0.3137218952178955	0.08693766593933105	ulrichard.ch
64512	0.3144667148590088	0.08780837059020996	ulrichard.ch
66528	0.31284093856811523	0.0867912769317627	ulrichard.ch
68544	0.31537437438964844	0.08632397651672363	ulrichard.ch
70560	0.31347155570983887	0.08632469177246094	ulrichard.ch
72576	0.3129458427429199	0.08750033378601074	ulrichard.ch
74592	0.31387853622436523	0.08729267120361328	ulrichard.ch
76608	0.3137211799621582	0.08604693412780762	ulrichard.ch
78624	0.3132355213165283	0.08585071563720703	ulrichard.ch
80640	0.31513547897338867	0.08755183219909668	ulrichard.ch
82656	0.31386780738830566	0.0860297679901123	ulrichard.ch
84672	0.3133251667022705	0.0868525505065918	ulrichard.ch
86688	0.3131215572357178	0.08638215065002441	ulrichard.ch
88704	0.31316375732421875	0.08594250679016113	ulrichard.ch
90720	0.31618165969848633	0.08629035949707031	ulrichard.ch
92736	0.31287384033203125	0.08649754524230957	ulrichard.ch
94752	0.31278276443481445	0.08631587028503418	ulrichard.ch
96768	0.31394147872924805	0.08697319030761719	ulrichard.ch
98784	0.3142521381378174	0.08669590950012207	ulrichard.ch
100800	0.3137986660003662	0.08658671379089355	ulrichard.ch
102816	0.3129258155822754	0.08609127998352051	ulrichard.ch
104832	0.31407809257507324	0.08655500411987305	ulrichard.ch
106848	0.46613335609436035	0.08648943901062012	ulrichard.ch
108864	0.46523165702819824	0.08594679832458496	ulrichard.ch
110880	0.46334218978881836	0.08664345741271973	ulrichard.ch
112896	0.3141324520111084	0.08769774436950684	ulrichard.ch
114912	0.3129696846008301	0.08821821212768555	ulrichard.ch
116928	0.3125133514404297	0.08805108070373535	ulrichard.ch
118944	0.31513023376464844	0.08745694160461426	ulrichard.ch
120960	0.3146049976348877	0.08663129806518555	ulrichard.ch
122976	0.31410646438598633	0.08717012405395508	ulrichard.ch
124992	0.3150789737701416	0.08768391609191895	ulrichard.ch
127008	0.31513142585754395	0.08712553977966309	ulrichard.ch
129024	0.31715822219848633	0.09417462348937988	ulrichard.ch
131040	0.31656503677368164	0.08856010437011719	ulrichard.ch
133056	0.3150820732116699	0.08698654174804688	ulrichard.ch
135072	0.3162837028503418	0.08786153793334961	ulrichard.ch
137088	0.3149237632751465	0.087554931640625	ulrichard.ch
139104	0.3129270076751709	0.08730149269104004	ulrichard.ch
141120	0.31946420669555664	0.08945345878601074	ulrichard.ch
143136	0.3132178783416748	0.08794522285461426	ulrichard.ch
145152	0.3130769729614258	0.08833646774291992	ulrichard.ch
147168	0.31215763092041016	0.08736109733581543	ulrichard.ch
149184	0.3142075538635254	0.08687329292297363	ulrichard.ch
151200	0.31292104721069336	0.08730030059814453	ulrichard.ch
153216	0.31324267387390137	0.08865165710449219	ulrichard.ch
155232	0.31275510787963867	0.08935356140136719	ulrichard.ch
157248	0.31350255012512207	0.08841776847839355	ulrichard.ch
159264	0.31314587593078613	0.08908939361572266	ulrichard.ch
161280	0.3143761157989502	0.08947920799255371	ulrichard.ch
163296	0.31420469284057617	0.08863520622253418	ulrichard.ch
165312	0.3126215934753418	0.08739924430847168	ulrichard.ch
167328	0.3139190673828125	0.08706164360046387	ulrichard.ch
169344	0.31212687492370605	0.08803701400756836	ulrichard.ch
171360	0.31382131576538086	0.08831071853637695	ulrichard.ch
173376	0.31363606452941895	0.08878731727600098	ulrichard.ch
175392	0.3181116580963135	0.08927249908447266	ulrichard.ch
177408	0.31508922576904297	0.0884542465209961	ulrichard.ch
179424	0.31511807441711426	0.08893775939941406	ulrichard.ch
181440	0.3155250549316406	0.08844733238220215	ulrichard.ch
183456	0.31385231018066406	0.08719730377197266	ulrichard.ch
185472	0.31374406814575195	0.08778858184814453	ulrichard.ch
187488	0.31431007385253906	0.08779144287109375	ulrichard.ch
189504	0.4665400981903076	0.08929562568664551	ulrichard.ch
191520	0.4653139114379883	0.0871739387512207	ulrichard.ch
193536	0.46450352668762207	0.08802938461303711	ulrichard.ch
195552	0.31642770767211914	0.08803606033325195	ulrichard.ch
197568	0.3168342113494873	0.08764004707336426	ulrichard.ch
199584	0.3146955966949463	0.08691000938415527	ulrichard.ch
201600	0.31528139114379883	0.08741044998168945	ulrichard.ch
203616	0.31362318992614746	0.08742761611938477	ulrichard.ch
205632	0.3132643699645996	0.08727002143859863	ulrichard.ch
207648	0.3142049312591553	0.08765625953674316	ulrichard.ch
209664	0.31298351287841797	0.0862569808959961	ulrichard.ch
211680	0.3129692077636719	0.08674931526184082	ulrichard.ch
213696	0.31301450729370117	0.08672904968261719	ulrichard.ch
215712	0.31403136253356934	0.08705425262451172	ulrichard.ch
217728	0.312985897064209	0.08703780174255371	ulrichard.ch
219744	0.31341099739074707	0.08674049377441406	ulrichard.ch
221760	0.31361961364746094	0.08729696273803711	ulrichard.ch
223776	0.3142526149749756	0.08639645576477051	ulrichard.ch
225792	0.31426548957824707	0.08658909797668457	ulrichard.ch
227808	0.3138723373413086	0.08627176284790039	ulrichard.ch
229824	0.46493077278137207	0.08731389045715332	ulrichard.ch
231840	0.46479058265686035	0.08716058731079102	ulrichard.ch
233856	0.4664936065673828	0.08783388137817383	ulrichard.ch
235872	0.3135654926300049	0.08794713020324707	ulrichard.ch
237888	0.31368303298950195	0.08710861206054688	ulrichard.ch
239904	0.3136787414550781	0.08766007423400879	ulrichard.ch
241920	0.3148472309112549	0.08803987503051758	ulrichard.ch
243936	0.313762903213501	0.08859086036682129	ulrichard.ch
245952	0.31462645530700684	0.08801531791687012	ulrichard.ch
247968	0.31488656997680664	0.08858919143676758	ulrichard.ch
249984	0.3162686824798584	0.08733105659484863	ulrichard.ch
252000	0.3158137798309326	0.08780360221862793	ulrichard.ch
254016	0.3144876956939697	0.08810019493103027	ulrichard.ch
256032	0.3136003017425537	0.08784842491149902	ulrichard.ch
258048	0.31434106826782227	0.08773541450500488	ulrichard.ch
260064	0.31414222717285156	0.08701300621032715	ulrichard.ch
262080	0.3133547306060791	0.08698511123657227	ulrichard.ch
264096	0.31473660469055176	0.08673930168151855	ulrichard.ch
266112	0.31424570083618164	0.08780145645141602	ulrichard.ch
268128	0.31458020210266113	0.08783173561096191	ulrichard.ch
270144	0.3135991096496582	0.08773231506347656	ulrichard.ch
272160	0.31484150886535645	0.08690547943115234	ulrichard.ch
274176	0.3137948513031006	0.08725976943969727	ulrichard.ch
276192	0.4670224189758301	0.087738037109375	ulrichard.ch
278208	0.465564489364624	0.08694052696228027	ulrichard.ch
280224	0.4640367031097412	0.08805227279663086	ulrichard.ch
282240	0.3132486343383789	0.08708477020263672	ulrichard.ch
284256	0.3129096031188965	0.08734631538391113	ulrichard.ch
286272	0.3136711120605469	0.0872335433959961	ulrichard.ch
288288	0.3136765956878662	0.08781814575195312	ulrichard.ch
290304	0.312847375869751	0.08699274063110352	ulrichard.ch
292320	0.3176884651184082	0.08873939514160156	ulrichard.ch
294336	0.3120996952056885	0.08997797966003418	ulrichard.ch
296352	0.31281042098999023	0.08874154090881348	ulrichard.ch
298368	0.3122873306274414	0.08910155296325684	ulrichard.ch
300384	0.3124358654022217	0.08863639831542969	ulrichard.ch
302400	0.3132023811340332	0.08782243728637695	ulrichard.ch
304416	0.3144063949584961	0.08870410919189453	ulrichard.ch
306432	0.3135495185852051	0.08924484252929688	ulrichard.ch
308448	0.313478946685791	0.08890771865844727	ulrichard.ch
310464	0.3143289089202881	0.08885979652404785	ulrichard.ch
312480	0.3139059543609619	0.09000563621520996	ulrichard.ch
314496	0.3133425712585449	0.09026575088500977	ulrichard.ch
316512	0.4666609764099121	0.08942627906799316	ulrichard.ch
318528	0.4646933078765869	0.08934164047241211	ulrichard.ch
320544	0.4642782211303711	0.08904290199279785	ulrichard.ch
322560	0.31393957138061523	0.08995318412780762	ulrichard.ch
324576	0.31456780433654785	0.0908041000366211	ulrichard.ch
326592	0.31405162811279297	0.09044575691223145	ulrichard.ch
328608	0.31368350982666016	0.09110522270202637	ulrichard.ch
330624	0.31447911262512207	0.08999323844909668	ulrichard.ch
332640	0.3142733573913574	0.08929610252380371	ulrichard.ch
334656	0.3145637512207031	0.08899116516113281	ulrichard.ch
336672	0.31409358978271484	0.08938217163085938	ulrichard.ch
338688	0.3137633800506592	0.08907318115234375	ulrichard.ch
340704	0.3152444362640381	0.08969712257385254	ulrichard.ch
342720	0.32009363174438477	0.08900833129882812	ulrichard.ch
344736	0.3122425079345703	0.08902192115783691	ulrichard.ch
346752	0.313556432723999	0.08932638168334961	ulrichard.ch
348768	0.31330084800720215	0.09060978889465332	ulrichard.ch
350784	0.3140439987182617	0.08907365798950195	ulrichard.ch
352800	0.46927928924560547	0.08969855308532715	ulrichard.ch
354816	0.46512603759765625	0.08868169784545898	ulrichard.ch
356832	0.465822696685791	0.0889582633972168	ulrichard.ch
358848	0.46599411964416504	0.08871912956237793	ulrichard.ch
360864	0.46393322944641113	0.08907842636108398	ulrichard.ch
362880	0.3149302005767822	0.08901357650756836	ulrichard.ch
364896	0.31424450874328613	0.08924198150634766	ulrichard.ch
366912	0.31424736976623535	0.08942389488220215	ulrichard.ch
368928	0.3136019706726074	0.08905196189880371	ulrichard.ch
370944	0.31452226638793945	0.08838820457458496	ulrichard.ch
372960	0.3130156993865967	0.08975529670715332	ulrichard.ch
374976	0.31345152854919434	0.08860158920288086	ulrichard.ch
376992	0.31276679039001465	0.08929777145385742	ulrichard.ch
379008	0.3128204345703125	0.08916950225830078	ulrichard.ch
381024	0.3136467933654785	0.0920267105102539	ulrichard.ch
383040	0.31421637535095215	0.08888363838195801	ulrichard.ch
385056	0.31345248222351074	0.0898292064666748	ulrichard.ch
387072	0.3136622905731201	0.0890042781829834	ulrichard.ch
389088	0.3134791851043701	0.08968400955200195	ulrichard.ch
391104	0.31348156929016113	0.08979439735412598	ulrichard.ch
393120	0.3129303455352783	0.09026432037353516	ulrichard.ch
395136	0.31461620330810547	0.08835935592651367	ulrichard.ch
397152	0.31304240226745605	0.08903026580810547	ulrichard.ch
399168	0.31334781646728516	0.08931422233581543	ulrichard.ch
401184	0.3130030632019043	0.08963608741760254	ulrichard.ch
403200	0.31326818466186523	0.08939242362976074	ulrichard.ch
405216	0.3133227825164795	0.08950495719909668	ulrichard.ch
407232	0.3174169063568115	0.09075188636779785	ulrichard.ch
409248	0.3137381076812744	0.08921480178833008	ulrichard.ch
411264	0.3132190704345703	0.08941340446472168	ulrichard.ch
413280	0.313626766204834	0.08991527557373047	ulrichard.ch
415296	0.31311726570129395	0.08878874778747559	ulrichard.ch
417312	0.3123328685760498	0.0883934497833252	ulrichard.ch
419328	0.3131527900695801	0.08921122550964355	ulrichard.ch
421344	0.31379151344299316	0.09014344215393066	ulrichard.ch
423360	0.3127908706665039	0.0896615982055664	ulrichard.ch
425376	0.3149909973144531	0.08835744857788086	ulrichard.ch
427392	0.3130519390106201	0.08914971351623535	ulrichard.ch
429408	0.3130671977996826	0.09203481674194336	ulrichard.ch
431424	0.3140702247619629	0.08929824829101562	ulrichard.ch
433440	0.31319713592529297	0.08867120742797852	ulrichard.ch
435456	0.31230950355529785	0.08877325057983398	ulrichard.ch
437472	0.46393465995788574	0.0880591869354248	ulrichard.ch
439488	0.4639856815338135	0.0885467529296875	ulrichard.ch
441504	0.4644601345062256	0.08955812454223633	ulrichard.ch
443520	0.46396374702453613	0.08951926231384277	ulrichard.ch
445536	0.3125643730163574	0.0892333984375	ulrichard.ch
447552	0.314896821975708	0.08921074867248535	ulrichard.ch
449568	0.31362366676330566	0.08934640884399414	ulrichard.ch
451584	0.3133983612060547	0.08949875831604004	ulrichard.ch
453600	0.3131110668182373	0.09034895896911621	ulrichard.ch
455616	0.3124270439147949	0.0888676643371582	ulrichard.ch
457632	0.3133430480957031	0.09029221534729004	ulrichard.ch
459648	0.31316161155700684	0.08888554573059082	ulrichard.ch
461664	0.3156733512878418	0.0889427661895752	ulrichard.ch
463680	0.31304502487182617	0.09115004539489746	ulrichard.ch
465696	0.31348419189453125	0.08876824378967285	ulrichard.ch
467712	0.3177945613861084	0.08676743507385254	ulrichard.ch
469728	0.3134305477142334	0.08823680877685547	ulrichard.ch
471744	0.3141903877258301	0.08935832977294922	ulrichard.ch
473760	0.31487560272216797	0.08911538124084473	ulrichard.ch
475776	0.31229233741760254	0.08842587471008301	ulrichard.ch
477792	0.3124237060546875	0.08976054191589355	ulrichard.ch
479808	0.31194138526916504	0.08934450149536133	ulrichard.ch
481824	0.3130829334259033	0.08808612823486328	ulrichard.ch
483840	0.31507086753845215	0.08822274208068848	ulrichard.ch
485856	0.31462550163269043	0.0923914909362793	ulrichard.ch
487872	0.313122034072876	0.0884857177734375	ulrichard.ch
489888	0.3143577575683594	0.08954572677612305	ulrichard.ch
491904	0.3134031295776367	0.08942985534667969	ulrichard.ch
493920	0.31268978118896484	0.09197497367858887	ulrichard.ch
495936	0.31313610076904297	0.0903317928314209	ulrichard.ch
497952	0.3134884834289551	0.09036087989807129	ulrichard.ch
499968	0.3123776912689209	0.09029817581176758	ulrichard.ch
501984	0.31261110305786133	0.08928775787353516	ulrichard.ch
504000	0.3138861656188965	0.08987188339233398	ulrichard.ch
506016	0.31266188621520996	0.08943414688110352	ulrichard.ch
508032	0.3137049674987793	0.0892484188079834	ulrichard.ch
510048	0.31220102310180664	0.0899350643157959	ulrichard.ch
512064	0.31269049644470215	0.08987832069396973	ulrichard.ch
514080	0.3143649101257324	0.09002900123596191	ulrichard.ch
516096	0.4652845859527588	0.08981704711914062	ulrichard.ch
518112	0.46509218215942383	0.0894479751586914	ulrichard.ch
520128	0.4662754535675049	0.08859729766845703	ulrichard.ch
522144	0.3131089210510254	0.08812379837036133	ulrichard.ch
524160	0.3122220039367676	0.08877825736999512	ulrichard.ch
526176	0.31320858001708984	0.08903932571411133	ulrichard.ch
528192	0.3123619556427002	0.08887767791748047	ulrichard.ch
530208	0.3135337829589844	0.08943986892700195	ulrichard.ch
532224	0.3139805793762207	0.08859777450561523	ulrichard.ch
534240	0.3131227493286133	0.0885765552520752	ulrichard.ch
536256	0.31414103507995605	0.09052085876464844	ulrichard.ch
538272	0.31369733810424805	0.08998346328735352	ulrichard.ch
540288	0.3130815029144287	0.08915948867797852	ulrichard.ch
542304	0.3127408027648926	0.08942699432373047	ulrichard.ch
544320	0.3134887218475342	0.09022736549377441	ulrichard.ch
546336	0.31365513801574707	0.0895230770111084	ulrichard.ch
548352	0.3133370876312256	0.08920001983642578	ulrichard.ch
550368	0.3146626949310303	0.09047245979309082	ulrichard.ch
552384	0.314774751663208	0.08989357948303223	ulrichard.ch
554400	0.31383705139160156	0.08998370170593262	ulrichard.ch
556416	0.3140523433685303	0.09034442901611328	ulrichard.ch
558432	0.3136918544769287	0.08938050270080566	ulrichard.ch
560448	0.31262636184692383	0.0921015739440918	ulrichard.ch
562464	0.3121023178100586	0.09002828598022461	ulrichard.ch
564480	0.31252241134643555	0.08971214294433594	ulrichard.ch
566496	0.3134446144104004	0.09015488624572754	ulrichard.ch
568512	0.31437063217163086	0.09038209915161133	ulrichard.ch
570528	0.3134732246398926	0.09041666984558105	ulrichard.ch
572544	0.31323838233947754	0.0899662971496582	ulrichard.ch
574560	0.3138847351074219	0.09081578254699707	ulrichard.ch
576576	0.4669687747955322	0.09136104583740234	ulrichard.ch
578592	0.46574854850769043	0.09007930755615234	ulrichard.ch
580608	0.46502161026000977	0.09108448028564453	ulrichard.ch
582624	0.3137519359588623	0.09023189544677734	ulrichard.ch
584640	0.313995361328125	0.08974242210388184	ulrichard.ch
586656	0.3135831356048584	0.08851838111877441	ulrichard.ch
588672	0.31290292739868164	0.0897984504699707	ulrichard.ch
590688	0.3136720657348633	0.08962583541870117	ulrichard.ch
592704	0.31362175941467285	0.09027385711669922	ulrichard.ch
594720	0.3131675720214844	0.08964848518371582	ulrichard.ch
596736	0.31482720375061035	0.08943033218383789	ulrichard.ch
598752	0.3132336139678955	0.08959555625915527	ulrichard.ch
600768	0.3135042190551758	0.08948063850402832	ulrichard.ch
602784	0.3154428005218506	0.08972048759460449	ulrichard.ch
604800	0.31322240829467773	0.09013628959655762	ulrichard.ch
606816	0.3124852180480957	0.08989286422729492	ulrichard.ch
608832	0.3125908374786377	0.09021830558776855	electrumx.erbium.eu
610848	0.3127751350402832	0.08990192413330078	electrumx.erbium.eu
612864	0.31515979766845703	0.08919930458068848	electrumx.erbium.eu
614880	0.3125338554382324	0.09020256996154785	electrumx.erbium.eu
616896	0.31332969665527344	0.08963584899902344	electrumx.erbium.eu
618912	0.3123667240142822	0.08883786201477051	electrumx.erbium.eu
620928	0.31281352043151855	0.12894034385681152	electrumx.erbium.eu
622944	0.31475257873535156	0.09020638465881348	electrumx.erbium.eu
624960	0.3140370845794678	0.09007644653320312	electrumx.erbium.eu
626976	0.3144500255584717	0.09005379676818848	electrumx.erbium.eu
628992	0.3127880096435547	0.09020876884460449	electrumx.erbium.eu
631008	0.31215691566467285	0.08972668647766113	electrumx.erbium.eu
633024	0.3132610321044922	0.0890042781829834	electrumx.erbium.eu
635040	0.31252479553222656	0.08977961540222168	electrumx.erbium.eu
637056	0.31267571449279785	0.09004449844360352	electrumx.erbium.eu
639072	0.3133430480957031	0.08949494361877441	electrumx.erbium.eu
641088	0.3144044876098633	0.08936548233032227	electrumx.erbium.eu
643104	0.31372499465942383	0.0885164737701416	electrumx.erbium.eu
645120	0.3132503032684326	0.08873653411865234	electrumx.erbium.eu
647136	0.31374216079711914	0.08878731727600098	electrumx.erbium.eu
649152	0.3125734329223633	0.09000277519226074	electrumx.erbium.eu
651168	0.31332898139953613	0.08830761909484863	electrumx.erbium.eu
653184	0.3125264644622803	0.08900570869445801	electrumx.erbium.eu
655200	0.31442904472351074	0.08962750434875488	electrumx.erbium.eu
657216	0.31097912788391113	0.05788111686706543	electrumx.erbium.eu
