1	0.5810697078704834	0.08863210678100586	blockstream.info
2016	0.255584716796875	0.08834624290466309	blockstream.info
4032	0.24352741241455078	0.08861041069030762	blockstream.info
6048	0.2375929355621338	0.08909153938293457	blockstream.info
8064	0.2377924919128418	0.08875894546508789	blockstream.info
10080	0.2362842559814453	0.08720898628234863	blockstream.info
12096	0.23706316947937012	0.08687400817871094	blockstream.info
14112	0.23787212371826172	0.08774185180664062	blockstream.info
16128	0.2377181053161621	0.08764314651489258	blockstream.info
18144	0.2360234260559082	0.08798718452453613	blockstream.info
20160	0.23606038093566895	0.08843541145324707	blockstream.info
22176	0.23640179634094238	0.08667898178100586	blockstream.info
24192	0.23547601699829102	0.08768153190612793	blockstream.info
26208	0.23631072044372559	0.08809614181518555	blockstream.info
28224	0.23656201362609863	0.08796954154968262	blockstream.info
30240	0.23626303672790527	0.08789825439453125	blockstream.info
32256	0.23738503456115723	0.0893704891204834	blockstream.info
34272	0.23615455627441406	0.08854317665100098	blockstream.info
36288	0.23607349395751953	0.0879049301147461	blockstream.info
38304	0.23759984970092773	0.08905529975891113	blockstream.info
40320	0.23629117012023926	0.08786678314208984	blockstream.info
42336	0.2365725040435791	0.08726215362548828	blockstream.info
44352	0.23638248443603516	0.08795332908630371	blockstream.info
46368	0.23841547966003418	0.08845925331115723	blockstream.info
48384	0.23916864395141602	0.17770600318908691	blockstream.info
50400	0.23662900924682617	0.10654520988464355	blockstream.info
52416	0.2360856533050537	0.08844876289367676	blockstream.info
54432	0.4864945411682129	0.08905220031738281	blockstream.info
56448	0.23631834983825684	0.08929705619812012	blockstream.info
58464	0.23678278923034668	0.08987569808959961	blockstream.info
60480	0.23543047904968262	0.08992934226989746	blockstream.info
62496	0.23745226860046387	0.08927774429321289	blockstream.info
64512	0.23623132705688477	0.08945965766906738	blockstream.info
66528	0.23575687408447266	0.08957409858703613	blockstream.info
68544	0.23583102226257324	0.08909058570861816	blockstream.info
70560	0.2360398769378662	0.08948445320129395	blockstream.info
72576	0.23598408699035645	0.08965349197387695	blockstream.info
74592	0.2375657558441162	0.08873152732849121	blockstream.info
76608	0.2373828887939453	0.08877420425415039	blockstream.info
78624	0.2380671501159668	0.08866333961486816	blockstream.info
80640	0.23632097244262695	0.08840370178222656	blockstream.info
82656	0.23566150665283203	0.08859753608703613	blockstream.info
84672	0.2367572784423828	0.08852291107177734	blockstream.info
86688	0.23577213287353516	0.08855247497558594	blockstream.info
88704	0.23587369918823242	0.09005618095397949	blockstream.info
90720	0.23641109466552734	0.0892188549041748	blockstream.info
92736	0.23617792129516602	0.08967328071594238	blockstream.info
94752	0.23599672317504883	0.08969950675964355	blockstream.info
96768	0.23670506477355957	0.08918190002441406	blockstream.info
98784	0.2361445426940918	0.08848428726196289	blockstream.info
100800	0.23577213287353516	0.08856630325317383	blockstream.info
102816	0.23645234107971191	0.0888662338256836	blockstream.info
104832	0.23651790618896484	0.08916974067687988	blockstream.info
106848	0.235731840133667	0.08936405181884766	blockstream.info
108864	0.24143314361572266	0.08991122245788574	blockstream.info
110880	0.24369025230407715	0.0892174243927002	blockstream.info
112896	0.23532938957214355	0.08980059623718262	blockstream.info
114912	0.23608183860778809	0.08933591842651367	blockstream.info
116928	0.23625659942626953	0.0902106761932373	blockstream.info
118944	0.23568964004516602	0.09103655815124512	blockstream.info
120960	0.2349565029144287	0.08933067321777344	blockstream.info
122976	0.23701071739196777	0.08957219123840332	blockstream.info
124992	0.23589825630187988	0.0902860164642334	blockstream.info
127008	0.23556041717529297	0.0902099609375	blockstream.info
129024	0.2355196475982666	0.09038782119750977	blockstream.info
131040	0.23605108261108398	0.09031057357788086	blockstream.info
133056	0.23618531227111816	0.08928966522216797	blockstream.info
135072	0.23592543601989746	0.08951187133789062	blockstream.info
137088	0.23563766479492188	0.09022092819213867	blockstream.info
139104	0.23663949966430664	0.08977460861206055	blockstream.info
141120	0.23566675186157227	0.09004402160644531	blockstream.info
143136	0.23818469047546387	0.09004807472229004	blockstream.info
145152	0.23601627349853516	0.09014177322387695	blockstream.info
147168	0.23635411262512207	0.09034395217895508	blockstream.info
149184	0.2362360954284668	0.08987092971801758	blockstream.info
151200	0.23577260971069336	0.08895277976989746	blockstream.info
153216	0.23640704154968262	0.0907735824584961	blockstream.info
155232	0.23555231094360352	0.09082221984863281	blockstream.info
157248	0.2363131046295166	0.08988595008850098	blockstream.info
159264	0.23627662658691406	0.08978772163391113	blockstream.info
161280	0.23635149002075195	0.08961892127990723	blockstream.info
163296	0.23547863960266113	0.09040427207946777	blockstream.info
165312	0.2360842227935791	0.0902862548828125	blockstream.info
167328	0.23568129539489746	0.08923649787902832	blockstream.info
169344	0.23592114448547363	0.09035944938659668	blockstream.info
171360	0.23648929595947266	0.1877598762512207	blockstream.info
173376	0.2361443042755127	0.08908390998840332	blockstream.info
175392	0.23598599433898926	0.0915064811706543	blockstream.info
177408	0.2359142303466797	0.08834624290466309	blockstream.info
179424	0.23576736450195312	0.08849096298217773	blockstream.info
181440	0.23607635498046875	0.0907135009765625	blockstream.info
183456	0.23597955703735352	0.0884852409362793	blockstream.info
185472	0.23566031455993652	0.08913326263427734	blockstream.info
187488	0.23651552200317383	0.09066367149353027	blockstream.info
189504	0.23554134368896484	0.08928346633911133	blockstream.info
191520	0.23515868186950684	0.08936500549316406	blockstream.info
193536	0.23550009727478027	0.08935546875	blockstream.info
195552	0.23532366752624512	0.08962893486022949	blockstream.info
197568	0.23559951782226562	0.08984589576721191	blockstream.info
199584	0.2357168197631836	0.08919930458068848	blockstream.info
201600	0.23595023155212402	0.08978819847106934	blockstream.info
203616	0.23614907264709473	0.09107208251953125	blockstream.info
205632	0.23633193969726562	0.08963727951049805	blockstream.info
207648	0.23494386672973633	0.0894773006439209	blockstream.info
209664	0.2358241081237793	0.08896899223327637	blockstream.info
211680	0.23481297492980957	0.09128189086914062	blockstream.info
213696	0.23568344116210938	0.0895853042602539	blockstream.info
215712	0.23549842834472656	0.08896636962890625	blockstream.info
217728	0.23535704612731934	0.08964252471923828	blockstream.info
219744	0.23535370826721191	0.08904314041137695	blockstream.info
221760	0.23723173141479492	0.08957481384277344	blockstream.info
223776	0.23663830757141113	0.09023213386535645	blockstream.info
225792	0.23571252822875977	0.08913731575012207	blockstream.info
227808	0.23549151420593262	0.08960199356079102	blockstream.info
229824	0.23540902137756348	0.09011173248291016	blockstream.info
231840	0.23523378372192383	0.08980774879455566	blockstream.info
233856	0.23580026626586914	0.09013772010803223	blockstream.info
235872	0.23650050163269043	0.0905146598815918	blockstream.info
237888	0.23587489128112793	0.09000062942504883	blockstream.info
239904	0.2360520362854004	0.09037137031555176	blockstream.info
241920	0.23578858375549316	0.09046077728271484	blockstream.info
243936	0.23574376106262207	0.09092426300048828	blockstream.info
245952	0.23494744300842285	0.09035730361938477	blockstream.info
247968	0.2357931137084961	0.09090995788574219	blockstream.info
249984	0.23614168167114258	0.09001827239990234	blockstream.info
252000	0.23595213890075684	0.08971595764160156	blockstream.info
254016	0.23612356185913086	0.08998560905456543	blockstream.info
256032	0.23604464530944824	0.09046626091003418	blockstream.info
258048	0.235459566116333	0.08987665176391602	blockstream.info
260064	0.23614120483398438	0.09059476852416992	blockstream.info
262080	0.2357180118560791	0.0927889347076416	blockstream.info
264096	0.23554730415344238	0.09007978439331055	blockstream.info
266112	0.2360851764678955	0.0905766487121582	blockstream.info
268128	0.23511290550231934	0.09048795700073242	blockstream.info
270144	0.23609423637390137	0.09035468101501465	blockstream.info
272160	0.23532581329345703	0.090789794921875	blockstream.info
274176	0.23705673217773438	0.0902700424194336	blockstream.info
276192	0.2389073371887207	0.09035038948059082	blockstream.info
278208	0.23757672309875488	0.09054350852966309	blockstream.info
280224	0.23574209213256836	0.08976173400878906	blockstream.info
282240	0.23552203178405762	0.09001421928405762	blockstream.info
284256	0.23521852493286133	0.09047794342041016	blockstream.info
286272	0.23598027229309082	0.09046459197998047	blockstream.info
288288	0.23601388931274414	0.09035849571228027	blockstream.info
290304	0.23590421676635742	0.09067392349243164	blockstream.info
292320	0.235276460647583	0.09143757820129395	blockstream.info
294336	0.23454689979553223	0.09063410758972168	blockstream.info
296352	0.23582720756530762	0.09175825119018555	blockstream.info
298368	0.23557066917419434	0.09183955192565918	blockstream.info
300384	0.23556113243103027	0.09140801429748535	blockstream.info
302400	0.23518061637878418	0.09157752990722656	blockstream.info
304416	0.23933768272399902	0.09136819839477539	blockstream.info
306432	0.23525285720825195	0.09120750427246094	blockstream.info
308448	0.23895812034606934	0.0920560359954834	blockstream.info
310464	0.23752188682556152	0.09028172492980957	blockstream.info
312480	0.2354581356048584	0.09155917167663574	blockstream.info
314496	0.23500299453735352	0.09199118614196777	blockstream.info
316512	0.23462748527526855	0.09070205688476562	blockstream.info
318528	0.23436903953552246	0.0909116268157959	blockstream.info
320544	0.2353980541229248	0.09137797355651855	blockstream.info
322560	0.2357347011566162	0.09025025367736816	blockstream.info
324576	0.23467516899108887	0.09070420265197754	blockstream.info
326592	0.23682498931884766	0.09175324440002441	blockstream.info
328608	0.2352733612060547	0.09151554107666016	blockstream.info
330624	0.23522686958312988	0.09122371673583984	blockstream.info
332640	0.236220121383667	0.09337973594665527	blockstream.info
334656	0.23542308807373047	0.09073066711425781	blockstream.info
336672	0.23650836944580078	0.09134626388549805	blockstream.info
338688	0.2355175018310547	0.09083271026611328	blockstream.info
340704	0.2379162311553955	0.09180426597595215	blockstream.info
342720	0.2344799041748047	0.09087896347045898	blockstream.info
344736	0.23555254936218262	0.09168291091918945	blockstream.info
346752	0.23485946655273438	0.0937349796295166	blockstream.info
348768	0.2353343963623047	0.09110307693481445	blockstream.info
350784	0.2355647087097168	0.09064674377441406	blockstream.info
352800	0.23513102531433105	0.09054446220397949	blockstream.info
354816	0.23476576805114746	0.09138631820678711	blockstream.info
356832	0.2358853816986084	0.09004640579223633	blockstream.info
358848	0.23549270629882812	0.08994197845458984	blockstream.info
360864	0.2372725009918213	0.09162425994873047	blockstream.info
362880	0.23813414573669434	0.09250450134277344	blockstream.info
364896	0.23466014862060547	0.09221053123474121	blockstream.info
366912	0.234511137008667	0.09179878234863281	blockstream.info
368928	0.23330426216125488	0.09120559692382812	blockstream.info
370944	0.23403382301330566	0.09106135368347168	blockstream.info
372960	0.2361152172088623	0.09133744239807129	blockstream.info
374976	0.23610711097717285	0.09055948257446289	blockstream.info
376992	0.23668217658996582	0.09112906455993652	blockstream.info
379008	0.23398351669311523	0.0903010368347168	blockstream.info
381024	0.2334449291229248	0.09161114692687988	blockstream.info
383040	0.23369908332824707	0.09210753440856934	blockstream.info
385056	0.23298048973083496	0.09175825119018555	blockstream.info
387072	0.2331371307373047	0.09144139289855957	blockstream.info
389088	0.2328968048095703	0.0896310806274414	blockstream.info
391104	0.2334458827972412	0.09148979187011719	blockstream.info
393120	0.23366141319274902	0.09044647216796875	blockstream.info
395136	0.23448610305786133	0.09075069427490234	blockstream.info
397152	0.2336263656616211	0.09034109115600586	blockstream.info
399168	0.2333362102508545	0.09096574783325195	blockstream.info
401184	0.23384571075439453	0.09116363525390625	blockstream.info
403200	0.23350954055786133	0.09277462959289551	blockstream.info
405216	0.2329576015472412	0.09237432479858398	blockstream.info
407232	0.2358720302581787	0.09243297576904297	blockstream.info
409248	0.23389458656311035	0.09185075759887695	blockstream.info
411264	0.23459291458129883	0.09207391738891602	blockstream.info
413280	0.23339533805847168	0.09166908264160156	blockstream.info
415296	0.2340075969696045	0.09018635749816895	blockstream.info
417312	0.23433947563171387	0.09085679054260254	blockstream.info
419328	0.2340395450592041	0.09098362922668457	blockstream.info
421344	0.23351478576660156	0.09128046035766602	blockstream.info
423360	0.23424720764160156	0.09082508087158203	blockstream.info
425376	0.23385381698608398	0.09117507934570312	blockstream.info
427392	0.23349952697753906	0.09052014350891113	blockstream.info
429408	0.2336428165435791	0.09069657325744629	blockstream.info
431424	0.2338578701019287	0.08995699882507324	blockstream.info
433440	0.23371434211730957	0.09108352661132812	blockstream.info
435456	0.23423194885253906	0.09008073806762695	blockstream.info
437472	0.23362040519714355	0.09132838249206543	blockstream.info
439488	0.23610377311706543	0.09021496772766113	blockstream.info
441504	0.2364501953125	0.09093976020812988	blockstream.info
443520	0.2343151569366455	0.0904855728149414	blockstream.info
445536	0.23426604270935059	0.09087705612182617	blockstream.info
447552	0.23364543914794922	0.0910186767578125	blockstream.info
449568	0.23428606986999512	0.09075570106506348	blockstream.info
451584	0.23395514488220215	0.09141850471496582	blockstream.info
453600	0.23442602157592773	0.09000658988952637	blockstream.info
455616	0.23431849479675293	0.09009337425231934	blockstream.info
457632	0.2345564365386963	0.09240436553955078	blockstream.info
459648	0.23395276069641113	0.10345816612243652	blockstream.info
461664	0.23364639282226562	0.09186601638793945	blockstream.info
463680	0.23358631134033203	0.09164094924926758	blockstream.info
465696	0.23474931716918945	0.09114861488342285	blockstream.info
467712	0.23357915878295898	0.0904378890991211	blockstream.info
469728	0.2333989143371582	0.09133458137512207	blockstream.info
471744	0.23470568656921387	0.09073710441589355	blockstream.info
473760	0.2333824634552002	0.09059500694274902	blockstream.info
475776	0.23494720458984375	0.0956411361694336	blockstream.info
477792	0.23400187492370605	0.0904853343963623	blockstream.info
479808	0.23377037048339844	0.09182310104370117	blockstream.info
481824	0.23303532600402832	0.09122562408447266	blockstream.info
483840	0.2345583438873291	0.09148812294006348	blockstream.info
485856	0.23367857933044434	0.0917201042175293	blockstream.info
487872	0.23465943336486816	0.09242725372314453	blockstream.info
489888	0.23376846313476562	0.0930182933807373	blockstream.info
491904	0.2334895133972168	0.09142351150512695	blockstream.info
493920	0.23412036895751953	0.09266161918640137	blockstream.info
495936	0.23367834091186523	0.09345221519470215	blockstream.info
497952	0.2338118553161621	0.09321093559265137	blockstream.info
499968	0.23354101181030273	0.09337186813354492	blockstream.info
501984	0.23383522033691406	0.09200096130371094	blockstream.info
504000	0.23394036293029785	0.0917961597442627	blockstream.info
506016	0.23444509506225586	0.09164714813232422	blockstream.info
508032	0.23629140853881836	0.09212493896484375	blockstream.info
510048	0.2338261604309082	0.09176397323608398	blockstream.info
512064	0.2346799373626709	0.09179806709289551	blockstream.info
514080	0.235687255859375	0.09187626838684082	blockstream.info
516096	0.23419189453125	0.09137821197509766	blockstream.info
518112	0.23423528671264648	0.0917966365814209	blockstream.info
520128	0.2335660457611084	0.0901174545288086	blockstream.info
522144	0.23502373695373535	0.09141182899475098	blockstream.info
524160	0.23340559005737305	0.09151005744934082	blockstream.info
526176	0.23430490493774414	0.09124207496643066	blockstream.info
528192	0.23346710205078125	0.09064078330993652	blockstream.info
530208	0.2346794605255127	0.09219861030578613	blockstream.info
532224	0.2332899570465088	0.0915367603302002	blockstream.info
534240	0.23348712921142578	0.09115457534790039	blockstream.info
536256	0.233656644821167	0.09197258949279785	blockstream.info
538272	0.2351832389831543	0.09148979187011719	blockstream.info
540288	0.23610472679138184	0.09068489074707031	blockstream.info
542304	0.23643207550048828	0.09187841415405273	blockstream.info
544320	0.23327207565307617	0.09113430976867676	blockstream.info
546336	0.23308777809143066	0.09000492095947266	blockstream.info
548352	0.23366189002990723	0.09186553955078125	blockstream.info
550368	0.23400235176086426	0.09060001373291016	blockstream.info
552384	0.23364543914794922	0.09203624725341797	blockstream.info
554400	0.23493218421936035	0.09088921546936035	blockstream.info
556416	0.23664450645446777	0.09084773063659668	blockstream.info
558432	0.23481965065002441	0.09289765357971191	blockstream.info
560448	0.23398566246032715	0.09054183959960938	blockstream.info
562464	0.2338728904724121	0.09136319160461426	blockstream.info
564480	0.23385930061340332	0.09113621711730957	blockstream.info
566496	0.23443865776062012	0.09150052070617676	blockstream.info
568512	0.23363041877746582	0.09188699722290039	blockstream.info
570528	0.2353975772857666	0.09183502197265625	blockstream.info
572544	0.23601841926574707	0.092132568359375	blockstream.info
574560	0.23405742645263672	0.09005403518676758	blockstream.info
576576	0.23392629623413086	0.08953690528869629	blockstream.info
578592	0.23364973068237305	0.09009480476379395	blockstream.info
580608	0.23498749732971191	0.09231233596801758	blockstream.info
582624	0.23376178741455078	0.09206509590148926	blockstream.info
584640	0.23501992225646973	0.09160232543945312	blockstream.info
586656	0.23385834693908691	0.09177947044372559	blockstream.info
588672	0.2341749668121338	0.09129881858825684	blockstream.info
590688	0.2338120937347412	0.09094095230102539	blockstream.info
592704	0.23353099822998047	0.0920112133026123	blockstream.info
594720	0.23377346992492676	0.09125161170959473	blockstream.info
596736	0.2338113784790039	0.09134364128112793	blockstream.info
598752	0.2344214916229248	0.09215235710144043	blockstream.info
600768	0.23397469520568848	0.09217095375061035	blockstream.info
602784	0.2349543571472168	0.09128522872924805	blockstream.info
604800	0.23583698272705078	0.0920865535736084	blockstream.info
606816	0.23404502868652344	0.09133481979370117	blockstream.info
608832	0.23370766639709473	0.09205031394958496	blockstream.info
610848	0.23346185684204102	0.09123635292053223	blockstream.info
612864	0.2341175079345703	0.09112191200256348	blockstream.info
614880	0.2337203025817871	0.09160184860229492	blockstream.info
616896	0.2359921932220459	0.09074211120605469	blockstream.info
618912	0.2345590591430664	0.0907449722290039	blockstream.info
620928	0.23297715187072754	0.0917975902557373	blockstream.info
622944	0.23644423484802246	0.09120464324951172	blockstream.info
624960	0.23298072814941406	0.0916750431060791	blockstream.info
626976	0.233964204788208	0.0914299488067627	blockstream.info
628992	0.2352452278137207	0.09159255027770996	blockstream.info
631008	0.2338550090789795	0.09182453155517578	blockstream.info
633024	0.23449373245239258	0.09118938446044922	blockstream.info
635040	0.23436689376831055	0.09158444404602051	blockstream.info
637056	0.2335193157196045	0.0924229621887207	blockstream.info
639072	0.23580241203308105	0.0913228988647461	blockstream.info
641088	0.2335209846496582	0.09166693687438965	blockstream.info
643104	0.23386907577514648	0.09192872047424316	blockstream.info
645120	0.23363900184631348	0.09114623069763184	blockstream.info
647136	0.23384451866149902	0.09180521965026855	blockstream.info
649152	0.234663724899292	0.09180140495300293	blockstream.info
651168	0.23413872718811035	0.09255146980285645	blockstream.info
653184	0.23346376419067383	0.09234881401062012	blockstream.info
655200	0.23412418365478516	0.09079957008361816	blockstream.info
657216	0.20823407173156738	0.059782981872558594	blockstream.info
