1	0.6469271183013916	0.08484911918640137	blockstream.info
2016	0.3137352466583252	0.08750081062316895	blockstream.info
4032	0.22027230262756348	0.08639931678771973	blockstream.info
6048	0.21879005432128906	0.08781099319458008	blockstream.info
8064	0.21936988830566406	0.0862274169921875	blockstream.info
10080	0.21851634979248047	0.08841586112976074	blockstream.info
12096	0.21926522254943848	0.08838105201721191	blockstream.info
14112	0.21895980834960938	0.08854961395263672	blockstream.info
16128	0.21842622756958008	0.08739900588989258	blockstream.info
18144	0.21926188468933105	0.08819198608398438	blockstream.info
20160	0.21925926208496094	0.0875539779663086	blockstream.info
22176	0.2188272476196289	0.08627820014953613	blockstream.info
24192	0.21916460990905762	0.08683180809020996	blockstream.info
26208	0.21814966201782227	0.08582258224487305	blockstream.info
28224	0.21894145011901855	0.08881711959838867	blockstream.info
30240	0.22194170951843262	0.08700895309448242	blockstream.info
32256	0.21846961975097656	0.08659839630126953	blockstream.info
34272	0.2185955047607422	0.08584332466125488	blockstream.info
36288	0.3235344886779785	0.08661961555480957	blockstream.info
38304	0.219069242477417	0.08721280097961426	blockstream.info
40320	0.21877074241638184	0.08663058280944824	blockstream.info
42336	0.21915674209594727	0.08574151992797852	blockstream.info
44352	0.21813011169433594	0.08508753776550293	blockstream.info
46368	0.21840143203735352	0.08732843399047852	blockstream.info
48384	0.21836400032043457	0.08596634864807129	blockstream.info
50400	0.21922898292541504	0.0866391658782959	blockstream.info
52416	0.21908092498779297	0.13683843612670898	blockstream.info
54432	0.21904349327087402	0.17571377754211426	blockstream.info
56448	0.21948838233947754	0.12272024154663086	blockstream.info
58464	0.2190108299255371	0.08594250679016113	blockstream.info
60480	0.21887588500976562	0.08591008186340332	blockstream.info
62496	0.21953964233398438	0.08620285987854004	blockstream.info
64512	0.22180509567260742	0.08620667457580566	blockstream.info
66528	0.21979308128356934	0.08619928359985352	blockstream.info
68544	0.21944570541381836	0.08580470085144043	blockstream.info
70560	0.21963214874267578	0.08677530288696289	blockstream.info
72576	0.2200322151184082	0.08749890327453613	blockstream.info
74592	0.21898365020751953	0.08666539192199707	blockstream.info
76608	0.2185039520263672	0.08657717704772949	blockstream.info
78624	0.2190110683441162	0.08637881278991699	blockstream.info
80640	0.2187638282775879	0.08781838417053223	blockstream.info
82656	0.21932291984558105	0.0872185230255127	blockstream.info
84672	0.2191758155822754	0.08644962310791016	blockstream.info
86688	0.21863031387329102	0.08667445182800293	blockstream.info
88704	0.21889495849609375	0.08714008331298828	blockstream.info
90720	0.2186887264251709	0.08666253089904785	blockstream.info
92736	0.21935486793518066	0.08656883239746094	blockstream.info
94752	0.2189035415649414	0.08617281913757324	blockstream.info
96768	0.21922612190246582	0.08687067031860352	blockstream.info
98784	0.21973204612731934	0.0869143009185791	blockstream.info
100800	0.21911025047302246	0.08652138710021973	blockstream.info
102816	0.21939969062805176	0.0855870246887207	blockstream.info
104832	0.2186267375946045	0.08604693412780762	blockstream.info
106848	0.2199411392211914	0.08708906173706055	blockstream.info
108864	0.21938514709472656	0.0865180492401123	blockstream.info
110880	0.2191762924194336	0.08610224723815918	blockstream.info
112896	0.2188560962677002	0.08788490295410156	blockstream.info
114912	0.21897101402282715	0.08698511123657227	blockstream.info
116928	0.21914267539978027	0.0872352123260498	blockstream.info
118944	0.21852397918701172	0.08791184425354004	blockstream.info
120960	0.21912646293640137	0.08705830574035645	blockstream.info
122976	0.2182023525238037	0.08644556999206543	blockstream.info
124992	0.2187178134918213	0.0868978500366211	blockstream.info
127008	0.2191767692565918	0.08651256561279297	blockstream.info
129024	0.219130277633667	0.08663415908813477	blockstream.info
131040	0.21865415573120117	0.0865328311920166	blockstream.info
133056	0.21855664253234863	0.08607864379882812	blockstream.info
135072	0.21895980834960938	0.08644938468933105	blockstream.info
137088	0.21863865852355957	0.08667206764221191	blockstream.info
139104	0.21838116645812988	0.08603262901306152	blockstream.info
141120	0.21873879432678223	0.08598017692565918	blockstream.info
143136	0.2185051441192627	0.0866386890411377	blockstream.info
145152	0.21869325637817383	0.08612632751464844	blockstream.info
147168	0.21913957595825195	0.0870051383972168	blockstream.info
149184	0.21895718574523926	0.08686089515686035	blockstream.info
151200	0.21831274032592773	0.08684754371643066	blockstream.info
153216	0.21932530403137207	0.08662223815917969	blockstream.info
155232	0.21848750114440918	0.08698177337646484	blockstream.info
157248	0.21881556510925293	0.0869297981262207	blockstream.info
159264	0.2188277244567871	0.0870046615600586	blockstream.info
161280	0.21876859664916992	0.0867466926574707	blockstream.info
163296	0.21920180320739746	0.08644366264343262	blockstream.info
165312	0.21826410293579102	0.08676838874816895	blockstream.info
167328	0.21869874000549316	0.08700013160705566	blockstream.info
169344	0.21886730194091797	0.0873565673828125	blockstream.info
171360	0.2192397117614746	0.08688616752624512	blockstream.info
173376	0.21913981437683105	0.08717203140258789	blockstream.info
175392	0.21869444847106934	0.08780288696289062	blockstream.info
177408	0.218597412109375	0.08693671226501465	blockstream.info
179424	0.21866583824157715	0.08696699142456055	blockstream.info
181440	0.21861934661865234	0.08679604530334473	blockstream.info
183456	0.21870899200439453	0.08648514747619629	blockstream.info
185472	0.21922969818115234	0.08722996711730957	blockstream.info
187488	0.21818947792053223	0.08538532257080078	blockstream.info
189504	0.21816396713256836	0.087615966796875	blockstream.info
191520	0.219374418258667	0.0885934829711914	blockstream.info
193536	0.22094249725341797	0.08717799186706543	blockstream.info
195552	0.2187490463256836	0.08712220191955566	blockstream.info
197568	0.21882295608520508	0.08864688873291016	blockstream.info
199584	0.2183218002319336	0.08860898017883301	blockstream.info
201600	0.2189955711364746	0.08604979515075684	blockstream.info
203616	0.21884632110595703	0.0868682861328125	blockstream.info
205632	0.21873188018798828	0.08628988265991211	blockstream.info
207648	0.22082257270812988	0.08693885803222656	blockstream.info
209664	0.220808744430542	0.08707284927368164	blockstream.info
211680	0.2235884666442871	0.08937501907348633	blockstream.info
213696	0.22177481651306152	0.08711528778076172	blockstream.info
215712	0.2216646671295166	0.08710932731628418	blockstream.info
217728	0.22111916542053223	0.08750557899475098	blockstream.info
219744	0.2218015193939209	0.08788418769836426	blockstream.info
221760	0.22120380401611328	0.0887448787689209	blockstream.info
223776	0.21970152854919434	0.08665227890014648	blockstream.info
225792	0.21943354606628418	0.08760190010070801	blockstream.info
227808	0.21918106079101562	0.08655953407287598	blockstream.info
229824	0.21870803833007812	0.08786797523498535	blockstream.info
231840	0.2199397087097168	0.08835244178771973	blockstream.info
233856	0.21849298477172852	0.0862267017364502	blockstream.info
235872	0.21950578689575195	0.08802127838134766	blockstream.info
237888	0.2187032699584961	0.08809304237365723	blockstream.info
239904	0.21867060661315918	0.08722949028015137	blockstream.info
241920	0.21831250190734863	0.08787727355957031	blockstream.info
243936	0.2191474437713623	0.08726048469543457	blockstream.info
245952	0.21833086013793945	0.08754944801330566	blockstream.info
247968	0.2185351848602295	0.08765482902526855	blockstream.info
249984	0.21938490867614746	0.08685040473937988	blockstream.info
252000	0.219254732131958	0.08643770217895508	blockstream.info
254016	0.21900153160095215	0.08686423301696777	blockstream.info
256032	0.2198779582977295	0.08813977241516113	blockstream.info
258048	0.21856284141540527	0.08753776550292969	blockstream.info
260064	0.2192232608795166	0.0877370834350586	blockstream.info
262080	0.21881604194641113	0.0881657600402832	blockstream.info
264096	0.21958374977111816	0.08910965919494629	blockstream.info
266112	0.21890020370483398	0.0889277458190918	blockstream.info
268128	0.21870899200439453	0.08859467506408691	blockstream.info
270144	0.21925711631774902	0.08805990219116211	blockstream.info
272160	0.21901583671569824	0.08802437782287598	blockstream.info
274176	0.2194995880126953	0.08764863014221191	blockstream.info
276192	0.2196497917175293	0.08783555030822754	blockstream.info
278208	0.21904993057250977	0.0889275074005127	blockstream.info
280224	0.21832275390625	0.08825325965881348	blockstream.info
282240	0.21927523612976074	0.08724713325500488	blockstream.info
284256	0.21978330612182617	0.08800458908081055	blockstream.info
286272	0.2197563648223877	0.08846235275268555	blockstream.info
288288	0.2192518711090088	0.08756637573242188	blockstream.info
290304	0.21945834159851074	0.08797168731689453	blockstream.info
292320	0.21989750862121582	0.08804678916931152	blockstream.info
294336	0.21918010711669922	0.08916020393371582	blockstream.info
296352	0.21885323524475098	0.08813858032226562	blockstream.info
298368	0.21842122077941895	0.0880136489868164	blockstream.info
300384	0.21899795532226562	0.08790445327758789	blockstream.info
302400	0.21924614906311035	0.08708643913269043	blockstream.info
304416	0.21868634223937988	0.08773326873779297	blockstream.info
306432	0.2190406322479248	0.08768892288208008	blockstream.info
308448	0.21871018409729004	0.0881505012512207	blockstream.info
310464	0.21888494491577148	0.08694314956665039	blockstream.info
312480	0.21853089332580566	0.08729195594787598	blockstream.info
314496	0.22090911865234375	0.08820104598999023	blockstream.info
316512	0.2208395004272461	0.08881568908691406	blockstream.info
318528	0.22176599502563477	0.0891730785369873	blockstream.info
320544	0.221038818359375	0.08833646774291992	blockstream.info
322560	0.22120928764343262	0.08862543106079102	blockstream.info
324576	0.2213120460510254	0.08790326118469238	blockstream.info
326592	0.2194976806640625	0.08819222450256348	blockstream.info
328608	0.21866917610168457	0.08755970001220703	blockstream.info
330624	0.21856474876403809	0.08850336074829102	blockstream.info
332640	0.21876215934753418	0.08859753608703613	blockstream.info
334656	0.21862483024597168	0.08828544616699219	blockstream.info
336672	0.21852803230285645	0.08849191665649414	blockstream.info
338688	0.21847295761108398	0.08751225471496582	blockstream.info
340704	0.21848630905151367	0.08823585510253906	blockstream.info
342720	0.21869754791259766	0.08831906318664551	blockstream.info
344736	0.21911859512329102	0.08890533447265625	blockstream.info
346752	0.21848392486572266	0.08771085739135742	blockstream.info
348768	0.21876192092895508	0.08791232109069824	blockstream.info
350784	0.21864914894104004	0.08786511421203613	blockstream.info
352800	0.21889948844909668	0.08827471733093262	blockstream.info
354816	0.21893835067749023	0.08762669563293457	blockstream.info
356832	0.21905732154846191	0.08835220336914062	blockstream.info
358848	0.21909117698669434	0.08838891983032227	blockstream.info
360864	0.21916723251342773	0.08825540542602539	blockstream.info
362880	0.21945762634277344	0.0877981185913086	blockstream.info
364896	0.21810126304626465	0.08896183967590332	blockstream.info
366912	0.21961641311645508	0.08900904655456543	blockstream.info
368928	0.2195601463317871	0.08836555480957031	blockstream.info
370944	0.21918606758117676	0.08734250068664551	blockstream.info
372960	0.21944594383239746	0.08692693710327148	blockstream.info
374976	0.21942353248596191	0.0888512134552002	blockstream.info
376992	0.2188401222229004	0.08857226371765137	blockstream.info
379008	0.2195909023284912	0.08892941474914551	blockstream.info
381024	0.21877288818359375	0.08983397483825684	blockstream.info
383040	0.21915006637573242	0.08892679214477539	blockstream.info
385056	0.21873927116394043	0.08815145492553711	blockstream.info
387072	0.22143125534057617	0.08994030952453613	blockstream.info
389088	0.21886610984802246	0.08765292167663574	blockstream.info
391104	0.21837258338928223	0.08853411674499512	blockstream.info
393120	0.21930670738220215	0.08755970001220703	blockstream.info
395136	0.21850252151489258	0.08837127685546875	blockstream.info
397152	0.22107195854187012	0.08846068382263184	blockstream.info
399168	0.21965909004211426	0.08774924278259277	blockstream.info
401184	0.21935319900512695	0.08870983123779297	blockstream.info
403200	0.21857380867004395	0.08841204643249512	blockstream.info
405216	0.2192072868347168	0.09135794639587402	blockstream.info
407232	0.21896815299987793	0.08938431739807129	blockstream.info
409248	0.21988821029663086	0.08796024322509766	blockstream.info
411264	0.22286391258239746	0.08719992637634277	blockstream.info
413280	0.21868634223937988	0.08791732788085938	blockstream.info
415296	0.21903157234191895	0.0881648063659668	blockstream.info
417312	0.21909761428833008	0.08745098114013672	blockstream.info
419328	0.2195596694946289	0.08789181709289551	blockstream.info
421344	0.2192990779876709	0.0875556468963623	blockstream.info
423360	0.21944046020507812	0.0878138542175293	blockstream.info
425376	0.21884465217590332	0.08742856979370117	blockstream.info
427392	0.21926283836364746	0.08761477470397949	blockstream.info
429408	0.21921944618225098	0.08794069290161133	blockstream.info
431424	0.22125697135925293	0.08789515495300293	blockstream.info
433440	0.2188403606414795	0.08853435516357422	blockstream.info
435456	0.21868491172790527	0.08726859092712402	blockstream.info
437472	0.21837425231933594	0.08769941329956055	blockstream.info
439488	0.21874523162841797	0.08715271949768066	blockstream.info
441504	0.2185354232788086	0.08723020553588867	blockstream.info
443520	0.21871614456176758	0.08836984634399414	blockstream.info
445536	0.21867585182189941	0.08887147903442383	blockstream.info
447552	0.21907758712768555	0.0904085636138916	blockstream.info
449568	0.21891069412231445	0.0886530876159668	blockstream.info
451584	0.21829700469970703	0.08994579315185547	blockstream.info
453600	0.2185373306274414	0.08954548835754395	blockstream.info
455616	0.21873188018798828	0.09166359901428223	blockstream.info
457632	0.22062087059020996	0.08929252624511719	blockstream.info
459648	0.21869754791259766	0.08957624435424805	blockstream.info
461664	0.21839189529418945	0.08945870399475098	blockstream.info
463680	0.21927952766418457	0.09009718894958496	blockstream.info
465696	0.21953153610229492	0.08970379829406738	blockstream.info
467712	0.2184772491455078	0.09014129638671875	blockstream.info
469728	0.21852612495422363	0.0891265869140625	blockstream.info
471744	0.21915769577026367	0.08901715278625488	blockstream.info
473760	0.21875691413879395	0.08953523635864258	blockstream.info
475776	0.2188708782196045	0.08887577056884766	blockstream.info
477792	0.21879935264587402	0.0887761116027832	blockstream.info
479808	0.21911883354187012	0.08842682838439941	blockstream.info
481824	0.21919655799865723	0.08891463279724121	blockstream.info
483840	0.2189490795135498	0.08849334716796875	blockstream.info
485856	0.21828961372375488	0.09005928039550781	blockstream.info
487872	0.21859049797058105	0.08922505378723145	blockstream.info
489888	0.21868562698364258	0.09114861488342285	blockstream.info
491904	0.2186448574066162	0.0900566577911377	blockstream.info
493920	0.2205946445465088	0.08981513977050781	blockstream.info
495936	0.2177114486694336	0.09093856811523438	blockstream.info
497952	0.2186439037322998	0.09028220176696777	blockstream.info
499968	0.21892356872558594	0.09097123146057129	blockstream.info
501984	0.2189652919769287	0.09083271026611328	blockstream.info
504000	0.21900415420532227	0.08930563926696777	blockstream.info
506016	0.21933579444885254	0.08984589576721191	blockstream.info
508032	0.21892285346984863	0.08895254135131836	blockstream.info
510048	0.21882843971252441	0.08874845504760742	blockstream.info
512064	0.21879100799560547	0.08915495872497559	blockstream.info
514080	0.21868205070495605	0.0883634090423584	blockstream.info
516096	0.21833348274230957	0.08909869194030762	blockstream.info
518112	0.21892428398132324	0.08967328071594238	blockstream.info
520128	0.2185044288635254	0.08905363082885742	blockstream.info
522144	0.21910548210144043	0.08867263793945312	blockstream.info
524160	0.21881413459777832	0.08854508399963379	blockstream.info
526176	0.2181689739227295	0.08969545364379883	blockstream.info
528192	0.2189805507659912	0.08925294876098633	blockstream.info
530208	0.22113895416259766	0.0899972915649414	blockstream.info
532224	0.2185831069946289	0.08955669403076172	blockstream.info
534240	0.21916556358337402	0.08965587615966797	blockstream.info
536256	0.2186737060546875	0.08950376510620117	blockstream.info
538272	0.22023820877075195	0.09148836135864258	blockstream.info
540288	0.2186107635498047	0.08975362777709961	blockstream.info
542304	0.2185661792755127	0.08890461921691895	blockstream.info
544320	0.21807312965393066	0.09018754959106445	blockstream.info
546336	0.21976542472839355	0.0895845890045166	blockstream.info
548352	0.21862030029296875	0.08940553665161133	blockstream.info
550368	0.21930599212646484	0.08959031105041504	blockstream.info
552384	0.22048568725585938	0.0885775089263916	blockstream.info
554400	0.21947836875915527	0.08976864814758301	blockstream.info
556416	0.2186286449432373	0.08922624588012695	blockstream.info
558432	0.2185530662536621	0.09003114700317383	blockstream.info
560448	0.21889829635620117	0.08976459503173828	blockstream.info
562464	0.2192530632019043	0.08983969688415527	blockstream.info
564480	0.21896028518676758	0.08952856063842773	blockstream.info
566496	0.22159218788146973	0.08916282653808594	blockstream.info
568512	0.22185611724853516	0.08958816528320312	blockstream.info
570528	0.22075939178466797	0.08858561515808105	blockstream.info
572544	0.2213132381439209	0.08902573585510254	blockstream.info
574560	0.22215032577514648	0.08921337127685547	blockstream.info
576576	0.2186427116394043	0.09004569053649902	blockstream.info
578592	0.21853232383728027	0.08975005149841309	blockstream.info
580608	0.2190108299255371	0.0892190933227539	blockstream.info
582624	0.21862030029296875	0.08989715576171875	blockstream.info
584640	0.21886467933654785	0.08896064758300781	blockstream.info
586656	0.21881628036499023	0.08954262733459473	blockstream.info
588672	0.21877169609069824	0.08951807022094727	blockstream.info
590688	0.21965456008911133	0.08890962600708008	blockstream.info
592704	0.2182784080505371	0.0896158218383789	blockstream.info
594720	0.22033047676086426	0.09043312072753906	blockstream.info
596736	0.21939516067504883	0.09135103225708008	blockstream.info
598752	0.21878600120544434	0.09074831008911133	blockstream.info
600768	0.22134160995483398	0.0923457145690918	blockstream.info
602784	0.21917462348937988	0.08928871154785156	blockstream.info
604800	0.2185370922088623	0.09090256690979004	blockstream.info
606816	0.2185382843017578	0.09092092514038086	blockstream.info
608832	0.21865344047546387	0.08927178382873535	blockstream.info
610848	0.21877646446228027	0.0900275707244873	blockstream.info
612864	0.21869874000549316	0.0902411937713623	blockstream.info
614880	0.2193155288696289	0.09117984771728516	blockstream.info
616896	0.21947693824768066	0.09025382995605469	blockstream.info
618912	0.21936297416687012	0.08991265296936035	blockstream.info
620928	0.21879196166992188	0.08985233306884766	blockstream.info
622944	0.2189340591430664	0.09047532081604004	blockstream.info
624960	0.21889281272888184	0.09025788307189941	blockstream.info
626976	0.21863746643066406	0.09007978439331055	blockstream.info
628992	0.21850013732910156	0.08979582786560059	blockstream.info
631008	0.21965312957763672	0.09019136428833008	blockstream.info
633024	0.2192680835723877	0.09102535247802734	blockstream.info
635040	0.2189195156097412	0.08911275863647461	blockstream.info
637056	0.22141766548156738	0.08907532691955566	blockstream.info
639072	0.22157049179077148	0.08909106254577637	blockstream.info
641088	0.21897625923156738	0.09016823768615723	blockstream.info
643104	0.21933746337890625	0.0897984504699707	blockstream.info
645120	0.21908116340637207	0.08950972557067871	blockstream.info
647136	0.2192692756652832	0.08918452262878418	blockstream.info
649152	0.219010591506958	0.08919739723205566	blockstream.info
651168	0.21851420402526855	0.09015822410583496	blockstream.info
653184	0.21890568733215332	0.08962774276733398	blockstream.info
655200	0.22032642364501953	0.09084534645080566	blockstream.info
657216	0.19794964790344238	0.057744741439819336	blockstream.info
