1	0.6275596618652344	0.08724069595336914	electrum.blockstream.info
2016	0.31662511825561523	0.08826708793640137	electrum.blockstream.info
4032	0.31739044189453125	0.08682632446289062	electrum.blockstream.info
6048	0.31685924530029297	0.08693385124206543	electrum.blockstream.info
8064	0.3161747455596924	0.0879051685333252	electrum.blockstream.info
10080	0.31620144844055176	0.08864140510559082	electrum.blockstream.info
12096	0.4705934524536133	0.08797645568847656	electrum.blockstream.info
14112	0.3170943260192871	0.08948540687561035	electrum.blockstream.info
16128	0.3164713382720947	0.0884251594543457	electrum.blockstream.info
18144	0.31705212593078613	0.08873152732849121	electrum.blockstream.info
20160	0.317333459854126	0.08827352523803711	electrum.blockstream.info
22176	0.47160935401916504	0.08713626861572266	electrum.blockstream.info
24192	0.47073936462402344	0.08678007125854492	electrum.blockstream.info
26208	0.31716299057006836	0.0872337818145752	electrum.blockstream.info
28224	0.31839466094970703	0.08963346481323242	electrum.blockstream.info
30240	0.31838417053222656	0.08822107315063477	electrum.blockstream.info
32256	0.31803393363952637	0.0879511833190918	electrum.blockstream.info
34272	0.3177812099456787	0.17917108535766602	electrum.blockstream.info
36288	0.317598819732666	0.08867311477661133	electrum.blockstream.info
38304	0.31761837005615234	0.08779001235961914	electrum.blockstream.info
40320	0.3175499439239502	0.08719491958618164	electrum.blockstream.info
42336	0.31855249404907227	0.08649826049804688	electrum.blockstream.info
44352	0.32061100006103516	0.08750748634338379	electrum.blockstream.info
46368	0.31667613983154297	0.08739972114562988	electrum.blockstream.info
48384	0.31796884536743164	0.08757996559143066	electrum.blockstream.info
50400	0.31754231452941895	0.08664798736572266	electrum.blockstream.info
52416	0.3174760341644287	0.08861660957336426	electrum.blockstream.info
54432	0.3173184394836426	0.08729743957519531	electrum.blockstream.info
56448	0.31662559509277344	0.08701181411743164	electrum.blockstream.info
58464	0.3173692226409912	0.08688974380493164	electrum.blockstream.info
60480	0.3166961669921875	0.08832263946533203	electrum.blockstream.info
62496	0.31737804412841797	0.08726954460144043	electrum.blockstream.info
64512	0.3164072036743164	0.086395263671875	electrum.blockstream.info
66528	0.3165295124053955	0.0879814624786377	electrum.blockstream.info
68544	0.3163297176361084	0.08864879608154297	electrum.blockstream.info
70560	0.31881070137023926	0.08870530128479004	electrum.blockstream.info
72576	0.31877684593200684	0.08954071998596191	electrum.blockstream.info
74592	0.3161435127258301	0.08889245986938477	electrum.blockstream.info
76608	0.3164846897125244	0.08892560005187988	electrum.blockstream.info
78624	0.3172316551208496	0.08867740631103516	electrum.blockstream.info
80640	0.3166327476501465	0.08878421783447266	electrum.blockstream.info
82656	0.31638646125793457	0.08740663528442383	electrum.blockstream.info
84672	0.3167128562927246	0.08928394317626953	electrum.blockstream.info
86688	0.3170745372772217	0.08824324607849121	electrum.blockstream.info
88704	0.316669225692749	0.08869791030883789	electrum.blockstream.info
90720	0.3169119358062744	0.08766961097717285	electrum.blockstream.info
92736	0.3167426586151123	0.08731865882873535	electrum.blockstream.info
94752	0.31687426567077637	0.08788204193115234	electrum.blockstream.info
96768	0.3186209201812744	0.0875253677368164	electrum.blockstream.info
98784	0.31919288635253906	0.08788347244262695	electrum.blockstream.info
100800	0.3183557987213135	0.08698153495788574	electrum.blockstream.info
102816	0.31745028495788574	0.08814048767089844	electrum.blockstream.info
104832	0.31824588775634766	0.08638358116149902	electrum.blockstream.info
106848	0.3174924850463867	0.08787345886230469	electrum.blockstream.info
108864	0.31792378425598145	0.08662748336791992	electrum.blockstream.info
110880	0.31784653663635254	0.08791828155517578	electrum.blockstream.info
112896	0.31715822219848633	0.08884549140930176	electrum.blockstream.info
114912	0.31703782081604004	0.0884561538696289	electrum.blockstream.info
116928	0.3184945583343506	0.08953571319580078	electrum.blockstream.info
118944	0.4722573757171631	0.08885431289672852	electrum.blockstream.info
120960	0.47251200675964355	0.08756327629089355	electrum.blockstream.info
122976	0.3191568851470947	0.08753848075866699	electrum.blockstream.info
124992	0.3189816474914551	0.08718419075012207	electrum.blockstream.info
127008	0.31871581077575684	0.08676767349243164	electrum.blockstream.info
129024	0.3197295665740967	0.08755373954772949	electrum.blockstream.info
131040	0.3194618225097656	0.08680295944213867	electrum.blockstream.info
133056	0.340778112411499	0.08877778053283691	electrum.blockstream.info
135072	0.31963109970092773	0.08656764030456543	electrum.blockstream.info
137088	0.31923556327819824	0.08964729309082031	electrum.blockstream.info
139104	0.31744813919067383	0.08817934989929199	electrum.blockstream.info
141120	0.3166193962097168	0.08872795104980469	electrum.blockstream.info
143136	0.3176248073577881	0.08842015266418457	electrum.blockstream.info
145152	0.4724719524383545	0.0879051685333252	electrum.blockstream.info
147168	0.4724109172821045	0.12302112579345703	electrum.blockstream.info
149184	0.4734933376312256	0.08843874931335449	electrum.blockstream.info
151200	0.4705982208251953	0.08795595169067383	electrum.blockstream.info
153216	0.31694722175598145	0.09059453010559082	electrum.blockstream.info
155232	0.3167896270751953	0.08849620819091797	electrum.blockstream.info
157248	0.31704139709472656	0.0881357192993164	electrum.blockstream.info
159264	0.3172171115875244	0.08830642700195312	electrum.blockstream.info
161280	0.3189547061920166	0.08846783638000488	electrum.blockstream.info
163296	0.3171958923339844	0.08945751190185547	electrum.blockstream.info
165312	0.31792116165161133	0.08867168426513672	electrum.blockstream.info
167328	0.31751227378845215	0.08723115921020508	electrum.blockstream.info
169344	0.3168976306915283	0.08817744255065918	electrum.blockstream.info
171360	0.3190176486968994	0.08828973770141602	electrum.blockstream.info
173376	0.31684041023254395	0.08946633338928223	electrum.blockstream.info
175392	0.3168332576751709	0.0886087417602539	electrum.blockstream.info
177408	0.3165121078491211	0.08917570114135742	electrum.blockstream.info
179424	0.3169443607330322	0.08826208114624023	electrum.blockstream.info
181440	0.3173792362213135	0.08845996856689453	electrum.blockstream.info
183456	0.31786084175109863	0.08878922462463379	electrum.blockstream.info
185472	0.31763267517089844	0.0880577564239502	electrum.blockstream.info
187488	0.31841063499450684	0.08878374099731445	electrum.blockstream.info
189504	0.31738901138305664	0.08812880516052246	electrum.blockstream.info
191520	0.31830763816833496	0.0886392593383789	electrum.blockstream.info
193536	0.3173980712890625	0.08755755424499512	electrum.blockstream.info
195552	0.31958651542663574	0.08797788619995117	electrum.blockstream.info
197568	0.318209171295166	0.08818435668945312	electrum.blockstream.info
199584	0.3190135955810547	0.08780431747436523	electrum.blockstream.info
201600	0.3164479732513428	0.08826684951782227	electrum.blockstream.info
203616	0.31633973121643066	0.08793997764587402	electrum.blockstream.info
205632	0.3167264461517334	0.08862805366516113	electrum.blockstream.info
207648	0.31695055961608887	0.08852195739746094	electrum.blockstream.info
209664	0.31629037857055664	0.08858609199523926	electrum.blockstream.info
211680	0.31653904914855957	0.08907866477966309	electrum.blockstream.info
213696	0.3164634704589844	0.0884251594543457	electrum.blockstream.info
215712	0.3166508674621582	0.08896946907043457	electrum.blockstream.info
217728	0.31694889068603516	0.0899498462677002	electrum.blockstream.info
219744	0.3165249824523926	0.08877778053283691	electrum.blockstream.info
221760	0.316417932510376	0.08852171897888184	electrum.blockstream.info
223776	0.31691741943359375	0.08849596977233887	electrum.blockstream.info
225792	0.3165552616119385	0.08768033981323242	electrum.blockstream.info
227808	0.31656718254089355	0.08937644958496094	electrum.blockstream.info
229824	0.3166389465332031	0.08933210372924805	electrum.blockstream.info
231840	0.31685662269592285	0.08937764167785645	electrum.blockstream.info
233856	0.31700563430786133	0.0895686149597168	electrum.blockstream.info
235872	0.31633472442626953	0.09013104438781738	electrum.blockstream.info
237888	0.31666111946105957	0.08868670463562012	electrum.blockstream.info
239904	0.31712961196899414	0.09030485153198242	electrum.blockstream.info
241920	0.47217321395874023	0.09011697769165039	electrum.blockstream.info
243936	0.47038698196411133	0.0896451473236084	electrum.blockstream.info
245952	0.318190336227417	0.0900266170501709	electrum.blockstream.info
247968	0.31737852096557617	0.0902097225189209	electrum.blockstream.info
249984	0.31743645668029785	0.08917474746704102	electrum.blockstream.info
252000	0.31729888916015625	0.08905625343322754	electrum.blockstream.info
254016	0.3234398365020752	0.09030580520629883	electrum.blockstream.info
256032	0.3176252841949463	0.08912539482116699	electrum.blockstream.info
258048	0.31762194633483887	0.08855009078979492	electrum.blockstream.info
260064	0.3179192543029785	0.08915328979492188	electrum.blockstream.info
262080	0.31827521324157715	0.08987665176391602	electrum.blockstream.info
264096	0.318603515625	0.08951830863952637	electrum.blockstream.info
266112	0.3201262950897217	0.08965063095092773	electrum.blockstream.info
268128	0.31765079498291016	0.08934211730957031	electrum.blockstream.info
270144	0.47066640853881836	0.08882260322570801	electrum.blockstream.info
272160	0.4706258773803711	0.08946585655212402	electrum.blockstream.info
274176	0.47280287742614746	0.09079766273498535	electrum.blockstream.info
276192	0.3180577754974365	0.08910250663757324	electrum.blockstream.info
278208	0.3179752826690674	0.08878946304321289	electrum.blockstream.info
280224	0.3178696632385254	0.08993649482727051	electrum.blockstream.info
282240	0.31734728813171387	0.08786559104919434	electrum.blockstream.info
284256	0.3179590702056885	0.08857202529907227	electrum.blockstream.info
286272	0.31832146644592285	0.0881502628326416	electrum.blockstream.info
288288	0.3183169364929199	0.08787918090820312	electrum.blockstream.info
290304	0.31785106658935547	0.08721590042114258	electrum.blockstream.info
292320	0.31820058822631836	0.08890986442565918	electrum.blockstream.info
294336	0.31858301162719727	0.08900713920593262	electrum.blockstream.info
296352	0.3190183639526367	0.08911371231079102	electrum.blockstream.info
298368	0.3177955150604248	0.08925700187683105	electrum.blockstream.info
300384	0.3170759677886963	0.08941102027893066	electrum.blockstream.info
302400	0.3174126148223877	0.08896088600158691	electrum.blockstream.info
304416	0.3194873332977295	0.08903837203979492	electrum.blockstream.info
306432	0.3189220428466797	0.08937454223632812	electrum.blockstream.info
308448	0.3196098804473877	0.08940744400024414	electrum.blockstream.info
310464	0.3167846202850342	0.0907289981842041	electrum.blockstream.info
312480	0.31804847717285156	0.0891885757446289	electrum.blockstream.info
314496	0.3181025981903076	0.09031367301940918	electrum.blockstream.info
316512	0.318727970123291	0.08851027488708496	electrum.blockstream.info
318528	0.3180701732635498	0.0885622501373291	electrum.blockstream.info
320544	0.3175971508026123	0.09038472175598145	electrum.blockstream.info
322560	0.3185157775878906	0.08916640281677246	electrum.blockstream.info
324576	0.3183095455169678	0.08863472938537598	electrum.blockstream.info
326592	0.3197636604309082	0.08968257904052734	electrum.blockstream.info
328608	0.31741952896118164	0.08954024314880371	electrum.blockstream.info
330624	0.3186471462249756	0.09006786346435547	electrum.blockstream.info
332640	0.3172941207885742	0.08933520317077637	electrum.blockstream.info
334656	0.31796932220458984	0.09038710594177246	electrum.blockstream.info
336672	0.31795763969421387	0.08891534805297852	electrum.blockstream.info
338688	0.31874632835388184	0.08939290046691895	electrum.blockstream.info
340704	0.31822705268859863	0.08959555625915527	electrum.blockstream.info
342720	0.3175489902496338	0.08920431137084961	electrum.blockstream.info
344736	0.318375825881958	0.08924460411071777	electrum.blockstream.info
346752	0.31713080406188965	0.08977031707763672	electrum.blockstream.info
348768	0.31676816940307617	0.08919906616210938	electrum.blockstream.info
350784	0.31679844856262207	0.08954334259033203	electrum.blockstream.info
352800	0.31894469261169434	0.08983302116394043	electrum.blockstream.info
354816	0.31716084480285645	0.08952593803405762	electrum.blockstream.info
356832	0.4707205295562744	0.08826088905334473	electrum.blockstream.info
358848	0.46985721588134766	0.08858823776245117	electrum.blockstream.info
360864	0.46961236000061035	0.08714056015014648	electrum.blockstream.info
362880	0.31674885749816895	0.08820676803588867	electrum.blockstream.info
364896	0.3180108070373535	0.08738136291503906	electrum.blockstream.info
366912	0.3167548179626465	0.08743715286254883	electrum.blockstream.info
368928	0.31655406951904297	0.08746790885925293	electrum.blockstream.info
370944	0.3169839382171631	0.08806109428405762	electrum.blockstream.info
372960	0.317767858505249	0.08907604217529297	electrum.blockstream.info
374976	0.31833386421203613	0.08830595016479492	electrum.blockstream.info
376992	0.31731104850769043	0.08943867683410645	electrum.blockstream.info
379008	0.3171064853668213	0.08818364143371582	electrum.blockstream.info
381024	0.31692075729370117	0.08783292770385742	electrum.blockstream.info
383040	0.31784987449645996	0.08748102188110352	electrum.blockstream.info
385056	0.3170926570892334	0.0894472599029541	electrum.blockstream.info
387072	0.31743311882019043	0.08741497993469238	electrum.blockstream.info
389088	0.31760454177856445	0.08812308311462402	electrum.blockstream.info
391104	0.31695079803466797	0.087890625	electrum.blockstream.info
393120	0.3186788558959961	0.08879566192626953	electrum.blockstream.info
395136	0.31791019439697266	0.08815550804138184	electrum.blockstream.info
397152	0.3676726818084717	0.0874030590057373	electrum.blockstream.info
399168	0.4704408645629883	0.08789968490600586	electrum.blockstream.info
401184	0.47286438941955566	0.08853983879089355	electrum.blockstream.info
403200	0.31922054290771484	0.08908915519714355	electrum.blockstream.info
405216	0.3185744285583496	0.08882260322570801	electrum.blockstream.info
407232	0.3184986114501953	0.0909736156463623	electrum.blockstream.info
409248	0.3177626132965088	0.08931517601013184	electrum.blockstream.info
411264	0.3165013790130615	0.08882880210876465	electrum.blockstream.info
413280	0.3169724941253662	0.08825516700744629	electrum.blockstream.info
415296	0.31735754013061523	0.08711981773376465	electrum.blockstream.info
417312	0.3167533874511719	0.08799576759338379	electrum.blockstream.info
419328	0.31876111030578613	0.08721351623535156	electrum.blockstream.info
421344	0.31691718101501465	0.0881798267364502	electrum.blockstream.info
423360	0.3172612190246582	0.08820986747741699	electrum.blockstream.info
425376	0.3172287940979004	0.08841848373413086	electrum.blockstream.info
427392	0.3172595500946045	0.08808374404907227	electrum.blockstream.info
429408	0.31664156913757324	0.08840036392211914	electrum.blockstream.info
431424	0.31678342819213867	0.09035921096801758	electrum.blockstream.info
433440	0.31670618057250977	0.08855962753295898	electrum.blockstream.info
435456	0.3652670383453369	0.08878016471862793	electrum.blockstream.info
437472	0.4713478088378906	0.08919858932495117	electrum.blockstream.info
439488	0.4699726104736328	0.08857512474060059	electrum.blockstream.info
441504	0.3167145252227783	0.0887601375579834	electrum.blockstream.info
443520	0.3169877529144287	0.08974432945251465	electrum.blockstream.info
445536	0.3195662498474121	0.0888967514038086	electrum.blockstream.info
447552	0.3172945976257324	0.08815240859985352	electrum.blockstream.info
449568	0.31870388984680176	0.08814835548400879	electrum.blockstream.info
451584	0.31679415702819824	0.08904004096984863	electrum.blockstream.info
453600	0.31748032569885254	0.08672070503234863	electrum.blockstream.info
455616	0.31732678413391113	0.09006166458129883	electrum.blockstream.info
457632	0.3165132999420166	0.08861351013183594	electrum.blockstream.info
459648	0.3165128231048584	0.0887606143951416	electrum.blockstream.info
461664	0.3166835308074951	0.09050178527832031	electrum.blockstream.info
463680	0.3173961639404297	0.09084272384643555	electrum.blockstream.info
465696	0.3165590763092041	0.13779020309448242	electrum.blockstream.info
467712	0.3170440196990967	0.09066319465637207	electrum.blockstream.info
469728	0.31980109214782715	0.09013104438781738	electrum.blockstream.info
471744	0.3178377151489258	0.08855223655700684	electrum.blockstream.info
473760	0.31787776947021484	0.0871732234954834	electrum.blockstream.info
475776	0.31871461868286133	0.09004330635070801	electrum.blockstream.info
477792	0.3170657157897949	0.08962082862854004	electrum.blockstream.info
479808	0.3165860176086426	0.08968782424926758	electrum.blockstream.info
481824	0.3173351287841797	0.09024691581726074	electrum.blockstream.info
483840	0.316927433013916	0.08945512771606445	electrum.blockstream.info
485856	0.31845712661743164	0.0899350643157959	electrum.blockstream.info
487872	0.3188750743865967	0.0900566577911377	electrum.blockstream.info
489888	0.3166787624359131	0.0915994644165039	electrum.blockstream.info
491904	0.31671762466430664	0.09034991264343262	electrum.blockstream.info
493920	0.47097110748291016	0.09088492393493652	electrum.blockstream.info
495936	0.472888708114624	0.09179806709289551	electrum.blockstream.info
497952	0.31928014755249023	0.09111309051513672	electrum.blockstream.info
499968	0.3171064853668213	0.09102559089660645	electrum.blockstream.info
501984	0.31699657440185547	0.09187531471252441	electrum.blockstream.info
504000	0.31719231605529785	0.09083747863769531	electrum.blockstream.info
506016	0.317246675491333	0.0900275707244873	electrum.blockstream.info
508032	0.3181803226470947	0.09040236473083496	electrum.blockstream.info
510048	0.3185114860534668	0.09056711196899414	electrum.blockstream.info
512064	0.3173375129699707	0.09045815467834473	electrum.blockstream.info
514080	0.3171520233154297	0.09090876579284668	electrum.blockstream.info
516096	0.31673312187194824	0.09072232246398926	electrum.blockstream.info
518112	0.317889928817749	0.09060120582580566	electrum.blockstream.info
520128	0.31729769706726074	0.09047389030456543	electrum.blockstream.info
522144	0.3173410892486572	0.0904691219329834	electrum.blockstream.info
524160	0.31662821769714355	0.09184527397155762	electrum.blockstream.info
526176	0.3169820308685303	0.09031057357788086	electrum.blockstream.info
528192	0.3178415298461914	0.09078669548034668	electrum.blockstream.info
530208	0.31675195693969727	0.09061503410339355	electrum.blockstream.info
532224	0.3168911933898926	0.09164047241210938	electrum.blockstream.info
534240	0.3679008483886719	0.09064102172851562	electrum.blockstream.info
536256	0.4700343608856201	0.09098625183105469	electrum.blockstream.info
538272	0.46983861923217773	0.09064483642578125	electrum.blockstream.info
540288	0.3174710273742676	0.0947260856628418	electrum.blockstream.info
542304	0.31716418266296387	0.09108567237854004	electrum.blockstream.info
544320	0.3182406425476074	0.09017443656921387	electrum.blockstream.info
546336	0.31879377365112305	0.09037399291992188	electrum.blockstream.info
548352	0.31859874725341797	0.08962774276733398	electrum.blockstream.info
550368	0.3182222843170166	0.09066390991210938	electrum.blockstream.info
552384	0.31696295738220215	0.08993339538574219	electrum.blockstream.info
554400	0.3166024684906006	0.08999872207641602	electrum.blockstream.info
556416	0.3169374465942383	0.09009313583374023	electrum.blockstream.info
558432	0.3174445629119873	0.08924031257629395	electrum.blockstream.info
560448	0.31723570823669434	0.0898737907409668	electrum.blockstream.info
562464	0.31878232955932617	0.09054970741271973	electrum.blockstream.info
564480	0.3183560371398926	0.08989214897155762	electrum.blockstream.info
566496	0.4720189571380615	0.09028172492980957	electrum.blockstream.info
568512	0.47054076194763184	0.09227633476257324	electrum.blockstream.info
570528	0.4734320640563965	0.12580323219299316	electrum.blockstream.info
572544	0.4708876609802246	0.08942890167236328	electrum.blockstream.info
574560	0.47000551223754883	0.09015989303588867	electrum.blockstream.info
576576	0.31709718704223633	0.08997774124145508	electrum.blockstream.info
578592	0.3179178237915039	0.09038448333740234	electrum.blockstream.info
580608	0.3170897960662842	0.09064507484436035	electrum.blockstream.info
582624	0.3169093132019043	0.09081768989562988	electrum.blockstream.info
584640	0.3171577453613281	0.09087061882019043	electrum.blockstream.info
586656	0.3177163600921631	0.09050989151000977	electrum.blockstream.info
588672	0.3182799816131592	0.09056520462036133	electrum.blockstream.info
590688	0.31697869300842285	0.0900418758392334	electrum.blockstream.info
592704	0.31838369369506836	0.09039855003356934	electrum.blockstream.info
594720	0.3184199333190918	0.0906670093536377	electrum.blockstream.info
596736	0.31913113594055176	0.09061455726623535	electrum.blockstream.info
598752	0.31835436820983887	0.09029483795166016	electrum.blockstream.info
600768	0.31860995292663574	0.0899498462677002	electrum.blockstream.info
602784	0.3179795742034912	0.09048700332641602	electrum.blockstream.info
604800	0.31800031661987305	0.0914607048034668	electrum.blockstream.info
606816	0.31768155097961426	0.0907285213470459	electrum.blockstream.info
608832	0.3181607723236084	0.09001326560974121	electrum.blockstream.info
610848	0.317934513092041	0.0918586254119873	electrum.blockstream.info
612864	0.31819915771484375	0.09031295776367188	electrum.blockstream.info
614880	0.31856703758239746	0.09201908111572266	electrum.blockstream.info
616896	0.31700611114501953	0.09071612358093262	electrum.blockstream.info
618912	0.31746935844421387	0.0907139778137207	electrum.blockstream.info
620928	0.31923484802246094	0.09045028686523438	electrum.blockstream.info
622944	0.31809425354003906	0.08984661102294922	electrum.blockstream.info
624960	0.31739211082458496	0.09180903434753418	electrum.blockstream.info
626976	0.31719970703125	0.08987116813659668	electrum.blockstream.info
628992	0.31726741790771484	0.09038615226745605	electrum.blockstream.info
631008	0.31745076179504395	0.09134578704833984	electrum.blockstream.info
633024	0.3174467086791992	0.09119796752929688	electrum.blockstream.info
635040	0.31679630279541016	0.09007835388183594	electrum.blockstream.info
637056	0.3198888301849365	0.09081053733825684	electrum.blockstream.info
639072	0.31701087951660156	0.08963441848754883	electrum.blockstream.info
641088	0.3171868324279785	0.09004855155944824	electrum.blockstream.info
643104	0.31716108322143555	0.09096026420593262	electrum.blockstream.info
645120	0.3171350955963135	0.09001541137695312	electrum.blockstream.info
647136	0.3190913200378418	0.09157705307006836	electrum.blockstream.info
649152	0.31700825691223145	0.09062957763671875	electrum.blockstream.info
651168	0.3168923854827881	0.0909733772277832	electrum.blockstream.info
653184	0.316561222076416	0.08973431587219238	electrum.blockstream.info
655200	0.3165144920349121	0.0903773307800293	electrum.blockstream.info
657216	0.31432247161865234	0.05926322937011719	electrum.blockstream.info
