1	0.7784736156463623	0.08510184288024902	electrum.blockstream.info
2016	0.3167746067047119	0.08645892143249512	electrum.blockstream.info
4032	0.3194770812988281	0.08567309379577637	electrum.blockstream.info
6048	0.3196280002593994	0.08851957321166992	electrum.blockstream.info
8064	0.31915998458862305	0.08678936958312988	electrum.blockstream.info
10080	0.3179662227630615	0.14520621299743652	electrum.blockstream.info
12096	0.31534647941589355	0.14384889602661133	electrum.blockstream.info
14112	0.4719974994659424	0.1437981128692627	electrum.blockstream.info
16128	0.3154933452606201	0.1435990333557129	electrum.blockstream.info
18144	0.46885108947753906	0.1443023681640625	electrum.blockstream.info
20160	0.46862173080444336	0.14550209045410156	electrum.blockstream.info
22176	0.4700438976287842	0.14394736289978027	electrum.blockstream.info
24192	0.4678196907043457	0.14510679244995117	electrum.blockstream.info
26208	0.31576013565063477	0.14492392539978027	electrum.blockstream.info
28224	0.31707119941711426	0.1444251537322998	electrum.blockstream.info
30240	0.3175511360168457	0.2974574565887451	electrum.blockstream.info
32256	0.47101306915283203	0.08752560615539551	electrum.blockstream.info
34272	0.31682825088500977	0.08686208724975586	electrum.blockstream.info
36288	0.3162825107574463	0.08660006523132324	electrum.blockstream.info
38304	0.3156280517578125	0.08601617813110352	electrum.blockstream.info
40320	0.3165605068206787	0.08654260635375977	electrum.blockstream.info
42336	0.3157510757446289	0.08666300773620605	electrum.blockstream.info
44352	0.3162720203399658	0.08681368827819824	electrum.blockstream.info
46368	0.3175482749938965	0.08551192283630371	electrum.blockstream.info
48384	0.3168647289276123	0.08599519729614258	electrum.blockstream.info
50400	0.3184354305267334	0.0859074592590332	electrum.blockstream.info
52416	0.3182992935180664	0.08551192283630371	electrum.blockstream.info
54432	0.3175492286682129	0.08564472198486328	electrum.blockstream.info
56448	0.31776881217956543	0.08649349212646484	electrum.blockstream.info
58464	0.3157186508178711	0.08629846572875977	electrum.blockstream.info
60480	0.3196680545806885	0.08625292778015137	electrum.blockstream.info
62496	0.3184695243835449	0.08689332008361816	electrum.blockstream.info
64512	0.31805849075317383	0.08606147766113281	electrum.blockstream.info
66528	0.3176751136779785	0.08596086502075195	electrum.blockstream.info
68544	0.31972217559814453	0.08547425270080566	electrum.blockstream.info
70560	0.31858181953430176	0.08621621131896973	electrum.blockstream.info
72576	0.31936049461364746	0.08735394477844238	electrum.blockstream.info
74592	0.3191092014312744	0.08661460876464844	electrum.blockstream.info
76608	0.3174893856048584	0.08673596382141113	electrum.blockstream.info
78624	0.31681180000305176	0.08637452125549316	electrum.blockstream.info
80640	0.31936120986938477	0.0855417251586914	electrum.blockstream.info
82656	0.31690144538879395	0.0859527587890625	electrum.blockstream.info
84672	0.31560468673706055	0.08596920967102051	electrum.blockstream.info
86688	0.3151578903198242	0.0896444320678711	electrum.blockstream.info
88704	0.31572556495666504	0.0854499340057373	electrum.blockstream.info
90720	0.31565356254577637	0.08591866493225098	electrum.blockstream.info
92736	0.3166637420654297	0.0852210521697998	electrum.blockstream.info
94752	0.3160707950592041	0.08559012413024902	electrum.blockstream.info
96768	0.3162727355957031	0.08553957939147949	electrum.blockstream.info
98784	0.31712841987609863	0.08498644828796387	electrum.blockstream.info
100800	0.3177483081817627	0.08599424362182617	electrum.blockstream.info
102816	0.31557488441467285	0.08608484268188477	electrum.blockstream.info
104832	0.316455602645874	0.08517622947692871	electrum.blockstream.info
106848	0.3170647621154785	0.0852961540222168	electrum.blockstream.info
108864	0.3167109489440918	0.08624625205993652	electrum.blockstream.info
110880	0.31681180000305176	0.08659768104553223	electrum.blockstream.info
112896	0.3170146942138672	0.08701348304748535	electrum.blockstream.info
114912	0.31695055961608887	0.087188720703125	electrum.blockstream.info
116928	0.31539344787597656	0.08753657341003418	electrum.blockstream.info
118944	0.4706122875213623	0.08750414848327637	electrum.blockstream.info
120960	0.3168489933013916	0.0870051383972168	electrum.blockstream.info
122976	0.3169572353363037	0.0862741470336914	electrum.blockstream.info
124992	0.31705498695373535	0.08667826652526855	electrum.blockstream.info
127008	0.31702589988708496	0.08613753318786621	electrum.blockstream.info
129024	0.32492995262145996	0.08545303344726562	electrum.blockstream.info
131040	0.31670618057250977	0.08623671531677246	electrum.blockstream.info
133056	0.4692528247833252	0.08654117584228516	electrum.blockstream.info
135072	0.4698030948638916	0.08693671226501465	electrum.blockstream.info
137088	0.46815919876098633	0.08669519424438477	electrum.blockstream.info
139104	0.4685859680175781	0.0856935977935791	electrum.blockstream.info
141120	0.4674985408782959	0.08497142791748047	electrum.blockstream.info
143136	0.3155550956726074	0.08623194694519043	electrum.blockstream.info
145152	0.31623077392578125	0.08520936965942383	electrum.blockstream.info
147168	0.31595540046691895	0.0857245922088623	electrum.blockstream.info
149184	0.3166201114654541	0.08572936058044434	electrum.blockstream.info
151200	0.31626105308532715	0.08582162857055664	electrum.blockstream.info
153216	0.31653380393981934	0.08602762222290039	electrum.blockstream.info
155232	0.3155553340911865	0.08543610572814941	electrum.blockstream.info
157248	0.31606054306030273	0.08579444885253906	electrum.blockstream.info
159264	0.3160417079925537	0.08592629432678223	electrum.blockstream.info
161280	0.3153817653656006	0.08605003356933594	electrum.blockstream.info
163296	0.31733155250549316	0.08698439598083496	electrum.blockstream.info
165312	0.3167424201965332	0.08621525764465332	electrum.blockstream.info
167328	0.3160362243652344	0.08565831184387207	electrum.blockstream.info
169344	0.3152163028717041	0.08775019645690918	electrum.blockstream.info
171360	0.3159360885620117	0.08761787414550781	electrum.blockstream.info
173376	0.3161487579345703	0.08662819862365723	electrum.blockstream.info
175392	0.31629180908203125	0.08716583251953125	electrum.blockstream.info
177408	0.31610584259033203	0.0867927074432373	electrum.blockstream.info
179424	0.31604528427124023	0.08690834045410156	electrum.blockstream.info
181440	0.31527113914489746	0.08719038963317871	electrum.blockstream.info
183456	0.3161585330963135	0.08675122261047363	electrum.blockstream.info
185472	0.31606411933898926	0.08729696273803711	electrum.blockstream.info
187488	0.31650876998901367	0.08670854568481445	electrum.blockstream.info
189504	0.31534361839294434	0.08663654327392578	electrum.blockstream.info
191520	0.31504154205322266	0.08702802658081055	electrum.blockstream.info
193536	0.3162064552307129	0.08693575859069824	electrum.blockstream.info
195552	0.3154473304748535	0.08745527267456055	electrum.blockstream.info
197568	0.3151109218597412	0.08786821365356445	electrum.blockstream.info
199584	0.31540703773498535	0.08717894554138184	electrum.blockstream.info
201600	0.3152623176574707	0.08765196800231934	electrum.blockstream.info
203616	0.3175942897796631	0.08746933937072754	electrum.blockstream.info
205632	0.31578707695007324	0.08681154251098633	electrum.blockstream.info
207648	0.31890344619750977	0.08660602569580078	electrum.blockstream.info
209664	0.31963276863098145	0.08690977096557617	electrum.blockstream.info
211680	0.31679582595825195	0.08691048622131348	electrum.blockstream.info
213696	0.31542134284973145	0.08730077743530273	electrum.blockstream.info
215712	0.3160884380340576	0.08817505836486816	electrum.blockstream.info
217728	0.31586265563964844	0.08734583854675293	electrum.blockstream.info
219744	0.31522512435913086	0.0870368480682373	electrum.blockstream.info
221760	0.3157773017883301	0.0879364013671875	electrum.blockstream.info
223776	0.31577038764953613	0.08745431900024414	electrum.blockstream.info
225792	0.3165609836578369	0.08743643760681152	electrum.blockstream.info
227808	0.3173866271972656	0.08793401718139648	electrum.blockstream.info
229824	0.3166999816894531	0.08785200119018555	electrum.blockstream.info
231840	0.31621789932250977	0.08696365356445312	electrum.blockstream.info
233856	0.3152947425842285	0.08650398254394531	electrum.blockstream.info
235872	0.3169670104980469	0.0868220329284668	electrum.blockstream.info
237888	0.4686868190765381	0.08679485321044922	electrum.blockstream.info
239904	0.3172612190246582	0.08675694465637207	electrum.blockstream.info
241920	0.31712818145751953	0.08819890022277832	electrum.blockstream.info
243936	0.3165445327758789	0.08785200119018555	electrum.blockstream.info
245952	0.3155055046081543	0.08838319778442383	electrum.blockstream.info
247968	0.31602025032043457	0.08890700340270996	electrum.blockstream.info
249984	0.3173182010650635	0.08753752708435059	electrum.blockstream.info
252000	0.31569671630859375	0.08685803413391113	electrum.blockstream.info
254016	0.31548595428466797	0.08814072608947754	electrum.blockstream.info
256032	0.3149685859680176	0.08851742744445801	electrum.blockstream.info
258048	0.3149583339691162	0.0888369083404541	electrum.blockstream.info
260064	0.3147740364074707	0.08800387382507324	electrum.blockstream.info
262080	0.4681589603424072	0.08795738220214844	electrum.blockstream.info
264096	0.4705781936645508	0.08783793449401855	electrum.blockstream.info
266112	0.3154568672180176	0.08702683448791504	electrum.blockstream.info
268128	0.3157331943511963	0.08734583854675293	electrum.blockstream.info
270144	0.3166539669036865	0.08774209022521973	electrum.blockstream.info
272160	0.31534790992736816	0.08725619316101074	electrum.blockstream.info
274176	0.3161928653717041	0.08645510673522949	electrum.blockstream.info
276192	0.31534504890441895	0.08632946014404297	electrum.blockstream.info
278208	0.31671857833862305	0.08669161796569824	electrum.blockstream.info
280224	0.3183779716491699	0.08614420890808105	electrum.blockstream.info
282240	0.31536054611206055	0.08756470680236816	electrum.blockstream.info
284256	0.31514644622802734	0.08744525909423828	electrum.blockstream.info
286272	0.31533360481262207	0.0864248275756836	electrum.blockstream.info
288288	0.31601548194885254	0.08799290657043457	electrum.blockstream.info
290304	0.3155944347381592	0.08889961242675781	electrum.blockstream.info
292320	0.3163154125213623	0.08890271186828613	electrum.blockstream.info
294336	0.3168487548828125	0.0886683464050293	electrum.blockstream.info
296352	0.31501340866088867	0.08818483352661133	electrum.blockstream.info
298368	0.31469011306762695	0.08840513229370117	electrum.blockstream.info
300384	0.3151283264160156	0.08805394172668457	electrum.blockstream.info
302400	0.3165929317474365	0.08750152587890625	electrum.blockstream.info
304416	0.3151707649230957	0.08739089965820312	electrum.blockstream.info
306432	0.31557750701904297	0.08773279190063477	electrum.blockstream.info
308448	0.3150217533111572	0.08753252029418945	electrum.blockstream.info
310464	0.31535935401916504	0.08764815330505371	electrum.blockstream.info
312480	0.3156089782714844	0.08690881729125977	electrum.blockstream.info
314496	0.31529831886291504	0.0872187614440918	electrum.blockstream.info
316512	0.31540369987487793	0.08775782585144043	electrum.blockstream.info
318528	0.31507444381713867	0.08708596229553223	electrum.blockstream.info
320544	0.3155062198638916	0.08707284927368164	electrum.blockstream.info
322560	0.3163876533508301	0.0875084400177002	electrum.blockstream.info
324576	0.31731104850769043	0.08688592910766602	electrum.blockstream.info
326592	0.3154759407043457	0.0872659683227539	electrum.blockstream.info
328608	0.31524085998535156	0.08691930770874023	electrum.blockstream.info
330624	0.31504011154174805	0.08778238296508789	electrum.blockstream.info
332640	0.3158450126647949	0.08653783798217773	electrum.blockstream.info
334656	0.31719088554382324	0.08929085731506348	electrum.blockstream.info
336672	0.31675195693969727	0.08700275421142578	electrum.blockstream.info
338688	0.31526756286621094	0.08720612525939941	electrum.blockstream.info
340704	0.31522440910339355	0.08702898025512695	electrum.blockstream.info
342720	0.3151969909667969	0.08682703971862793	electrum.blockstream.info
344736	0.31533098220825195	0.0870356559753418	electrum.blockstream.info
346752	0.3152046203613281	0.0880286693572998	electrum.blockstream.info
348768	0.3152430057525635	0.0875089168548584	electrum.blockstream.info
350784	0.31513524055480957	0.08694863319396973	electrum.blockstream.info
352800	0.4686295986175537	0.08739328384399414	electrum.blockstream.info
354816	0.46808600425720215	0.08710455894470215	electrum.blockstream.info
356832	0.3157382011413574	0.08685064315795898	electrum.blockstream.info
358848	0.3158760070800781	0.0872964859008789	electrum.blockstream.info
360864	0.3154182434082031	0.0873560905456543	electrum.blockstream.info
362880	0.31572794914245605	0.08669424057006836	electrum.blockstream.info
364896	0.31716489791870117	0.08672571182250977	electrum.blockstream.info
366912	0.3159470558166504	0.08892178535461426	electrum.blockstream.info
368928	0.3154740333557129	0.08685541152954102	electrum.blockstream.info
370944	0.31615710258483887	0.08665680885314941	electrum.blockstream.info
372960	0.3151438236236572	0.0895688533782959	electrum.blockstream.info
374976	0.3157353401184082	0.0873868465423584	electrum.blockstream.info
376992	0.3158743381500244	0.0881643295288086	electrum.blockstream.info
379008	0.31566858291625977	0.08761787414550781	electrum.blockstream.info
381024	0.3169541358947754	0.08773946762084961	electrum.blockstream.info
383040	0.3167243003845215	0.08820867538452148	electrum.blockstream.info
385056	0.31665921211242676	0.08796334266662598	electrum.blockstream.info
387072	0.3156452178955078	0.08725881576538086	electrum.blockstream.info
389088	0.31529903411865234	0.08774137496948242	electrum.blockstream.info
391104	0.47087860107421875	0.08686184883117676	electrum.blockstream.info
393120	0.47014570236206055	0.08603858947753906	electrum.blockstream.info
395136	0.4684567451477051	0.08733940124511719	electrum.blockstream.info
397152	0.3159172534942627	0.08809804916381836	electrum.blockstream.info
399168	0.3177821636199951	0.08815813064575195	electrum.blockstream.info
401184	0.31767797470092773	0.08802604675292969	electrum.blockstream.info
403200	0.31565213203430176	0.08837676048278809	electrum.blockstream.info
405216	0.31557703018188477	0.08871293067932129	electrum.blockstream.info
407232	0.3155848979949951	0.08784890174865723	electrum.blockstream.info
409248	0.3159217834472656	0.08911824226379395	electrum.blockstream.info
411264	0.3155229091644287	0.08889651298522949	electrum.blockstream.info
413280	0.31516432762145996	0.08731484413146973	electrum.blockstream.info
415296	0.31547975540161133	0.08730196952819824	electrum.blockstream.info
417312	0.3158442974090576	0.08786129951477051	electrum.blockstream.info
419328	0.31559205055236816	0.09335064888000488	electrum.blockstream.info
421344	0.3157193660736084	0.08775806427001953	electrum.blockstream.info
423360	0.31562256813049316	0.08776140213012695	electrum.blockstream.info
425376	0.3160550594329834	0.08612680435180664	electrum.blockstream.info
427392	0.31520915031433105	0.08690881729125977	electrum.blockstream.info
429408	0.31629061698913574	0.08593487739562988	electrum.blockstream.info
431424	0.31542301177978516	0.08588743209838867	electrum.blockstream.info
433440	0.3168911933898926	0.0866248607635498	electrum.blockstream.info
435456	0.31630897521972656	0.0871434211730957	electrum.blockstream.info
437472	0.3159608840942383	0.08629155158996582	electrum.blockstream.info
439488	0.31623315811157227	0.08907079696655273	electrum.blockstream.info
441504	0.3191184997558594	0.08677911758422852	electrum.blockstream.info
443520	0.3172488212585449	0.08675146102905273	electrum.blockstream.info
445536	0.3165562152862549	0.08765053749084473	electrum.blockstream.info
447552	0.3174278736114502	0.08694171905517578	electrum.blockstream.info
449568	0.31891798973083496	0.08620738983154297	electrum.blockstream.info
451584	0.31595540046691895	0.08767271041870117	electrum.blockstream.info
453600	0.3170053958892822	0.08651161193847656	electrum.blockstream.info
455616	0.3164968490600586	0.0869593620300293	electrum.blockstream.info
457632	0.31559252738952637	0.08696627616882324	electrum.blockstream.info
459648	0.315645694732666	0.08691549301147461	electrum.blockstream.info
461664	0.32094717025756836	0.08780312538146973	electrum.blockstream.info
463680	0.316943883895874	0.08797144889831543	electrum.blockstream.info
465696	0.31876277923583984	0.08744692802429199	electrum.blockstream.info
467712	0.31580114364624023	0.08833765983581543	electrum.blockstream.info
469728	0.3173975944519043	0.08773255348205566	electrum.blockstream.info
471744	0.31911396980285645	0.08861637115478516	electrum.blockstream.info
473760	0.31975269317626953	0.08740377426147461	electrum.blockstream.info
475776	0.31934189796447754	0.08855557441711426	electrum.blockstream.info
477792	0.3174295425415039	0.08891034126281738	electrum.blockstream.info
479808	0.3223574161529541	0.0887746810913086	electrum.blockstream.info
481824	0.31650853157043457	0.08898019790649414	electrum.blockstream.info
483840	0.3185732364654541	0.08830499649047852	electrum.blockstream.info
485856	0.31595444679260254	0.09003829956054688	electrum.blockstream.info
487872	0.31534552574157715	0.09016084671020508	electrum.blockstream.info
489888	0.31566452980041504	0.09093642234802246	electrum.blockstream.info
491904	0.31614136695861816	0.08984637260437012	electrum.blockstream.info
493920	0.4695446491241455	0.0894167423248291	electrum.blockstream.info
495936	0.31665968894958496	0.0902249813079834	electrum.blockstream.info
497952	0.3170590400695801	0.08965682983398438	electrum.blockstream.info
499968	0.3169238567352295	0.08985519409179688	electrum.blockstream.info
501984	0.3185000419616699	0.08923101425170898	electrum.blockstream.info
504000	0.319472074508667	0.08965635299682617	electrum.blockstream.info
506016	0.3195509910583496	0.08800029754638672	electrum.blockstream.info
508032	0.3198671340942383	0.08887529373168945	electrum.blockstream.info
510048	0.319446325302124	0.0899503231048584	electrum.blockstream.info
512064	0.3196530342102051	0.0888676643371582	electrum.blockstream.info
514080	0.31764912605285645	0.08768749237060547	electrum.blockstream.info
516096	0.3172619342803955	0.08834671974182129	electrum.blockstream.info
518112	0.46887969970703125	0.08846640586853027	electrum.blockstream.info
520128	0.4686751365661621	0.08782267570495605	electrum.blockstream.info
522144	0.3171858787536621	0.0894479751586914	electrum.blockstream.info
524160	0.3172495365142822	0.08870220184326172	electrum.blockstream.info
526176	0.3170342445373535	0.08959054946899414	electrum.blockstream.info
528192	0.3173553943634033	0.0891573429107666	electrum.blockstream.info
530208	0.3159823417663574	0.08824515342712402	electrum.blockstream.info
532224	0.31577467918395996	0.08851122856140137	electrum.blockstream.info
534240	0.31722021102905273	0.08822464942932129	electrum.blockstream.info
536256	0.3158855438232422	0.08826828002929688	electrum.blockstream.info
538272	0.3165323734283447	0.08802914619445801	electrum.blockstream.info
540288	0.31707000732421875	0.08889079093933105	electrum.blockstream.info
542304	0.31668925285339355	0.08873820304870605	electrum.blockstream.info
544320	0.3153350353240967	0.0902872085571289	electrum.blockstream.info
546336	0.31569623947143555	0.08886289596557617	electrum.blockstream.info
548352	0.31618690490722656	0.08816719055175781	electrum.blockstream.info
550368	0.3155021667480469	0.08822894096374512	electrum.blockstream.info
552384	0.3155026435852051	0.08889627456665039	electrum.blockstream.info
554400	0.31629300117492676	0.08766889572143555	electrum.blockstream.info
556416	0.31621861457824707	0.08832645416259766	electrum.blockstream.info
558432	0.31561946868896484	0.08763957023620605	electrum.blockstream.info
560448	0.31790685653686523	0.08790755271911621	electrum.blockstream.info
562464	0.31607937812805176	0.0887289047241211	electrum.blockstream.info
564480	0.3153953552246094	0.0887606143951416	electrum.blockstream.info
566496	0.3159160614013672	0.08818912506103516	electrum.blockstream.info
568512	0.3167111873626709	0.08875155448913574	electrum.blockstream.info
570528	0.3160545825958252	0.08895134925842285	electrum.blockstream.info
572544	0.31568193435668945	0.08837723731994629	electrum.blockstream.info
574560	0.31634521484375	0.0886685848236084	electrum.blockstream.info
576576	0.31609678268432617	0.08855557441711426	electrum.blockstream.info
578592	0.3175938129425049	0.08836817741394043	electrum.blockstream.info
580608	0.3165445327758789	0.08838510513305664	electrum.blockstream.info
582624	0.31606006622314453	0.08819293975830078	electrum.blockstream.info
584640	0.31670260429382324	0.08767032623291016	electrum.blockstream.info
586656	0.3175232410430908	0.08731460571289062	electrum.blockstream.info
588672	0.3176391124725342	0.08785247802734375	electrum.blockstream.info
590688	0.31922197341918945	0.08742547035217285	electrum.blockstream.info
592704	0.3182966709136963	0.08767938613891602	electrum.blockstream.info
594720	0.31876444816589355	0.08784103393554688	electrum.blockstream.info
596736	0.318697452545166	0.0882115364074707	electrum.blockstream.info
598752	0.3187112808227539	0.08764100074768066	electrum.blockstream.info
600768	0.3176136016845703	0.08638429641723633	electrum.blockstream.info
602784	0.31728315353393555	0.08736848831176758	electrum.blockstream.info
604800	0.31692004203796387	0.08675742149353027	electrum.blockstream.info
606816	0.4691803455352783	0.0865788459777832	electrum.blockstream.info
608832	0.47051525115966797	0.08705306053161621	electrum.blockstream.info
610848	0.31583309173583984	0.08755779266357422	electrum.blockstream.info
612864	0.31586265563964844	0.08922147750854492	electrum.blockstream.info
614880	0.31696128845214844	0.08694005012512207	electrum.blockstream.info
616896	0.31933116912841797	0.08713626861572266	electrum.blockstream.info
618912	0.3158450126647949	0.08718037605285645	electrum.blockstream.info
620928	0.3155217170715332	0.08672881126403809	electrum.blockstream.info
622944	0.31627631187438965	0.08928322792053223	electrum.blockstream.info
624960	0.31682825088500977	0.08695387840270996	electrum.blockstream.info
626976	0.3169703483581543	0.08819770812988281	electrum.blockstream.info
628992	0.31739068031311035	0.0866086483001709	electrum.blockstream.info
631008	0.3159646987915039	0.08653688430786133	electrum.blockstream.info
633024	0.3187978267669678	0.08678412437438965	electrum.blockstream.info
635040	0.31891512870788574	0.08679699897766113	electrum.blockstream.info
637056	0.31670641899108887	0.0863347053527832	electrum.blockstream.info
639072	0.3153200149536133	0.08667564392089844	electrum.blockstream.info
641088	0.3152163028717041	0.08675479888916016	electrum.blockstream.info
643104	0.3159449100494385	0.08629822731018066	electrum.blockstream.info
645120	0.4698772430419922	0.08664846420288086	electrum.blockstream.info
647136	0.46965742111206055	0.08636879920959473	electrum.blockstream.info
649152	0.470123291015625	0.08697104454040527	electrum.blockstream.info
651168	0.4694094657897949	0.08755302429199219	electrum.blockstream.info
653184	0.31708669662475586	0.0869913101196289	electrum.blockstream.info
655200	0.3164985179901123	0.08744311332702637	electrum.blockstream.info
657216	0.3139967918395996	0.05707502365112305	electrum.blockstream.info
